5.02026e-06	2.07431e-06	1.8509e-06	1.5071e-06	1.33719e-06	1.15616e-06	9.43927e-07	6.89488e-07	5.37256e-07	4.33381e-07	3.40545e-07	2.44955e-07	1.91609e-07	1.44439e-07	8.71158e-08	4.58185e-08	6.89551e-09
5.10001e-06	2.12362e-06	1.88413e-06	1.53453e-06	1.35841e-06	1.17091e-06	9.55382e-07	6.96138e-07	5.40059e-07	4.37487e-07	3.43744e-07	2.49899e-07	1.93675e-07	1.48161e-07	9.15842e-08	4.88861e-08	9.23166e-09
5.23452e-06	2.20199e-06	1.94354e-06	1.57776e-06	1.39353e-06	1.20144e-06	9.75134e-07	7.07592e-07	5.4828e-07	4.41061e-07	3.47393e-07	2.49141e-07	1.95886e-07	1.46494e-07	8.80733e-08	4.45292e-08	4.93787e-09
5.40305e-06	2.29067e-06	2.00976e-06	1.62637e-06	1.43307e-06	1.23148e-06	9.9851e-07	7.24333e-07	5.5703e-07	4.48135e-07	3.52474e-07	2.54628e-07	1.99215e-07	1.4918e-07	9.12535e-08	4.75337e-08	9.24406e-09
5.60244e-06	2.39732e-06	2.09194e-06	1.68801e-06	1.48238e-06	1.27165e-06	1.02768e-06	7.4395e-07	5.74728e-07	4.64183e-07	3.65143e-07	2.6244e-07	2.03839e-07	1.53991e-07	9.37232e-08	4.94569e-08	8.4491e-09
5.72967e-06	2.48429e-06	2.14844e-06	1.73267e-06	1.51699e-06	1.30072e-06	1.0469e-06	7.54401e-07	5.82165e-07	4.68023e-07	3.65424e-07	2.62572e-07	2.05261e-07	1.54038e-07	9.25589e-08	4.97462e-08	9.44659e-09
5.80355e-06	2.51305e-06	2.16687e-06	1.74306e-06	1.52344e-06	1.30305e-06	1.04841e-06	7.55841e-07	5.80915e-07	4.6748e-07	3.64527e-07	2.64265e-07	2.06183e-07	1.5453e-07	9.39607e-08	4.99356e-08	1.12778e-08
5.71966e-06	2.45754e-06	2.11352e-06	1.69844e-06	1.48391e-06	1.26858e-06	1.01774e-06	7.32135e-07	5.61621e-07	4.51148e-07	3.50565e-07	2.52305e-07	1.96683e-07	1.46139e-07	8.94693e-08	4.81194e-08	8.72717e-09
5.59005e-06	2.36443e-06	2.03769e-06	1.63407e-06	1.42756e-06	1.21969e-06	9.80626e-07	7.03453e-07	5.40504e-07	4.34527e-07	3.38554e-07	2.42984e-07	1.89649e-07	1.41239e-07	8.57435e-08	4.62755e-08	9.85122e-09
5.53738e-06	2.30816e-06	1.99817e-06	1.60105e-06	1.40181e-06	1.1968e-06	9.64865e-07	6.92119e-07	5.33127e-07	4.28416e-07	3.35173e-07	2.39076e-07	1.87535e-07	1.3828e-07	8.39985e-08	4.39631e-08	6.92094e-09
5.58707e-06	2.31635e-06	2.00749e-06	1.6081e-06	1.4088e-06	1.20302e-06	9.69714e-07	6.9878e-07	5.36285e-07	4.31711e-07	3.37089e-07	2.42782e-07	1.89042e-07	1.42338e-07	8.58951e-08	4.46841e-08	6.41592e-09
5.84152e-06	2.44007e-06	2.1097e-06	1.68613e-06	1.47552e-06	1.25908e-06	1.01545e-06	7.29943e-07	5.61003e-07	4.52018e-07	3.52998e-07	2.54421e-07	1.97661e-07	1.49199e-07	8.93958e-08	4.20582e-08	1.60402e-09
6.19164e-06	2.65393e-06	2.27017e-06	1.81129e-06	1.57829e-06	1.345e-06	1.07955e-06	7.74299e-07	5.92725e-07	4.76926e-07	3.70712e-07	2.67075e-07	2.0783e-07	1.54976e-07	9.35337e-08	4.75751e-08	8.2344e-09
6.55675e-06	2.87802e-06	2.43368e-06	1.93862e-06	1.68352e-06	1.43277e-06	1.14294e-06	8.16906e-07	6.24163e-07	4.99394e-07	3.86976e-07	2.77653e-07	2.14113e-07	1.59021e-07	9.60368e-08	5.05949e-08	9.78807e-09
6.91676e-06	3.06464e-06	2.57145e-06	2.04206e-06	1.76697e-06	1.50029e-06	1.19398e-06	8.49478e-07	6.45495e-07	5.14373e-07	3.95337e-07	2.80495e-07	2.16916e-07	1.60095e-07	9.47612e-08	4.66796e-08	4.53409e-09
7.22511e-06	3.22098e-06	2.68266e-06	2.125e-06	1.83444e-06	1.55409e-06	1.232e-06	8.74511e-07	6.63934e-07	5.28468e-07	4.06729e-07	2.90081e-07	2.22979e-07	1.64301e-07	9.79565e-08	4.88898e-08	5.99914e-09
7.49161e-06	3.35606e-06	2.7778e-06	2.19536e-06	1.89188e-06	1.60069e-06	1.2642e-06	8.94595e-07	6.77684e-07	5.37257e-07	4.12061e-07	2.92751e-07	2.25751e-07	1.65888e-07	9.78025e-08	4.86739e-08	8.15863e-09
7.71404e-06	3.47862e-06	2.86507e-06	2.2625e-06	1.94573e-06	1.64609e-06	1.29785e-06	9.17734e-07	6.94362e-07	5.50213e-07	4.21763e-07	3.00194e-07	2.30317e-07	1.71251e-07	1.01854e-07	5.25119e-08	1.28186e-08
7.97008e-06	3.60103e-06	2.95767e-06	2.33356e-06	2.00412e-06	1.69308e-06	1.33154e-06	9.41916e-07	7.10942e-07	5.63389e-07	4.30713e-07	3.08533e-07	2.29382e-07	1.7352e-07	9.51401e-08	5.03296e-08	9.28288e-09
8.30638e-06	3.75383e-06	3.07412e-06	2.42168e-06	2.08114e-06	1.75654e-06	1.37979e-06	9.72922e-07	7.33304e-07	5.79856e-07	4.43243e-07	3.16128e-07	2.3804e-07	1.78012e-07	1.01718e-07	5.49381e-08	1.26673e-08
8.6765e-06	3.94515e-06	3.22347e-06	2.53617e-06	2.17537e-06	1.83632e-06	1.43947e-06	1.01312e-06	7.63627e-07	6.01591e-07	4.6052e-07	3.2752e-07	2.49457e-07	1.81978e-07	1.07161e-07	5.59232e-08	1.15307e-08
8.98156e-06	4.12523e-06	3.35993e-06	2.64312e-06	2.26372e-06	1.90979e-06	1.49357e-06	1.04885e-06	7.89341e-07	6.19651e-07	4.72468e-07	3.35438e-07	2.53119e-07	1.83632e-07	1.08095e-07	5.3271e-08	7.89341e-09
9.24959e-06	4.28053e-06	3.48186e-06	2.73793e-06	2.34373e-06	1.97597e-06	1.54386e-06	1.08614e-06	8.16351e-07	6.4283e-07	4.90995e-07	3.50539e-07	2.66236e-07	1.93715e-07	1.16977e-07	5.78191e-08	1.18846e-08
9.28608e-06	4.31987e-06	3.51056e-06	2.7603e-06	2.3605e-06	1.99427e-06	1.55478e-06	1.0908e-06	8.17272e-07	6.43449e-07	4.89479e-07	3.46839e-07	2.62106e-07	1.89447e-07	1.10548e-07	5.48006e-08	8.7398e-09
9.04485e-06	4.18097e-06	3.41054e-06	2.68321e-06	2.29845e-06	1.93871e-06	1.51652e-06	1.06474e-06	7.99856e-07	6.28874e-07	4.78188e-07	3.39425e-07	2.57609e-07	1.85102e-07	1.07884e-07	5.4068e-08	7.75468e-09
8.71012e-06	3.97023e-06	3.25811e-06	2.56478e-06	2.20155e-06	1.85775e-06	1.45803e-06	1.02724e-06	7.7202e-07	6.11054e-07	4.64864e-07	3.31582e-07	2.5036e-07	1.82538e-07	1.08086e-07	5.47753e-08	8.77769e-09
8.45552e-06	3.79777e-06	3.12885e-06	2.46449e-06	2.12042e-06	1.79109e-06	1.40794e-06	9.94064e-07	7.51585e-07	5.93107e-07	4.53674e-07	3.23903e-07	2.46053e-07	1.78838e-07	1.06153e-07	5.45985e-08	9.53548e-09
8.36015e-06	3.71296e-06	3.06389e-06	2.41183e-06	2.07703e-06	1.7521e-06	1.38225e-06	9.76976e-07	7.40067e-07	5.8683e-07	4.50883e-07	3.23777e-07	2.47076e-07	1.82159e-07	1.0926e-07	5.51921e-08	7.64101e-09
8.41236e-06	3.69399e-06	3.04704e-06	2.39288e-06	2.06134e-06	1.7393e-06	1.36809e-06	9.67227e-07	7.32003e-07	5.79338e-07	4.46135e-07	3.19146e-07	2.42132e-07	1.78808e-07	1.05027e-07	5.40793e-08	1.10508e-08
8.5267e-06	3.72106e-06	3.05754e-06	2.39767e-06	2.05978e-06	1.73733e-06	1.36607e-06	9.64637e-07	7.32211e-07	5.80944e-07	4.45945e-07	3.21049e-07	2.45712e-07	1.80429e-07	1.06153e-07	5.49142e-08	9.15658e-09
8.69361e-06	3.73486e-06	3.06452e-06	2.39322e-06	2.05979e-06	1.73392e-06	1.36317e-06	9.60432e-07	7.27444e-07	5.77747e-07	4.4467e-07	3.19348e-07	2.44973e-07	1.81094e-07	1.10268e-07	5.81081e-08	1.12781e-08
8.80954e-06	3.73288e-06	3.05049e-06	2.37434e-06	2.04475e-06	1.71975e-06	1.34882e-06	9.49382e-07	7.16438e-07	5.68185e-07	4.35743e-07	3.10841e-07	2.38425e-07	1.74636e-07	1.04797e-07	5.47978e-08	1.11515e-08
8.82931e-06	3.69499e-06	3.01444e-06	2.34523e-06	2.0148e-06	1.69139e-06	1.3279e-06	9.31308e-07	7.02324e-07	5.5658e-07	4.26459e-07	3.05481e-07	2.32887e-07	1.69601e-07	1.01301e-07	5.34857e-08	1.28568e-08
8.74326e-06	3.6101e-06	2.9503e-06	2.29226e-06	1.97318e-06	1.65698e-06	1.30078e-06	9.14059e-07	6.91761e-07	5.46576e-07	4.20133e-07	3.02657e-07	2.32755e-07	1.70367e-07	1.01412e-07	5.29792e-08	1.24397e-08
8.48549e-06	3.50182e-06	2.86127e-06	2.22565e-06	1.91694e-06	1.61296e-06	1.26955e-06	8.96141e-07	6.7938e-07	5.39642e-07	4.15753e-07	3.00881e-07	2.33027e-07	1.73128e-07	1.0641e-07	5.84462e-08	1.49146e-08
8.18971e-06	3.34179e-06	2.73988e-06	2.13146e-06	1.83939e-06	1.54827e-06	1.22262e-06	8.64761e-07	6.57856e-07	5.23438e-07	4.05463e-07	2.92792e-07	2.26479e-07	1.68249e-07	1.01167e-07	5.34817e-08	1.17445e-08
7.92528e-06	3.1699e-06	2.61197e-06	2.03016e-06	1.7565e-06	1.47844e-06	1.17157e-06	8.30673e-07	6.32782e-07	5.05291e-07	3.92752e-07	2.83584e-07	2.19876e-07	1.64175e-07	9.96212e-08	5.36053e-08	1.22743e-08
7.71459e-06	3.03141e-06	2.50809e-06	1.95314e-06	1.6948e-06	1.42821e-06	1.13373e-06	8.0737e-07	6.17227e-07	4.94242e-07	3.85488e-07	2.796e-07	2.18834e-07	1.63194e-07	9.59236e-08	5.04748e-08	1.01909e-08
7.55001e-06	2.90711e-06	2.41555e-06	1.88241e-06	1.63779e-06	1.38234e-06	1.10127e-06	7.84334e-07	6.00149e-07	4.81778e-07	3.76237e-07	2.72123e-07	2.12269e-07	1.60041e-07	9.61082e-08	5.01566e-08	9.11708e-09
7.37835e-06	2.77774e-06	2.32436e-06	1.81109e-06	1.58051e-06	1.33493e-06	1.06815e-06	7.63714e-07	5.8708e-07	4.73293e-07	3.72222e-07	2.68121e-07	2.10312e-07	1.58337e-07	9.42141e-08	4.76184e-08	6.02334e-09
7.16745e-06	2.65866e-06	2.23751e-06	1.74468e-06	1.52719e-06	1.29049e-06	1.03631e-06	7.4457e-07	5.74519e-07	4.62797e-07	3.63805e-07	2.6581e-07	2.0911e-07	1.56943e-07	9.42441e-08	4.92499e-08	6.09941e-09
6.94415e-06	2.5494e-06	2.16049e-06	1.68695e-06	1.48043e-06	1.25189e-06	1.00705e-06	7.24062e-07	5.59453e-07	4.5267e-07	3.56519e-07	2.59799e-07	2.05334e-07	1.54544e-07	9.28171e-08	4.84669e-08	8.23357e-09
6.74158e-06	2.45089e-06	2.09196e-06	1.63846e-06	1.44312e-06	1.22339e-06	9.9063e-07	7.14363e-07	5.55842e-07	4.49639e-07	3.55875e-07	2.61062e-07	2.06029e-07	1.57663e-07	9.75527e-08	5.3051e-08	1.32343e-08
6.52971e-06	2.35433e-06	2.02641e-06	1.58995e-06	1.40331e-06	1.19187e-06	9.65879e-07	6.98212e-07	5.44868e-07	4.42264e-07	3.5004e-07	2.60936e-07	2.06079e-07	1.59065e-07	1.01594e-07	5.61196e-08	1.69344e-08
6.27665e-06	2.25227e-06	1.95647e-06	1.54089e-06	1.36511e-06	1.16177e-06	9.43489e-07	6.84599e-07	5.3474e-07	4.35318e-07	3.46391e-07	2.5423e-07	2.0349e-07	1.57271e-07	9.9851e-08	5.66247e-08	1.77047e-08
6.01196e-06	2.14276e-06	1.87715e-06	1.48197e-06	1.31653e-06	1.11931e-06	9.12449e-07	6.62853e-07	5.17503e-07	4.20973e-07	3.35329e-07	2.46148e-07	1.97063e-07	1.50212e-07	9.43451e-08	5.12957e-08	1.14916e-08
5.78116e-06	2.06089e-06	1.81717e-06	1.43969e-06	1.28109e-06	1.09205e-06	8.94131e-07	6.5124e-07	5.09193e-07	4.15989e-07	3.30299e-07	2.43623e-07	1.93631e-07	1.48449e-07	9.10319e-08	4.91969e-08	9.06657e-09
5.60626e-06	1.98015e-06	1.75919e-06	1.39717e-06	1.24531e-06	1.06498e-06	8.72307e-07	6.36154e-07	4.9923e-07	4.08536e-07	3.25837e-07	2.39007e-07	1.9063e-07	1.47544e-07	9.08827e-08	4.88446e-08	1.10999e-08
5.45708e-06	1.90078e-06	1.69939e-06	1.35234e-06	1.20775e-06	1.03262e-06	8.49072e-07	6.21821e-07	4.89001e-07	4.00189e-07	3.2076e-07	2.35888e-07	1.89266e-07	1.47279e-07	9.21328e-08	5.18121e-08	1.5065e-08
5.33444e-06	1.82973e-06	1.64025e-06	1.30588e-06	1.17009e-06	1.00186e-06	8.26094e-07	6.05238e-07	4.74328e-07	3.90873e-07	3.131e-07	2.3169e-07	1.86761e-07	1.44068e-07	8.95166e-08	4.83003e-08	1.02788e-08
5.26617e-06	1.76366e-06	1.59423e-06	1.2667e-06	1.13946e-06	9.75186e-07	8.04003e-07	5.90731e-07	4.64743e-07	3.82207e-07	3.062e-07	2.2566e-07	1.80844e-07	1.39336e-07	8.56295e-08	4.6319e-08	7.72825e-09
5.22752e-06	1.72229e-06	1.56142e-06	1.23771e-06	1.11448e-06	9.54769e-07	7.8737e-07	5.79602e-07	4.55186e-07	3.74271e-07	3.00376e-07	2.23186e-07	1.78524e-07	1.38394e-07	8.77971e-08	4.93724e-08	1.51527e-08
5.2547e-06	1.7072e-06	1.5426e-06	1.22106e-06	1.09933e-06	9.39857e-07	7.78809e-07	5.71975e-07	4.49605e-07	3.72301e-07	2.98773e-07	2.21784e-07	1.80392e-07	1.40895e-07	8.88451e-08	4.81476e-08	1.15034e-08
5.3101e-06	1.7064e-06	1.53203e-06	1.20962e-06	1.08783e-06	9.29769e-07	7.69774e-07	5.64852e-07	4.43217e-07	3.69539e-07	2.93866e-07	2.19102e-07	1.7689e-07	1.3882e-07	8.82368e-08	4.92954e-08	1.20966e-08
5.42331e-06	1.71323e-06	1.52691e-06	1.20179e-06	1.0795e-06	9.21084e-07	7.61105e-07	5.56908e-07	4.37056e-07	3.60489e-07	2.88757e-07	2.1195e-07	1.7157e-07	1.347e-07	8.31334e-08	4.52032e-08	9.87399e-09
5.57227e-06	1.72327e-06	1.52919e-06	1.19728e-06	1.07819e-06	9.18289e-07	7.60689e-07	5.58123e-07	4.39844e-07	3.61138e-07	2.90237e-07	2.13261e-07	1.71364e-07	1.34972e-07	8.35669e-08	4.45993e-08	6.6798e-09
5.68319e-06	1.7302e-06	1.52197e-06	1.18983e-06	1.07174e-06	9.12233e-07	7.5483e-07	5.52602e-07	4.36173e-07	3.58153e-07	2.88757e-07	2.12821e-07	1.7205e-07	1.34789e-07	8.36132e-08	4.389e-08	5.50519e-09
5.77349e-06	1.7378e-06	1.522e-06	1.18491e-06	1.0683e-06	9.09301e-07	7.52172e-07	5.49611e-07	4.3213e-07	3.55308e-07	2.85848e-07	2.09733e-07	1.69743e-07	1.32343e-07	8.23526e-08	4.30072e-08	4.81085e-09
5.83383e-06	1.74682e-06	1.5252e-06	1.1895e-06	1.07227e-06	9.12712e-07	7.53302e-07	5.48903e-07	4.32549e-07	3.5583e-07	2.85651e-07	2.10346e-07	1.70269e-07	1.31455e-07	8.05576e-08	4.14783e-08	4.67184e-09
5.88651e-06	1.74355e-06	1.53208e-06	1.19382e-06	1.07758e-06	9.16662e-07	7.57564e-07	5.52162e-07	4.32951e-07	3.55574e-07	2.8562e-07	2.0818e-07	1.68304e-07	1.30284e-07	7.87035e-08	3.9257e-08	3.11884e-09
5.86518e-06	1.7277e-06	1.53543e-06	1.19622e-06	1.07966e-06	9.21208e-07	7.62551e-07	5.55861e-07	4.36007e-07	3.60422e-07	2.88891e-07	2.10503e-07	1.70072e-07	1.31863e-07	8.07238e-08	4.28052e-08	6.75539e-09
5.75609e-06	1.71731e-06	1.53687e-06	1.20285e-06	1.08557e-06	9.25198e-07	7.65569e-07	5.59902e-07	4.38823e-07	3.61546e-07	2.89396e-07	2.12612e-07	1.71776e-07	1.32393e-07	8.17339e-08	4.36386e-08	8.72519e-09
5.60156e-06	1.69004e-06	1.52346e-06	1.19255e-06	1.0786e-06	9.22684e-07	7.6281e-07	5.57264e-07	4.38291e-07	3.61164e-07	2.89125e-07	2.11935e-07	1.70379e-07	1.32409e-07	8.19633e-08	4.43089e-08	7.55108e-09
5.42175e-06	1.64901e-06	1.49742e-06	1.17747e-06	1.06579e-06	9.10564e-07	7.53119e-07	5.50823e-07	4.33822e-07	3.56003e-07	2.86656e-07	2.09758e-07	1.6838e-07	1.30007e-07	8.20875e-08	4.42068e-08	6.91954e-09
5.23852e-06	1.59061e-06	1.45948e-06	1.1508e-06	1.04114e-06	8.89896e-07	7.40397e-07	5.42148e-07	4.25983e-07	3.51221e-07	2.80866e-07	2.05321e-07	1.64979e-07	1.27541e-07	8.10248e-08	4.29809e-08	9.39418e-09
5.08344e-06	1.53192e-06	1.42136e-06	1.12456e-06	1.02106e-06	8.72067e-07	7.2589e-07	5.31768e-07	4.18609e-07	3.45211e-07	2.75575e-07	2.00927e-07	1.61595e-07	1.24776e-07	7.56711e-08	3.95591e-08	6.95725e-09
4.95074e-06	1.47322e-06	1.3827e-06	1.09702e-06	1.00198e-06	8.57029e-07	7.15157e-07	5.2447e-07	4.12536e-07	3.40779e-07	2.72292e-07	1.99222e-07	1.60686e-07	1.2547e-07	7.55575e-08	3.85742e-08	3.35867e-09
4.8104e-06	1.41102e-06	1.33762e-06	1.06399e-06	9.71844e-07	8.33439e-07	6.96927e-07	5.13131e-07	4.05937e-07	3.36368e-07	2.71597e-07	1.99944e-07	1.62913e-07	1.28052e-07	7.92657e-08	4.31934e-08	7.92909e-09
4.71013e-06	1.34384e-06	1.29003e-06	1.02723e-06	9.40593e-07	8.05025e-07	6.75871e-07	4.97727e-07	3.93927e-07	3.25707e-07	2.62576e-07	1.93712e-07	1.5601e-07	1.22538e-07	7.48232e-08	3.94444e-08	6.03535e-09
4.62562e-06	1.28142e-06	1.24478e-06	9.88447e-07	9.09586e-07	7.77064e-07	6.55539e-07	4.80973e-07	3.80432e-07	3.14108e-07	2.53592e-07	1.85488e-07	1.51663e-07	1.18722e-07	7.33189e-08	4.07439e-08	6.51499e-09
4.55452e-06	1.21677e-06	1.20122e-06	9.55957e-07	8.82885e-07	7.55783e-07	6.37305e-07	4.68824e-07	3.73125e-07	3.09094e-07	2.48927e-07	1.81651e-07	1.50071e-07	1.17468e-07	7.34886e-08	3.96863e-08	6.12405e-09
4.47625e-06	1.14481e-06	1.15285e-06	9.15354e-07	8.48662e-07	7.25518e-07	6.13283e-07	4.49141e-07	3.55682e-07	2.98586e-07	2.40669e-07	1.76843e-07	1.44015e-07	1.14735e-07	7.21843e-08	3.98106e-08	5.46717e-09
4.37852e-06	1.07976e-06	1.0971e-06	8.68014e-07	8.07407e-07	6.90687e-07	5.83803e-07	4.30251e-07	3.39415e-07	2.84591e-07	2.31445e-07	1.66671e-07	1.36077e-07	1.07288e-07	6.69335e-08	3.55059e-08	5.50519e-09
4.28828e-06	1.0188e-06	1.04856e-06	8.30307e-07	7.76533e-07	6.63253e-07	5.62183e-07	4.14825e-07	3.2907e-07	2.74842e-07	2.23353e-07	1.64579e-07	1.3554e-07	1.07257e-07	6.73342e-08	3.61102e-08	6.85589e-09
4.21282e-06	9.57617e-07	1.00107e-06	7.88716e-07	7.4204e-07	6.33235e-07	5.38431e-07	3.95715e-07	3.15835e-07	2.63995e-07	2.14769e-07	1.56718e-07	1.28147e-07	1.02707e-07	6.33917e-08	3.33056e-08	4.01485e-09
4.16071e-06	9.11305e-07	9.62363e-07	7.57133e-07	7.12843e-07	6.06851e-07	5.18282e-07	3.82115e-07	3.05035e-07	2.56288e-07	2.10734e-07	1.5147e-07	1.25069e-07	1.02242e-07	6.20802e-08	3.16398e-08	3.09328e-09
4.08953e-06	8.73289e-07	9.27794e-07	7.28385e-07	6.87895e-07	5.88266e-07	5.04482e-07	3.69565e-07	2.95288e-07	2.49116e-07	2.06189e-07	1.50258e-07	1.26736e-07	1.04843e-07	6.64739e-08	3.60083e-08	5.23963e-09
4.05795e-06	8.44065e-07	9.06686e-07	7.10792e-07	6.73914e-07	5.7353e-07	4.91528e-07	3.62826e-07	2.89852e-07	2.43858e-07	2.0126e-07	1.4682e-07	1.24246e-07	1.00876e-07	6.31013e-08	3.44797e-08	4.00222e-09
4.006e-06	8.22193e-07	8.80574e-07	6.89801e-07	6.53654e-07	5.56563e-07	4.77653e-07	3.52091e-07	2.77196e-07	2.32817e-07	1.91e-07	1.39854e-07	1.15827e-07	9.46922e-08	5.80652e-08	2.87612e-08	-3.03015e-10
4.01369e-06	7.94819e-07	8.63688e-07	6.72836e-07	6.40049e-07	5.41599e-07	4.63653e-07	3.39688e-07	2.70932e-07	2.27995e-07	1.88882e-07	1.40062e-07	1.16806e-07	9.34375e-08	5.91481e-08	3.08302e-08	1.5655e-09
4.013e-06	7.71695e-07	8.45802e-07	6.55296e-07	6.24025e-07	5.26777e-07	4.52481e-07	3.28254e-07	2.61545e-07	2.19606e-07	1.80899e-07	1.32408e-07	1.13104e-07	9.28797e-08	5.73791e-08	3.24454e-08	2.52493e-09
4.0455e-06	7.54823e-07	8.39991e-07	6.46866e-07	6.18801e-07	5.2174e-07	4.47884e-07	3.27442e-07	2.61337e-07	2.21051e-07	1.8156e-07	1.33762e-07	1.13587e-07	9.37658e-08	5.66231e-08	3.00222e-08	9.08999e-10
4.04943e-06	7.42905e-07	8.2883e-07	6.38206e-07	6.09547e-07	5.13281e-07	4.38226e-07	3.20031e-07	2.55126e-07	2.13867e-07	1.77621e-07	1.29356e-07	1.11239e-07	9.2377e-08	5.60802e-08	3.03126e-08	-1.313e-09
4.08221e-06	7.3112e-07	8.13496e-07	6.23027e-07	5.94559e-07	4.98965e-07	4.25969e-07	3.08812e-07	2.43063e-07	2.01262e-07	1.67517e-07	1.2174e-07	9.98359e-08	8.60876e-08	5.23545e-08	2.9163e-08	2.75218e-09
4.10919e-06	7.3314e-07	8.07954e-07	6.15819e-07	5.87375e-07	4.91024e-07	4.19871e-07	2.99722e-07	2.37167e-07	1.99243e-07	1.63641e-07	1.1799e-07	9.98485e-08	8.44212e-08	5.24681e-08	2.76985e-08	-2.92892e-09
4.14631e-06	7.43176e-07	8.11249e-07	6.15617e-07	5.83512e-07	4.87792e-07	4.18394e-07	2.95733e-07	2.34289e-07	1.97349e-07	1.62038e-07	1.16235e-07	9.94445e-08	8.27547e-08	5.18369e-08	2.68905e-08	-1.60333e-09
4.20778e-06	7.58932e-07	8.09203e-07	6.08067e-07	5.77036e-07	4.79447e-07	4.06843e-07	2.88764e-07	2.28191e-07	1.89913e-07	1.56495e-07	1.11728e-07	9.75256e-08	8.1568e-08	4.93498e-08	2.39237e-08	-1.75483e-09
4.30831e-06	7.86712e-07	8.2336e-07	6.15399e-07	5.80316e-07	4.80268e-07	4.06959e-07	2.89489e-07	2.28286e-07	1.90413e-07	1.57464e-07	1.13733e-07	9.65132e-08	8.14144e-08	4.65207e-08	2.55896e-08	-5.30223e-10
4.42626e-06	8.32159e-07	8.42246e-07	6.24249e-07	5.84495e-07	4.82755e-07	4.07363e-07	2.88365e-07	2.25774e-07	1.88115e-07	1.54699e-07	1.09908e-07	9.34581e-08	8.05055e-08	4.96263e-08	2.85815e-08	4.62051e-09
4.60761e-06	8.75944e-07	8.651e-07	6.33398e-07	5.91764e-07	4.85457e-07	4.06633e-07	2.8399e-07	2.19418e-07	1.84488e-07	1.49607e-07	1.0632e-07	9.08552e-08	7.76504e-08	4.57495e-08	2.46169e-08	-3.91345e-10
4.78854e-06	9.43746e-07	8.96783e-07	6.53512e-07	6.04706e-07	4.93675e-07	4.10153e-07	2.83657e-07	2.18591e-07	1.83949e-07	1.45281e-07	1.04138e-07	8.9898e-08	7.57966e-08	4.5334e-08	2.23577e-08	-3.4212e-09
4.98696e-06	1.02098e-06	9.35783e-07	6.7581e-07	6.17502e-07	5.04974e-07	4.21443e-07	2.91999e-07	2.26293e-07	1.86679e-07	1.50752e-07	1.07213e-07	9.19259e-08	7.75475e-08	4.67456e-08	2.41997e-08	-2.63836e-09
5.16906e-06	1.11844e-06	9.7344e-07	6.99089e-07	6.34342e-07	5.18203e-07	4.25975e-07	2.94701e-07	2.28376e-07	1.89974e-07	1.52911e-07	1.07504e-07	9.3466e-08	8.00343e-08	4.96743e-08	2.64088e-08	-5.04948e-10
5.32449e-06	1.18274e-06	9.93676e-07	7.09846e-07	6.4105e-07	5.21245e-07	4.26572e-07	2.90848e-07	2.22696e-07	1.82302e-07	1.46024e-07	1.02828e-07	8.69982e-08	7.41227e-08	4.39409e-08	2.27973e-08	-4.36758e-09
5.39451e-06	1.22138e-06	1.00528e-06	7.15842e-07	6.43688e-07	5.21989e-07	4.27215e-07	2.91277e-07	2.21043e-07	1.82063e-07	1.45973e-07	1.02739e-07	8.57107e-08	7.36304e-08	4.53295e-08	2.59783e-08	6.69023e-10
5.38508e-06	1.2227e-06	1.0069e-06	7.18525e-07	6.46525e-07	5.26533e-07	4.28353e-07	2.92797e-07	2.25013e-07	1.82386e-07	1.465e-07	1.06082e-07	8.58221e-08	7.35023e-08	4.39272e-08	2.01081e-08	-4.91025e-09
5.29922e-06	1.20102e-06	9.90924e-07	7.07379e-07	6.37045e-07	5.16662e-07	4.21335e-07	2.88405e-07	2.19055e-07	1.78145e-07	1.42852e-07	9.93158e-08	8.45725e-08	7.08768e-08	4.22989e-08	1.97167e-08	-4.36747e-09
5.2198e-06	1.18471e-06	9.82972e-07	7.03668e-07	6.30986e-07	5.11525e-07	4.17119e-07	2.83053e-07	2.16089e-07	1.75671e-07	1.42284e-07	1.00111e-07	8.50016e-08	7.17604e-08	4.33718e-08	2.21656e-08	2.52455e-11
5.19676e-06	1.19837e-06	9.99306e-07	7.09002e-07	6.31766e-07	5.11007e-07	4.11403e-07	2.78703e-07	2.10227e-07	1.71047e-07	1.37988e-07	9.39488e-08	7.95718e-08	6.67979e-08	3.76275e-08	1.61189e-08	-8.3813e-09
5.30533e-06	1.31322e-06	1.06611e-06	7.51773e-07	6.58143e-07	5.29561e-07	4.23396e-07	2.84818e-07	2.12822e-07	1.72633e-07	1.39866e-07	9.73544e-08	8.55022e-08	7.1012e-08	4.2221e-08	2.06245e-08	-3.92548e-09
5.5932e-06	1.50613e-06	1.17864e-06	8.26926e-07	7.09792e-07	5.6537e-07	4.4474e-07	2.95761e-07	2.19309e-07	1.75006e-07	1.39916e-07	9.78845e-08	8.52119e-08	7.26908e-08	4.27511e-08	2.15838e-08	-2.18363e-09
5.96497e-06	1.75006e-06	1.33148e-06	9.33393e-07	7.86282e-07	6.25275e-07	4.85396e-07	3.20135e-07	2.36892e-07	1.91137e-07	1.51011e-07	1.06606e-07	9.1788e-08	7.5556e-08	4.72951e-08	2.32499e-08	-1.23697e-09
6.30887e-06	1.97752e-06	1.48824e-06	1.04583e-06	8.73659e-07	6.95898e-07	5.33523e-07	3.51167e-07	2.58904e-07	2.06677e-07	1.65026e-07	1.16231e-07	9.97854e-08	8.23299e-08	5.06248e-08	2.2908e-08	-2.42332e-09
6.58311e-06	2.18737e-06	1.64096e-06	1.16022e-06	9.6404e-07	7.68466e-07	5.83304e-07	3.84144e-07	2.78929e-07	2.2174e-07	1.74042e-07	1.20993e-07	1.01605e-07	8.30262e-08	5.09542e-08	2.6531e-08	2.09522e-09
6.93969e-06	2.43351e-06	1.81314e-06	1.29519e-06	1.07178e-06	8.56398e-07	6.48184e-07	4.25959e-07	3.14127e-07	2.4858e-07	1.94431e-07	1.35145e-07	1.12678e-07	9.23939e-08	5.45907e-08	2.82231e-08	2.72638e-09
7.46333e-06	2.68303e-06	2.0013e-06	1.43703e-06	1.18978e-06	9.55041e-07	7.21689e-07	4.7564e-07	3.48892e-07	2.75357e-07	2.13864e-07	1.46867e-07	1.20298e-07	9.64179e-08	5.79467e-08	2.99263e-08	1.76705e-09
7.97781e-06	2.90387e-06	2.1889e-06	1.58537e-06	1.31929e-06	1.0633e-06	8.07202e-07	5.36654e-07	3.96009e-07	3.13374e-07	2.41379e-07	1.69763e-07	1.36467e-07	1.05493e-07	6.244e-08	3.05952e-08	-7.06821e-10
8.5131e-06	3.08493e-06	2.35082e-06	1.71856e-06	1.44243e-06	1.17187e-06	8.93005e-07	5.99371e-07	4.42192e-07	3.46165e-07	2.64881e-07	1.86626e-07	1.46224e-07	1.13634e-07	6.77412e-08	3.1971e-08	1.03499e-09
8.91744e-06	3.2482e-06	2.51934e-06	1.86777e-06	1.58216e-06	1.29341e-06	9.90874e-07	6.6705e-07	4.90736e-07	3.82971e-07	2.92132e-07	2.04448e-07	1.57823e-07	1.19465e-07	7.17171e-08	3.60479e-08	4.31666e-09
9.27748e-06	3.5498e-06	2.78605e-06	2.0972e-06	1.77781e-06	1.46091e-06	1.1169e-06	7.5065e-07	5.49186e-07	4.25508e-07	3.19412e-07	2.19071e-07	1.6567e-07	1.21734e-07	7.31794e-08	3.56683e-08	5.89423e-09
1.00178e-05	4.08265e-06	3.20855e-06	2.43536e-06	2.05841e-06	1.69465e-06	1.28913e-06	8.6449e-07	6.28518e-07	4.83618e-07	3.6083e-07	2.47873e-07	1.8699e-07	1.36444e-07	8.23384e-08	4.12197e-08	5.26289e-09
1.09358e-05	4.73393e-06	3.71664e-06	2.83239e-06	2.38185e-06	1.96007e-06	1.47849e-06	9.85852e-07	7.10736e-07	5.41284e-07	3.99536e-07	2.74195e-07	2.02014e-07	1.44739e-07	8.42715e-08	4.22557e-08	7.10571e-09
1.24586e-05	5.5721e-06	4.32212e-06	3.28813e-06	2.74859e-06	2.25806e-06	1.69134e-06	1.12116e-06	8.02168e-07	6.06028e-07	4.42992e-07	3.02951e-07	2.24967e-07	1.59843e-07	9.26749e-08	4.58894e-08	8.51907e-09
1.48799e-05	6.75013e-06	5.05411e-06	3.79814e-06	3.14408e-06	2.57177e-06	1.91207e-06	1.26003e-06	8.96698e-07	6.72767e-07	4.86685e-07	3.29038e-07	2.40945e-07	1.7047e-07	9.83416e-08	5.21746e-08	1.2015e-08
1.76232e-05	8.28582e-06	6.05683e-06	4.51323e-06	3.69614e-06	3.0129e-06	2.22278e-06	1.4524e-06	1.02643e-06	7.62141e-07	5.45762e-07	3.66866e-07	2.63214e-07	1.79338e-07	1.00687e-07	4.69736e-08	2.70079e-09
2.03574e-05	1.04143e-05	7.67875e-06	5.78364e-06	4.71871e-06	3.85258e-06	2.82005e-06	1.82998e-06	1.27867e-06	9.37707e-07	6.60075e-07	4.33921e-07	3.03276e-07	2.01822e-07	1.10477e-07	5.1339e-08	7.96335e-09
2.12889e-05	1.21632e-05	9.24847e-06	7.16243e-06	5.88683e-06	4.85839e-06	3.57279e-06	2.33266e-06	1.62305e-06	1.18268e-06	8.21563e-07	5.3487e-07	3.67122e-07	2.37651e-07	1.26858e-07	5.70181e-08	6.68871e-09
1.98136e-05	1.19633e-05	9.385e-06	7.46336e-06	6.23374e-06	5.22376e-06	3.91361e-06	2.6085e-06	1.83948e-06	1.35142e-06	9.42616e-07	6.17254e-07	4.20846e-07	2.69643e-07	1.4353e-07	6.41864e-08	1.04495e-08
1.75738e-05	1.06151e-05	8.4911e-06	6.85548e-06	5.80854e-06	4.92832e-06	3.76796e-06	2.58112e-06	1.861e-06	1.39276e-06	9.87431e-07	6.62229e-07	4.58317e-07	2.99192e-07	1.65346e-07	8.01868e-08	2.3208e-08
1.60051e-05	9.33476e-06	7.46639e-06	6.03367e-06	5.14209e-06	4.38494e-06	3.39946e-06	2.37953e-06	1.75163e-06	1.33585e-06	9.71277e-07	6.67441e-07	4.7471e-07	3.1604e-07	1.79341e-07	8.8049e-08	2.71454e-08
1.49841e-05	8.26881e-06	6.55425e-06	5.25261e-06	4.4787e-06	3.81756e-06	2.97585e-06	2.10549e-06	1.57292e-06	1.21875e-06	9.0553e-07	6.38121e-07	4.66886e-07	3.18897e-07	1.84877e-07	9.18452e-08	2.42296e-08
1.41286e-05	7.28853e-06	5.70401e-06	4.51744e-06	3.84648e-06	3.2682e-06	2.55599e-06	1.82055e-06	1.37768e-06	1.08219e-06	8.2161e-07	5.90571e-07	4.41168e-07	3.07387e-07	1.82466e-07	9.06211e-08	3.20663e-08
1.35475e-05	6.62392e-06	5.09141e-06	3.96961e-06	3.36544e-06	2.84545e-06	2.22723e-06	1.5923e-06	1.21716e-06	9.6989e-07	7.47956e-07	5.47158e-07	4.18265e-07	3.01953e-07	1.8544e-07	1.00058e-07	3.25198e-08
1.28932e-05	6.35298e-06	4.83632e-06	3.74095e-06	3.14807e-06	2.64784e-06	2.06113e-06	1.46822e-06	1.12405e-06	9.02108e-07	7.01514e-07	5.17655e-07	4.00202e-07	2.91974e-07	1.82547e-07	9.64917e-08	3.4263e-08
1.1543e-05	5.8725e-06	4.56145e-06	3.57263e-06	3.0196e-06	2.549e-06	1.98983e-06	1.42017e-06	1.08682e-06	8.69889e-07	6.76408e-07	5.00227e-07	3.92767e-07	2.86531e-07	1.78087e-07	9.63305e-08	3.28084e-08
1.00593e-05	5.27358e-06	4.24467e-06	3.40226e-06	2.91563e-06	2.4872e-06	1.96105e-06	1.4101e-06	1.0797e-06	8.6382e-07	6.69026e-07	4.95546e-07	3.79946e-07	2.77584e-07	1.71752e-07	9.23304e-08	2.9679e-08
9.32869e-06	4.99902e-06	4.11458e-06	3.35017e-06	2.89996e-06	2.4936e-06	1.98014e-06	1.43133e-06	1.09637e-06	8.74281e-07	6.75689e-07	4.95331e-07	3.8088e-07	2.76625e-07	1.73039e-07	9.41096e-08	3.66697e-08
9.03816e-06	4.87745e-06	4.06902e-06	3.34156e-06	2.9064e-06	2.50944e-06	2.00392e-06	1.45229e-06	1.11359e-06	8.87959e-07	6.83336e-07	4.9788e-07	3.8141e-07	2.74871e-07	1.72471e-07	9.46648e-08	3.2922e-08
8.78117e-06	4.76081e-06	4.00063e-06	3.30602e-06	2.8864e-06	2.50284e-06	2.00418e-06	1.4567e-06	1.11756e-06	8.92142e-07	6.85913e-07	4.9836e-07	3.80899e-07	2.7376e-07	1.69876e-07	9.21365e-08	3.12926e-08
8.72628e-06	4.7177e-06	3.95316e-06	3.26136e-06	2.84374e-06	2.46213e-06	1.97099e-06	1.43546e-06	1.10077e-06	8.76366e-07	6.73817e-07	4.88883e-07	3.72479e-07	2.66612e-07	1.63142e-07	8.77855e-08	2.87571e-08
8.80913e-06	4.76213e-06	3.95311e-06	3.24249e-06	2.81392e-06	2.42735e-06	1.93562e-06	1.39937e-06	1.07035e-06	8.48849e-07	6.50356e-07	4.68644e-07	3.54439e-07	2.51754e-07	1.51744e-07	7.77141e-08	2.19427e-08
8.81542e-06	4.79407e-06	3.96027e-06	3.23526e-06	2.79535e-06	2.40224e-06	1.9045e-06	1.36412e-06	1.03583e-06	8.18053e-07	6.23312e-07	4.48848e-07	3.39869e-07	2.42663e-07	1.46806e-07	7.74724e-08	2.22828e-08
8.79594e-06	4.77559e-06	3.92741e-06	3.19186e-06	2.74413e-06	2.34635e-06	1.84091e-06	1.30295e-06	9.80153e-07	7.68976e-07	5.81798e-07	4.16637e-07	3.1455e-07	2.25623e-07	1.35321e-07	6.87393e-08	1.68946e-08
8.37404e-06	4.43829e-06	3.64742e-06	2.95337e-06	2.53631e-06	2.16226e-06	1.69215e-06	1.19212e-06	8.94115e-07	7.00679e-07	5.30875e-07	3.81864e-07	2.91145e-07	2.10747e-07	1.30274e-07	6.9572e-08	2.07934e-08
7.68728e-06	3.90355e-06	3.21523e-06	2.59365e-06	2.22822e-06	1.89619e-06	1.48486e-06	1.043e-06	7.83195e-07	6.14446e-07	4.67197e-07	3.34784e-07	2.55413e-07	1.85365e-07	1.15973e-07	6.19859e-08	1.67298e-08
7.03568e-06	3.43228e-06	2.83807e-06	2.28498e-06	1.96754e-06	1.67385e-06	1.31223e-06	9.22885e-07	6.9376e-07	5.46822e-07	4.18456e-07	2.98847e-07	2.30198e-07	1.67882e-07	1.02703e-07	5.37359e-08	8.23892e-09
6.4827e-06	2.99746e-06	2.49329e-06	2.00074e-06	1.72993e-06	1.47113e-06	1.15783e-06	8.16323e-07	6.15513e-07	4.87586e-07	3.73587e-07	2.71321e-07	2.0925e-07	1.54358e-07	9.65003e-08	5.18647e-08	1.30576e-08
5.92722e-06	2.59057e-06	2.16687e-06	1.73747e-06	1.50872e-06	1.28372e-06	1.0172e-06	7.22093e-07	5.48269e-07	4.36983e-07	3.38338e-07	2.46114e-07	1.92483e-07	1.43079e-07	8.7177e-08	4.39165e-08	6.23234e-09
5.38784e-06	2.20594e-06	1.85935e-06	1.48602e-06	1.29666e-06	1.10344e-06	8.821e-07	6.2788e-07	4.79688e-07	3.85847e-07	3.00245e-07	2.16598e-07	1.70977e-07	1.27968e-07	7.94454e-08	4.15079e-08	9.75247e-09
4.96799e-06	1.88068e-06	1.60565e-06	1.28086e-06	1.12863e-06	9.60777e-07	7.75585e-07	5.56242e-07	4.26966e-07	3.45983e-07	2.74135e-07	1.96243e-07	1.56464e-07	1.18629e-07	7.49394e-08	4.06616e-08	6.23234e-09
4.57783e-06	1.62802e-06	1.405e-06	1.12309e-06	9.96808e-07	8.52673e-07	6.95203e-07	5.02548e-07	3.9042e-07	3.19986e-07	2.54775e-07	1.85363e-07	1.50254e-07	1.1551e-07	7.41806e-08	4.23511e-08	1.05342e-08
4.27732e-06	1.42526e-06	1.2491e-06	9.99003e-07	8.93233e-07	7.63354e-07	6.2776e-07	4.54672e-07	3.55234e-07	2.92181e-07	2.33644e-07	1.71044e-07	1.3929e-07	1.06237e-07	6.7141e-08	3.50718e-08	5.95463e-09
4.04229e-06	1.27249e-06	1.12824e-06	9.01612e-07	8.08889e-07	6.90556e-07	5.70281e-07	4.11515e-07	3.20672e-07	2.63536e-07	2.10388e-07	1.51007e-07	1.22584e-07	9.35939e-08	5.67442e-08	2.70853e-08	4.76863e-09
3.8768e-06	1.1628e-06	1.04143e-06	8.29086e-07	7.48108e-07	6.3906e-07	5.30769e-07	3.8414e-07	3.02354e-07	2.52775e-07	2.03689e-07	1.48332e-07	1.23177e-07	9.52087e-08	6.11722e-08	3.06555e-08	4.26402e-09
3.76383e-06	1.07589e-06	9.70228e-07	7.69181e-07	6.9667e-07	5.93932e-07	4.93516e-07	3.57298e-07	2.83096e-07	2.34956e-07	1.91005e-07	1.3946e-07	1.16362e-07	9.06144e-08	5.67049e-08	3.14369e-08	4.74328e-09
3.67106e-06	1.01038e-06	9.1148e-07	7.178e-07	6.51482e-07	5.54523e-07	4.59569e-07	3.31563e-07	2.61738e-07	2.18721e-07	1.77419e-07	1.3015e-07	1.12968e-07	8.62243e-08	5.57083e-08	2.73874e-08	-3.78453e-10
3.56637e-06	9.55456e-07	8.59632e-07	6.72638e-07	6.08376e-07	5.1621e-07	4.29608e-07	3.08667e-07	2.43207e-07	2.03091e-07	1.65182e-07	1.23174e-07	1.02081e-07	8.04087e-08	5.11795e-08	2.7009e-08	2.48518e-09
3.50086e-06	9.11507e-07	8.21236e-07	6.37186e-07	5.77089e-07	4.87877e-07	4.06373e-07	2.9236e-07	2.31065e-07	1.93839e-07	1.58732e-07	1.15438e-07	9.84711e-08	7.93849e-08	5.21496e-08	2.57973e-08	3.86013e-09
3.46276e-06	8.80948e-07	7.9338e-07	6.13389e-07	5.53989e-07	4.6598e-07	3.86737e-07	2.76023e-07	2.17443e-07	1.82085e-07	1.49995e-07	1.09428e-07	9.3925e-08	7.71986e-08	5.42787e-08	3.2822e-08	1.16176e-08
3.45772e-06	8.59359e-07	7.75416e-07	5.93227e-07	5.38017e-07	4.50719e-07	3.73663e-07	2.67344e-07	2.09902e-07	1.74508e-07	1.45421e-07	1.06975e-07	9.19147e-08	7.39909e-08	5.07316e-08	3.00328e-08	7.90868e-09
3.48544e-06	8.3882e-07	7.54093e-07	5.7311e-07	5.18177e-07	4.31835e-07	3.5952e-07	2.49577e-07	1.94379e-07	1.63576e-07	1.35523e-07	9.76437e-08	8.33396e-08	6.67777e-08	4.14491e-08	1.93118e-08	-1.75332e-09
3.50641e-06	8.30479e-07	7.44356e-07	5.61943e-07	5.06735e-07	4.20966e-07	3.51e-07	2.41442e-07	1.88555e-07	1.57501e-07	1.29575e-07	9.48765e-08	7.95515e-08	6.75437e-08	4.38309e-08	2.38516e-08	1.67756e-09
3.48649e-06	8.4104e-07	7.47351e-07	5.64137e-07	5.04755e-07	4.17764e-07	3.43499e-07	2.39405e-07	1.87276e-07	1.59566e-07	1.327e-07	9.46597e-08	8.26775e-08	6.98628e-08	4.49775e-08	2.24383e-08	-2.57303e-09
3.45375e-06	8.4773e-07	7.44866e-07	5.63824e-07	5.02182e-07	4.1496e-07	3.41322e-07	2.36201e-07	1.84233e-07	1.5671e-07	1.30891e-07	9.55979e-08	8.57341e-08	7.23764e-08	4.99243e-08	2.8948e-08	5.28507e-09
3.42404e-06	8.51148e-07	7.47023e-07	5.65098e-07	5.02876e-07	4.15275e-07	3.42091e-07	2.34738e-07	1.85368e-07	1.53658e-07	1.28015e-07	9.39834e-08	8.2114e-08	6.83274e-08	4.53204e-08	2.5227e-08	4.86882e-09
3.39385e-06	8.41767e-07	7.41467e-07	5.59383e-07	5.03683e-07	4.11001e-07	3.37807e-07	2.31957e-07	1.80772e-07	1.49366e-07	1.24656e-07	8.91627e-08	7.82523e-08	6.4012e-08	4.46381e-08	2.60337e-08	2.54787e-09
3.3356e-06	8.27834e-07	7.34902e-07	5.57717e-07	4.9947e-07	4.12769e-07	3.40397e-07	2.37412e-07	1.85346e-07	1.54987e-07	1.28399e-07	9.18344e-08	7.989e-08	6.44518e-08	4.47253e-08	2.53393e-08	7.18934e-09
3.27796e-06	8.10176e-07	7.2128e-07	5.51246e-07	4.93719e-07	4.11243e-07	3.38025e-07	2.36189e-07	1.84173e-07	1.52603e-07	1.25082e-07	9.29191e-08	7.90576e-08	6.65582e-08	4.47757e-08	2.27789e-08	5.05777e-09
3.24939e-06	7.81278e-07	7.0563e-07	5.40246e-07	4.89948e-07	4.10125e-07	3.39736e-07	2.38447e-07	1.84946e-07	1.54866e-07	1.28128e-07	9.2637e-08	8.0731e-08	6.80305e-08	4.57572e-08	2.46696e-08	1.854e-09
3.22188e-06	7.42502e-07	6.91878e-07	5.30433e-07	4.85458e-07	4.06293e-07	3.4056e-07	2.39047e-07	1.85887e-07	1.55732e-07	1.29651e-07	9.23824e-08	8.0729e-08	6.7209e-08	4.43688e-08	2.366e-08	8.32387e-10
3.17278e-06	7.19132e-07	6.7996e-07	5.2844e-07	4.84752e-07	4.07819e-07	3.41998e-07	2.42578e-07	1.88422e-07	1.57435e-07	1.28919e-07	9.22058e-08	8.01362e-08	6.61874e-08	4.2704e-08	2.23483e-08	1.57649e-09
3.15525e-06	7.04076e-07	6.81729e-07	5.33407e-07	4.91197e-07	4.15593e-07	3.51313e-07	2.46286e-07	1.91629e-07	1.60416e-07	1.31649e-07	9.34749e-08	7.93755e-08	6.50364e-08	4.20461e-08	2.10609e-08	2.01781e-10
3.19026e-06	7.23556e-07	7.0662e-07	5.57213e-07	5.15233e-07	4.37818e-07	3.69924e-07	2.6232e-07	2.03897e-07	1.70303e-07	1.39029e-07	9.97604e-08	8.59269e-08	6.36066e-08	3.91173e-08	2.35939e-08	3.45523e-09
3.29919e-06	7.91155e-07	7.63424e-07	6.04479e-07	5.58236e-07	4.73278e-07	3.93251e-07	2.78607e-07	2.15314e-07	1.79891e-07	1.45502e-07	1.04051e-07	8.88799e-08	7.33814e-08	4.64577e-08	2.83235e-08	6.78453e-09
3.46625e-06	8.90832e-07	8.38436e-07	6.63026e-07	6.05965e-07	5.13165e-07	4.24666e-07	3.00643e-07	2.31866e-07	1.91122e-07	1.54401e-07	1.10113e-07	9.23077e-08	7.55107e-08	4.92308e-08	2.90921e-08	9.029e-09
3.69787e-06	1.02654e-06	9.35019e-07	7.37314e-07	6.65511e-07	5.61375e-07	4.62055e-07	3.26557e-07	2.5029e-07	2.04956e-07	1.63607e-07	1.16759e-07	9.65574e-08	7.87264e-08	5.02018e-08	2.62547e-08	3.7831e-09
4.03359e-06	1.20946e-06	1.05956e-06	8.29533e-07	7.40719e-07	6.23052e-07	5.02043e-07	3.49887e-07	2.66419e-07	2.16015e-07	1.69596e-07	1.19433e-07	9.76797e-08	7.7831e-08	4.78436e-08	2.51198e-08	8.95334e-10
4.50784e-06	1.43839e-06	1.21735e-06	9.44552e-07	8.30858e-07	6.95183e-07	5.57201e-07	3.87289e-07	2.9145e-07	2.37692e-07	1.84741e-07	1.29445e-07	1.06393e-07	8.35813e-08	5.32282e-08	2.90038e-08	3.06431e-09
5.07408e-06	1.6806e-06	1.38053e-06	1.05613e-06	9.18283e-07	7.62882e-07	6.06522e-07	4.18876e-07	3.15834e-07	2.53499e-07	1.98328e-07	1.39373e-07	1.13609e-07	8.85773e-08	5.43898e-08	2.66842e-08	1.87899e-09
5.69815e-06	1.96991e-06	1.55681e-06	1.17781e-06	1.01201e-06	8.37676e-07	6.57028e-07	4.50806e-07	3.38357e-07	2.6983e-07	2.09223e-07	1.47885e-07	1.19436e-07	8.58912e-08	5.61679e-08	3.07448e-08	4.77944e-09
6.55668e-06	2.38908e-06	1.82587e-06	1.36392e-06	1.15579e-06	9.49103e-07	7.32881e-07	4.98865e-07	3.69e-07	2.92366e-07	2.25062e-07	1.57734e-07	1.25325e-07	9.60428e-08	6.06068e-08	3.15519e-08	6.60799e-09
7.61531e-06	3.03574e-06	2.27288e-06	1.6916e-06	1.41269e-06	1.1543e-06	8.74956e-07	5.85523e-07	4.28903e-07	3.33985e-07	2.52156e-07	1.76141e-07	1.36431e-07	1.01614e-07	6.40227e-08	3.51955e-08	7.4401e-09
8.57753e-06	3.74851e-06	2.81308e-06	2.10944e-06	1.74746e-06	1.42794e-06	1.06748e-06	7.03977e-07	5.0739e-07	3.88093e-07	2.892e-07	1.99274e-07	1.52753e-07	1.12626e-07	6.8148e-08	3.77815e-08	9.36972e-09
9.24019e-06	4.36902e-06	3.32828e-06	2.53322e-06	2.09425e-06	1.71667e-06	1.27612e-06	8.35776e-07	5.94691e-07	4.48979e-07	3.29596e-07	2.26835e-07	1.72749e-07	1.2575e-07	7.75788e-08	4.16646e-08	8.92812e-09
9.68101e-06	4.8397e-06	3.72936e-06	2.8747e-06	2.38211e-06	1.96014e-06	1.45361e-06	9.50668e-07	6.72018e-07	5.0396e-07	3.6488e-07	2.48525e-07	1.83808e-07	1.32686e-07	7.77932e-08	3.93947e-08	8.14628e-09
1.00825e-05	5.20444e-06	4.03596e-06	3.1388e-06	2.60886e-06	2.15636e-06	1.60447e-06	1.05088e-06	7.42585e-07	5.54348e-07	3.99312e-07	2.69217e-07	1.98288e-07	1.39577e-07	8.28962e-08	4.09941e-08	7.47755e-09
1.04473e-05	5.5229e-06	4.30829e-06	3.3821e-06	2.82365e-06	2.34382e-06	1.75367e-06	1.16214e-06	8.24309e-07	6.16715e-07	4.45854e-07	3.02192e-07	2.20682e-07	1.53435e-07	8.80157e-08	4.44618e-08	8.94028e-09
1.09227e-05	5.901e-06	4.60691e-06	3.62761e-06	3.0333e-06	2.53165e-06	1.90674e-06	1.27884e-06	9.16435e-07	6.92185e-07	5.04224e-07	3.43236e-07	2.51564e-07	1.75388e-07	1.02277e-07	5.38939e-08	1.38959e-08
1.16689e-05	6.42691e-06	5.00116e-06	3.94048e-06	3.29665e-06	2.7596e-06	2.09205e-06	1.4242e-06	1.03578e-06	7.89691e-07	5.79837e-07	3.99763e-07	2.92024e-07	2.01811e-07	1.18355e-07	5.97892e-08	1.77275e-08
1.18225e-05	6.53881e-06	5.10697e-06	4.05111e-06	3.41605e-06	2.88085e-06	2.20943e-06	1.52923e-06	1.12851e-06	8.67687e-07	6.41668e-07	4.47259e-07	3.27328e-07	2.25641e-07	1.32262e-07	6.77955e-08	2.16739e-08
1.15235e-05	6.38338e-06	5.0387e-06	4.03363e-06	3.42576e-06	2.90972e-06	2.25775e-06	1.58406e-06	1.17983e-06	9.13897e-07	6.80338e-07	4.7622e-07	3.50439e-07	2.39838e-07	1.39865e-07	7.16915e-08	2.26447e-08
1.13297e-05	6.35136e-06	5.03336e-06	4.0477e-06	3.44447e-06	2.93671e-06	2.28625e-06	1.61529e-06	1.20803e-06	9.41032e-07	7.04781e-07	4.99748e-07	3.68787e-07	2.55894e-07	1.52256e-07	7.7666e-08	2.67796e-08
1.09235e-05	6.22798e-06	4.97459e-06	4.02032e-06	3.43108e-06	2.92931e-06	2.28327e-06	1.61634e-06	1.21559e-06	9.48798e-07	7.1048e-07	5.09544e-07	3.77537e-07	2.60093e-07	1.54424e-07	8.03641e-08	2.64518e-08
1.0275e-05	5.89802e-06	4.76972e-06	3.8842e-06	3.33008e-06	2.85417e-06	2.23541e-06	1.58926e-06	1.19503e-06	9.34213e-07	7.01473e-07	5.00214e-07	3.7048e-07	2.57817e-07	1.53462e-07	8.00847e-08	2.97544e-08
9.50861e-06	5.46462e-06	4.48101e-06	3.68002e-06	3.1759e-06	2.73427e-06	2.15742e-06	1.5428e-06	1.16341e-06	9.1342e-07	6.8979e-07	4.92107e-07	3.68649e-07	2.59551e-07	1.58421e-07	8.63278e-08	3.36889e-08
8.97363e-06	5.169e-06	4.26838e-06	3.5177e-06	3.04356e-06	2.62459e-06	2.07588e-06	1.48597e-06	1.12186e-06	8.78804e-07	6.6396e-07	4.76109e-07	3.56224e-07	2.51532e-07	1.53988e-07	8.3575e-08	3.10144e-08
8.71128e-06	5.02298e-06	4.13841e-06	3.40712e-06	2.94252e-06	2.53471e-06	2.00059e-06	1.42791e-06	1.07644e-06	8.44319e-07	6.36568e-07	4.54915e-07	3.40801e-07	2.41288e-07	1.4683e-07	7.77775e-08	2.78758e-08
8.6245e-06	4.92805e-06	4.03911e-06	3.30864e-06	2.84958e-06	2.44905e-06	1.92659e-06	1.37387e-06	1.03507e-06	8.10396e-07	6.16808e-07	4.42182e-07	3.31577e-07	2.3576e-07	1.47129e-07	8.07761e-08	3.15187e-08
8.88082e-06	5.05083e-06	4.10739e-06	3.34613e-06	2.86923e-06	2.45498e-06	1.92061e-06	1.36229e-06	1.02555e-06	8.0585e-07	6.11926e-07	4.40973e-07	3.35325e-07	2.41074e-07	1.51324e-07	8.54387e-08	3.39007e-08
9.28717e-06	5.37816e-06	4.39829e-06	3.60209e-06	3.09691e-06	2.65571e-06	2.08064e-06	1.47741e-06	1.10972e-06	8.68822e-07	6.56858e-07	4.69932e-07	3.5416e-07	2.49887e-07	1.53001e-07	8.36485e-08	2.90091e-08
9.40339e-06	5.54182e-06	4.61338e-06	3.83921e-06	3.34053e-06	2.89624e-06	2.30189e-06	1.65947e-06	1.25591e-06	9.84556e-07	7.41465e-07	5.27231e-07	3.90217e-07	2.65368e-07	1.56392e-07	8.21104e-08	2.75466e-08
9.27015e-06	5.47847e-06	4.62015e-06	3.89145e-06	3.42161e-06	2.99275e-06	2.41192e-06	1.76914e-06	1.35403e-06	1.06855e-06	8.07826e-07	5.7598e-07	4.25987e-07	2.93127e-07	1.74298e-07	9.25445e-08	3.24366e-08
9.20486e-06	5.395e-06	4.55542e-06	3.83669e-06	3.38127e-06	2.96538e-06	2.39974e-06	1.77327e-06	1.36548e-06	1.08207e-06	8.19571e-07	5.86685e-07	4.33448e-07	2.97055e-07	1.76332e-07	9.37697e-08	3.48453e-08
9.28683e-06	5.33314e-06	4.46653e-06	3.73711e-06	3.28372e-06	2.8722e-06	2.32325e-06	1.71784e-06	1.32606e-06	1.05423e-06	8.01314e-07	5.74969e-07	4.2164e-07	2.87913e-07	1.68293e-07	8.66299e-08	3.24736e-08
9.53327e-06	5.38737e-06	4.44194e-06	3.67618e-06	3.21227e-06	2.79742e-06	2.25415e-06	1.66338e-06	1.28557e-06	1.02453e-06	7.82397e-07	5.63219e-07	4.15251e-07	2.85246e-07	1.66146e-07	8.19887e-08	2.30814e-08
9.81295e-06	5.55204e-06	4.52375e-06	3.71513e-06	3.22581e-06	2.79454e-06	2.23613e-06	1.63285e-06	1.24913e-06	9.87255e-07	7.47769e-07	5.34691e-07	3.9256e-07	2.67598e-07	1.55141e-07	7.87112e-08	2.65858e-08
9.79005e-06	5.62301e-06	4.58984e-06	3.76914e-06	3.25893e-06	2.81063e-06	2.22561e-06	1.60195e-06	1.20921e-06	9.43212e-07	7.06278e-07	4.96962e-07	3.6323e-07	2.46351e-07	1.42607e-07	7.07047e-08	2.22362e-08
9.56517e-06	5.5582e-06	4.54133e-06	3.71765e-06	3.19822e-06	2.74392e-06	2.14754e-06	1.51625e-06	1.12671e-06	8.67847e-07	6.39969e-07	4.44272e-07	3.22619e-07	2.156e-07	1.2338e-07	6.06061e-08	1.74331e-08
9.16131e-06	5.27363e-06	4.2759e-06	3.46124e-06	2.95138e-06	2.5086e-06	1.93481e-06	1.3383e-06	9.78307e-07	7.47876e-07	5.4679e-07	3.75791e-07	2.71888e-07	1.83868e-07	1.05478e-07	5.25248e-08	1.51133e-08
8.1634e-06	4.52972e-06	3.64852e-06	2.92522e-06	2.47611e-06	2.09117e-06	1.60088e-06	1.09636e-06	7.97751e-07	6.09002e-07	4.46381e-07	3.06927e-07	2.23714e-07	1.5342e-07	8.84066e-08	4.26656e-08	1.08271e-08
6.70632e-06	3.53278e-06	2.87076e-06	2.30092e-06	1.95993e-06	1.65519e-06	1.27677e-06	8.79336e-07	6.45419e-07	4.96622e-07	3.6813e-07	2.55092e-07	1.90418e-07	1.35689e-07	8.10603e-08	4.41792e-08	1.54659e-08
5.57061e-06	2.79113e-06	2.29472e-06	1.85055e-06	1.59009e-06	1.35027e-06	1.055e-06	7.35512e-07	5.45953e-07	4.24781e-07	3.1736e-07	2.19342e-07	1.65915e-07	1.20239e-07	7.2824e-08	4.07476e-08	1.60697e-08
4.87065e-06	2.27645e-06	1.90997e-06	1.54359e-06	1.34229e-06	1.14391e-06	9.02261e-07	6.30798e-07	4.71693e-07	3.68194e-07	2.77803e-07	1.91546e-07	1.46388e-07	1.06171e-07	6.27773e-08	3.19243e-08	5.96138e-09
4.34028e-06	1.93217e-06	1.63286e-06	1.32417e-06	1.15795e-06	9.88783e-07	7.85907e-07	5.51989e-07	4.16062e-07	3.27952e-07	2.49672e-07	1.74934e-07	1.3628e-07	1.0147e-07	6.47308e-08	3.55792e-08	1.19228e-08
4.02469e-06	1.68914e-06	1.43787e-06	1.16117e-06	1.01665e-06	8.658e-07	6.9055e-07	4.85178e-07	3.64602e-07	2.88453e-07	2.21542e-07	1.5487e-07	1.22315e-07	9.31261e-08	6.12019e-08	3.689e-08	1.17211e-08
3.79491e-06	1.51427e-06	1.28822e-06	1.03277e-06	9.03806e-07	7.67864e-07	6.12224e-07	4.26793e-07	3.23025e-07	2.57379e-07	1.98072e-07	1.39987e-07	1.11178e-07	8.69313e-08	5.66478e-08	3.29679e-08	1.14178e-08
3.6012e-06	1.36195e-06	1.16024e-06	9.24919e-07	8.09915e-07	6.8396e-07	5.46992e-07	3.80157e-07	2.89626e-07	2.34758e-07	1.84326e-07	1.3252e-07	1.0864e-07	8.53013e-08	5.4238e-08	3.0345e-08	5.65819e-09
3.40527e-06	1.20143e-06	1.02527e-06	8.10906e-07	7.12484e-07	5.98057e-07	4.79282e-07	3.34409e-07	2.55545e-07	2.07216e-07	1.64331e-07	1.16683e-07	9.66327e-08	7.80195e-08	5.28657e-08	3.0119e-08	7.48563e-09
3.25842e-06	1.04604e-06	9.00313e-07	7.10678e-07	6.25646e-07	5.25278e-07	4.2021e-07	2.88389e-07	2.19688e-07	1.77966e-07	1.41599e-07	1.00343e-07	8.36967e-08	6.52108e-08	4.86025e-08	3.02931e-08	1.07488e-08
3.13541e-06	9.32571e-07	8.0564e-07	6.25091e-07	5.58734e-07	4.6696e-07	3.79369e-07	2.63918e-07	2.03647e-07	1.68238e-07	1.37088e-07	9.98639e-08	8.45409e-08	7.00622e-08	5.01147e-08	3.03309e-08	1.04589e-08
2.99933e-06	8.22778e-07	7.20961e-07	5.54954e-07	4.99244e-07	4.17437e-07	3.4236e-07	2.4053e-07	1.85224e-07	1.53141e-07	1.23957e-07	9.16354e-08	7.84672e-08	6.51982e-08	4.42047e-08	2.89196e-08	7.48507e-09
2.78849e-06	7.06131e-07	6.37383e-07	4.92188e-07	4.49875e-07	3.76805e-07	3.11207e-07	2.2003e-07	1.72841e-07	1.38794e-07	1.18835e-07	8.65024e-08	7.69386e-08	5.86931e-08	4.21738e-08	2.60578e-08	8.15252e-09
2.54204e-06	5.91271e-07	5.54858e-07	4.33915e-07	4.01194e-07	3.36546e-07	2.82683e-07	1.97611e-07	1.57797e-07	1.31212e-07	1.10095e-07	7.99819e-08	7.13764e-08	5.87516e-08	4.00539e-08	2.42919e-08	8.70628e-09
2.34595e-06	5.00113e-07	4.94103e-07	3.90409e-07	3.65361e-07	3.08815e-07	2.63759e-07	1.87846e-07	1.48687e-07	1.26084e-07	1.04816e-07	7.65296e-08	6.89699e-08	5.84618e-08	3.90838e-08	2.37249e-08	7.83691e-09
2.18258e-06	4.19984e-07	4.37837e-07	3.50249e-07	3.35988e-07	2.85479e-07	2.45956e-07	1.76712e-07	1.41397e-07	1.19702e-07	1.00161e-07	7.2935e-08	6.43804e-08	5.58509e-08	3.66124e-08	2.21615e-08	8.11369e-09
2.06152e-06	3.5229e-07	3.9233e-07	3.14569e-07	3.06443e-07	2.63027e-07	2.29136e-07	1.67225e-07	1.32603e-07	1.1431e-07	9.69863e-08	7.12972e-08	6.35489e-08	5.38351e-08	3.54155e-08	2.06496e-08	5.79549e-09
1.96732e-06	3.09779e-07	3.61595e-07	2.95681e-07	2.93073e-07	2.54523e-07	2.23229e-07	1.5996e-07	1.27646e-07	1.09958e-07	9.52807e-08	6.93535e-08	6.20591e-08	5.57473e-08	3.78578e-08	2.18832e-08	3.96845e-09
1.88566e-06	2.78163e-07	3.44428e-07	2.82459e-07	2.8072e-07	2.44148e-07	2.17163e-07	1.57008e-07	1.28008e-07	1.10875e-07	9.46484e-08	6.93517e-08	6.32417e-08	5.53302e-08	3.86883e-08	2.32936e-08	8.80597e-09
1.82994e-06	2.45553e-07	3.2614e-07	2.7124e-07	2.72096e-07	2.3511e-07	2.13353e-07	1.55593e-07	1.26127e-07	1.11527e-07	9.68254e-08	7.01562e-08	6.56085e-08	5.7483e-08	3.97203e-08	2.36206e-08	1.02293e-08
1.79131e-06	2.26475e-07	3.15374e-07	2.67932e-07	2.68537e-07	2.32093e-07	2.14217e-07	1.57529e-07	1.27523e-07	1.13766e-07	9.90275e-08	7.29762e-08	6.90207e-08	6.18024e-08	4.3889e-08	2.9969e-08	1.45373e-08
1.95834e-06	2.96161e-07	3.61437e-07	2.99347e-07	2.99713e-07	2.59353e-07	2.3033e-07	1.68758e-07	1.37619e-07	1.19857e-07	1.01114e-07	7.57312e-08	6.76568e-08	5.83982e-08	4.12541e-08	2.51682e-08	8.07447e-09
1.98919e-06	3.27291e-07	3.75107e-07	3.07805e-07	3.05273e-07	2.61324e-07	2.33247e-07	1.68388e-07	1.35549e-07	1.1697e-07	9.88814e-08	7.29077e-08	6.72142e-08	5.71245e-08	4.06611e-08	2.7057e-08	1.16642e-08
2.01488e-06	3.72534e-07	3.94289e-07	3.25536e-07	3.1537e-07	2.72391e-07	2.41793e-07	1.7721e-07	1.4204e-07	1.24165e-07	1.04905e-07	7.71925e-08	7.19522e-08	6.13584e-08	4.29673e-08	2.81032e-08	1.3025e-08
2.09944e-06	3.971e-07	4.1335e-07	3.35063e-07	3.25049e-07	2.79299e-07	2.46624e-07	1.78944e-07	1.42326e-07	1.2381e-07	1.02686e-07	7.55908e-08	6.88517e-08	5.94674e-08	4.07366e-08	2.5684e-08	9.61102e-09
2.18525e-06	4.21978e-07	4.34902e-07	3.48163e-07	3.35517e-07	2.86618e-07	2.48186e-07	1.79863e-07	1.44392e-07	1.21517e-07	1.00846e-07	7.49358e-08	6.64206e-08	5.78551e-08	4.04091e-08	2.615e-08	9.97632e-09
2.26153e-06	4.71534e-07	4.63838e-07	3.7141e-07	3.50917e-07	2.99312e-07	2.60454e-07	1.86706e-07	1.51375e-07	1.26058e-07	1.05842e-07	7.66702e-08	7.11659e-08	6.16435e-08	4.35686e-08	2.98015e-08	1.39813e-08
2.40535e-06	5.27836e-07	5.08212e-07	4.00081e-07	3.74978e-07	3.17883e-07	2.72678e-07	1.92848e-07	1.51649e-07	1.27768e-07	1.08232e-07	7.64667e-08	6.85442e-08	5.8279e-08	3.95622e-08	2.50019e-08	1.16382e-08
2.6094e-06	6.07988e-07	5.7048e-07	4.45288e-07	4.1467e-07	3.49064e-07	2.93761e-07	2.07776e-07	1.63165e-07	1.37283e-07	1.14562e-07	8.31633e-08	7.85914e-08	6.41074e-08	4.54042e-08	3.01645e-08	1.58316e-08
2.81408e-06	6.96962e-07	6.30183e-07	4.86914e-07	4.46295e-07	3.70699e-07	3.05796e-07	2.13298e-07	1.65348e-07	1.36896e-07	1.11882e-07	8.07345e-08	7.13008e-08	6.20056e-08	4.40324e-08	2.93844e-08	1.58572e-08
3.00981e-06	7.92854e-07	6.98103e-07	5.35794e-07	4.84899e-07	4.03625e-07	3.29164e-07	2.27499e-07	1.73909e-07	1.42422e-07	1.16187e-07	8.36293e-08	7.28482e-08	5.91325e-08	3.98121e-08	2.45472e-08	7.25459e-09
3.15298e-06	8.67465e-07	7.51455e-07	5.71677e-07	5.13187e-07	4.2588e-07	3.43422e-07	2.3483e-07	1.77939e-07	1.44764e-07	1.18076e-07	8.54807e-08	7.46115e-08	6.25205e-08	4.55805e-08	2.87413e-08	1.23933e-08
3.23494e-06	9.27706e-07	7.91405e-07	6.02396e-07	5.34938e-07	4.41535e-07	3.54027e-07	2.41253e-07	1.81957e-07	1.47208e-07	1.1795e-07	8.29618e-08	7.08204e-08	5.85657e-08	4.00892e-08	2.50384e-08	9.54684e-09
3.28511e-06	9.67468e-07	8.17187e-07	6.21074e-07	5.48666e-07	4.52908e-07	3.61848e-07	2.44691e-07	1.85105e-07	1.50822e-07	1.20708e-07	8.60097e-08	7.276e-08	6.07068e-08	4.20917e-08	2.74944e-08	1.27585e-08
3.30962e-06	9.65339e-07	8.18043e-07	6.19247e-07	5.47911e-07	4.51422e-07	3.62175e-07	2.4585e-07	1.86982e-07	1.5154e-07	1.20658e-07	8.65009e-08	7.34779e-08	5.99637e-08	4.03789e-08	2.57689e-08	1.02899e-08
3.26664e-06	9.20943e-07	7.90221e-07	5.96766e-07	5.315e-07	4.38059e-07	3.50588e-07	2.37412e-07	1.79413e-07	1.46162e-07	1.15885e-07	8.17905e-08	6.91201e-08	5.76715e-08	3.70286e-08	2.39805e-08	9.635e-09
3.13243e-06	8.60337e-07	7.49125e-07	5.70002e-07	5.13451e-07	4.20854e-07	3.45084e-07	2.34477e-07	1.78821e-07	1.46188e-07	1.17257e-07	8.36923e-08	7.1765e-08	6.0203e-08	4.09204e-08	2.75322e-08	1.17005e-08
2.93603e-06	7.80764e-07	6.93806e-07	5.32257e-07	4.81737e-07	4.01945e-07	3.30063e-07	2.27385e-07	1.73842e-07	1.43033e-07	1.15727e-07	8.45782e-08	7.38847e-08	6.3229e-08	4.47137e-08	2.73194e-08	1.25324e-08
2.73974e-06	7.04527e-07	6.42031e-07	4.9806e-07	4.53097e-07	3.78586e-07	3.12879e-07	2.1896e-07	1.69904e-07	1.39512e-07	1.13441e-07	8.26721e-08	7.29867e-08	6.21804e-08	4.16761e-08	2.76203e-08	1.32497e-08
2.57537e-06	6.42972e-07	5.9301e-07	4.63564e-07	4.26952e-07	3.60693e-07	2.98766e-07	2.11234e-07	1.65063e-07	1.36436e-07	1.12242e-07	8.19018e-08	7.42695e-08	6.42443e-08	4.37657e-08	2.91436e-08	1.3539e-08
2.45433e-06	5.89255e-07	5.59281e-07	4.36223e-07	4.05065e-07	3.41994e-07	2.86328e-07	2.01002e-07	1.5919e-07	1.34556e-07	1.09846e-07	8.08796e-08	6.91796e-08	6.12453e-08	4.21274e-08	2.8299e-08	1.24808e-08
2.34769e-06	5.41938e-07	5.30705e-07	4.21967e-07	3.93554e-07	3.29765e-07	2.82512e-07	1.99038e-07	1.59039e-07	1.32579e-07	1.09254e-07	8.15597e-08	7.18874e-08	6.1812e-08	4.25178e-08	2.74426e-08	1.02013e-08
2.25808e-06	4.93124e-07	5.00302e-07	3.96595e-07	3.74518e-07	3.16198e-07	2.69791e-07	1.91283e-07	1.51361e-07	1.28177e-07	1.05282e-07	7.65559e-08	6.83198e-08	6.0134e-08	4.1886e-08	2.77435e-08	1.2795e-08
2.18975e-06	4.43932e-07	4.77835e-07	3.84628e-07	3.66178e-07	3.0807e-07	2.65327e-07	1.91086e-07	1.51302e-07	1.30938e-07	1.07438e-07	7.88751e-08	7.05506e-08	6.22387e-08	4.36124e-08	2.82228e-08	1.13596e-08
2.14247e-06	3.9122e-07	4.48746e-07	3.58616e-07	3.49738e-07	2.95827e-07	2.56926e-07	1.83961e-07	1.47063e-07	1.25516e-07	1.04649e-07	7.68059e-08	7.00181e-08	6.02584e-08	4.2162e-08	2.82087e-08	1.41296e-08
2.10568e-06	3.32855e-07	4.19809e-07	3.38534e-07	3.35802e-07	2.84498e-07	2.49314e-07	1.77849e-07	1.41103e-07	1.19532e-07	1.0141e-07	7.3492e-08	6.63644e-08	5.81161e-08	4.02846e-08	2.78806e-08	1.30588e-08
2.08356e-06	2.7409e-07	3.92674e-07	3.16816e-07	3.1907e-07	2.70224e-07	2.40279e-07	1.72442e-07	1.37838e-07	1.1696e-07	9.67612e-08	7.23568e-08	6.51413e-08	5.67546e-08	3.93266e-08	2.60288e-08	1.05652e-08
2.07403e-06	2.35254e-07	3.69113e-07	2.9624e-07	3.07032e-07	2.61472e-07	2.28567e-07	1.63401e-07	1.30623e-07	1.1118e-07	9.27568e-08	6.78235e-08	6.09983e-08	5.4765e-08	3.6808e-08	2.68851e-08	1.20511e-08
2.1051e-06	2.90557e-07	3.59834e-07	2.84412e-07	2.87698e-07	2.43855e-07	2.17263e-07	1.56887e-07	1.25006e-07	1.06963e-07	8.9864e-08	6.54873e-08	5.89398e-08	5.38655e-08	3.75472e-08	2.53211e-08	1.22891e-08
2.11779e-06	3.20935e-07	3.69967e-07	2.93007e-07	2.93661e-07	2.50397e-07	2.21386e-07	1.61097e-07	1.29429e-07	1.11398e-07	9.39963e-08	7.0173e-08	6.42298e-08	5.82236e-08	4.01798e-08	2.55861e-08	1.13954e-08
2.1252e-06	3.35382e-07	3.76051e-07	2.93327e-07	2.90179e-07	2.4558e-07	2.16986e-07	1.57227e-07	1.26958e-07	1.08575e-07	9.2206e-08	6.94409e-08	6.27424e-08	5.61445e-08	3.8693e-08	2.48804e-08	1.03878e-08
2.11361e-06	3.53123e-07	3.76694e-07	2.91287e-07	2.88076e-07	2.43541e-07	2.15764e-07	1.55855e-07	1.23244e-07	1.06623e-07	9.22312e-08	6.86477e-08	6.30698e-08	5.71015e-08	4.04432e-08	2.85822e-08	1.36238e-08
2.1014e-06	3.52535e-07	3.72932e-07	2.88673e-07	2.8336e-07	2.40865e-07	2.12762e-07	1.52401e-07	1.21465e-07	1.05575e-07	8.88797e-08	6.53975e-08	6.17713e-08	5.48589e-08	3.89187e-08	2.58996e-08	1.18607e-08
2.08344e-06	3.51254e-07	3.69712e-07	2.84272e-07	2.77133e-07	2.32801e-07	2.03742e-07	1.44755e-07	1.15167e-07	9.92143e-08	8.33375e-08	6.16942e-08	5.62928e-08	5.00478e-08	3.37807e-08	2.23106e-08	9.89625e-09
2.0606e-06	3.53898e-07	3.66778e-07	2.83088e-07	2.75093e-07	2.30031e-07	2.02307e-07	1.44201e-07	1.14902e-07	9.6734e-08	8.2431e-08	6.05359e-08	5.50589e-08	4.80963e-08	3.44228e-08	2.26254e-08	1.14575e-08
2.03834e-06	3.55526e-07	3.66996e-07	2.83975e-07	2.75829e-07	2.29799e-07	2.02465e-07	1.47093e-07	1.17405e-07	1.0032e-07	8.67978e-08	6.47395e-08	5.8608e-08	4.94297e-08	3.45857e-08	2.32543e-08	1.16335e-08
2.00769e-06	3.47195e-07	3.59508e-07	2.78151e-07	2.69263e-07	2.2623e-07	1.99023e-07	1.41587e-07	1.12655e-07	9.55834e-08	8.1961e-08	6.19177e-08	5.64159e-08	5.08763e-08	3.66244e-08	2.45379e-08	1.17087e-08
1.98562e-06	3.37971e-07	3.52021e-07	2.74808e-07	2.6772e-07	2.24197e-07	1.9645e-07	1.39708e-07	1.10928e-07	9.65756e-08	8.18834e-08	5.94612e-08	5.68929e-08	5.1152e-08	3.65983e-08	2.64887e-08	1.43019e-08
1.95126e-06	3.15016e-07	3.40773e-07	2.62583e-07	2.58328e-07	2.12894e-07	1.85097e-07	1.29592e-07	1.04099e-07	8.92943e-08	7.44769e-08	5.4561e-08	5.04822e-08	4.55095e-08	3.1523e-08	2.10237e-08	8.67387e-09
1.91882e-06	3.05466e-07	3.31877e-07	2.57339e-07	2.53512e-07	2.11214e-07	1.84878e-07	1.28355e-07	1.02561e-07	8.91409e-08	7.5243e-08	5.42575e-08	5.21048e-08	4.69309e-08	3.39015e-08	2.39564e-08	1.10026e-08
1.89003e-06	2.86248e-07	3.19318e-07	2.45386e-07	2.39533e-07	1.99716e-07	1.74111e-07	1.20509e-07	9.69435e-08	8.0931e-08	6.70838e-08	4.80878e-08	4.46764e-08	4.08746e-08	2.82862e-08	1.92351e-08	8.15731e-09
1.87269e-06	2.75213e-07	3.11515e-07	2.39452e-07	2.35096e-07	1.96352e-07	1.70963e-07	1.18675e-07	9.21907e-08	7.99053e-08	6.78465e-08	4.69765e-08	4.56926e-08	4.17779e-08	2.914e-08	1.92714e-08	5.94129e-09
1.84652e-06	2.69328e-07	3.01312e-07	2.30446e-07	2.28155e-07	1.89777e-07	1.66755e-07	1.14543e-07	8.96836e-08	7.85439e-08	6.67749e-08	4.48481e-08	4.50495e-08	4.10593e-08	2.90638e-08	1.99129e-08	5.96632e-09
1.81911e-06	2.5241e-07	2.90019e-07	2.22102e-07	2.22429e-07	1.83738e-07	1.60201e-07	1.11479e-07	8.68093e-08	7.35053e-08	6.14097e-08	4.2983e-08	4.11202e-08	3.7898e-08	2.69478e-08	1.83134e-08	8.69729e-09
1.77947e-06	2.35507e-07	2.7484e-07	2.10824e-07	2.12108e-07	1.76136e-07	1.56337e-07	1.06797e-07	8.51479e-08	7.21963e-08	6.18502e-08	4.33606e-08	4.14349e-08	3.81246e-08	2.76149e-08	1.78729e-08	6.87225e-09
1.58027e-06	3.02951e-07	2.85932e-07	2.14043e-07	2.03401e-07	1.66922e-07	1.41362e-07	9.44929e-08	7.24924e-08	6.12217e-08	4.95233e-08	3.32335e-08	3.07806e-08	2.68686e-08	1.72331e-08	1.02393e-08	3.49694e-09
1.5679e-06	3.27086e-07	3.06179e-07	2.30766e-07	2.1669e-07	1.78625e-07	1.48473e-07	1.00533e-07	7.80165e-08	6.88211e-08	5.74494e-08	3.98133e-08	3.85931e-08	3.09575e-08	2.05797e-08	1.46422e-08	8.40294e-09
1.55711e-06	3.37761e-07	3.12263e-07	2.33502e-07	2.18318e-07	1.79208e-07	1.4664e-07	9.89131e-08	7.54397e-08	6.30865e-08	5.0985e-08	3.56882e-08	3.3361e-08	3.05054e-08	2.35741e-08	1.81397e-08	1.2089e-08
1.53218e-06	3.48106e-07	3.18808e-07	2.43182e-07	2.26892e-07	1.8728e-07	1.54058e-07	1.04345e-07	7.9048e-08	6.59656e-08	5.41914e-08	3.8178e-08	3.36495e-08	2.98002e-08	1.95733e-08	1.53718e-08	4.31468e-09
1.46464e-06	3.3031e-07	3.03882e-07	2.34861e-07	2.18119e-07	1.79376e-07	1.47777e-07	9.66314e-08	7.36622e-08	6.07059e-08	5.10076e-08	3.5372e-08	3.09819e-08	2.92083e-08	1.7686e-08	1.13336e-08	4.40263e-10
1.39352e-06	3.09358e-07	2.92214e-07	2.28616e-07	2.14088e-07	1.77283e-07	1.47082e-07	9.88428e-08	7.49434e-08	6.21635e-08	5.00377e-08	3.55975e-08	3.22264e-08	2.79748e-08	1.81384e-08	8.36478e-09	6.41509e-10
1.32829e-06	2.78331e-07	2.74772e-07	2.15242e-07	2.05683e-07	1.71283e-07	1.44794e-07	9.72883e-08	7.41831e-08	6.17815e-08	4.95434e-08	3.42364e-08	3.15448e-08	2.84129e-08	1.67283e-08	8.96788e-09	2.75451e-09
1.22704e-06	2.49013e-07	2.55792e-07	2.07884e-07	2.00224e-07	1.68553e-07	1.42668e-07	9.80681e-08	7.4573e-08	6.28254e-08	5.28136e-08	3.65255e-08	3.3922e-08	3.08404e-08	2.02878e-08	1.38229e-08	7.39567e-09
1.14482e-06	2.15249e-07	2.32153e-07	1.91075e-07	1.87541e-07	1.59129e-07	1.36376e-07	9.37013e-08	7.08734e-08	6.05222e-08	4.91523e-08	3.18459e-08	3.04498e-08	2.78211e-08	1.79101e-08	1.00745e-08	4.56558e-09
1.47232e-06	3.47698e-07	3.10565e-07	2.44687e-07	2.25775e-07	1.90982e-07	1.66398e-07	1.15635e-07	9.01215e-08	7.49063e-08	6.12378e-08	4.35707e-08	3.98486e-08	3.65289e-08	2.39419e-08	1.43224e-08	4.4891e-09
1.6915e-06	4.04695e-07	3.44462e-07	2.62223e-07	2.40204e-07	1.98494e-07	1.69433e-07	1.14984e-07	8.94573e-08	7.44052e-08	5.9328e-08	4.00131e-08	3.51215e-08	3.12359e-08	1.83341e-08	1.18581e-08	3.40778e-09
1.94893e-06	4.70636e-07	3.84381e-07	2.85148e-07	2.62412e-07	2.13996e-07	1.80332e-07	1.22221e-07	9.58501e-08	7.92631e-08	6.30785e-08	4.26937e-08	3.74245e-08	3.28471e-08	2.13908e-08	1.52163e-08	4.89185e-09
2.13683e-06	5.46793e-07	4.31036e-07	3.20926e-07	2.93071e-07	2.44178e-07	2.07746e-07	1.4287e-07	1.14952e-07	9.57621e-08	7.72636e-08	5.6992e-08	5.02515e-08	4.35865e-08	2.86217e-08	1.69014e-08	3.81036e-09
2.19955e-06	5.97674e-07	4.69253e-07	3.51849e-07	3.18436e-07	2.64261e-07	2.22082e-07	1.51207e-07	1.19303e-07	9.92203e-08	7.94391e-08	5.61117e-08	5.03647e-08	4.36494e-08	2.62324e-08	1.32671e-08	4.18763e-09
2.2048e-06	6.47291e-07	5.09042e-07	3.86375e-07	3.46257e-07	2.88873e-07	2.37223e-07	1.63426e-07	1.24906e-07	1.02332e-07	8.03235e-08	5.93591e-08	4.9336e-08	4.3136e-08	2.84094e-08	1.76065e-08	7.91036e-09
2.2213e-06	7.03521e-07	5.65292e-07	4.31615e-07	3.84457e-07	3.2124e-07	2.6206e-07	1.78546e-07	1.36167e-07	1.09105e-07	8.58275e-08	6.13682e-08	5.21378e-08	4.3159e-08	2.71127e-08	1.72032e-08	6.46378e-09
2.2259e-06	7.52603e-07	6.09148e-07	4.73867e-07	4.19438e-07	3.50822e-07	2.8437e-07	1.93483e-07	1.45367e-07	1.18379e-07	9.21576e-08	6.29182e-08	5.16374e-08	4.53368e-08	2.83088e-08	1.70406e-08	5.50833e-09
2.19252e-06	7.61438e-07	6.29788e-07	4.96064e-07	4.37445e-07	3.67872e-07	2.97922e-07	2.03109e-07	1.54212e-07	1.23601e-07	9.48386e-08	6.39007e-08	5.15004e-08	4.2634e-08	2.56433e-08	1.30543e-08	1.68524e-09
2.11122e-06	7.24047e-07	6.16451e-07	4.89649e-07	4.40309e-07	3.72444e-07	3.04503e-07	2.13005e-07	1.62747e-07	1.32398e-07	1.03559e-07	7.33493e-08	6.164e-08	5.15281e-08	3.37945e-08	1.9922e-08	7.13118e-09
2.00823e-06	6.76322e-07	5.90607e-07	4.77814e-07	4.3373e-07	3.67334e-07	3.0495e-07	2.10218e-07	1.66675e-07	1.35483e-07	1.07096e-07	7.75394e-08	6.27232e-08	5.20702e-08	3.51788e-08	2.18343e-08	3.63485e-09
1.94709e-06	6.22343e-07	5.58574e-07	4.54783e-07	4.16874e-07	3.56552e-07	2.96154e-07	2.11078e-07	1.66252e-07	1.35839e-07	1.08319e-07	7.87362e-08	6.64227e-08	5.37192e-08	3.56451e-08	2.17091e-08	8.8421e-09
1.9323e-06	5.8913e-07	5.41005e-07	4.3809e-07	4.07914e-07	3.49601e-07	2.94055e-07	2.12485e-07	1.67203e-07	1.37669e-07	1.07557e-07	7.96332e-08	6.59858e-08	5.31811e-08	3.39237e-08	1.8553e-08	8.27652e-09
1.97385e-06	5.95394e-07	5.43911e-07	4.38794e-07	4.07851e-07	3.49325e-07	2.95049e-07	2.12913e-07	1.66549e-07	1.38122e-07	1.09645e-07	8.06017e-08	6.62876e-08	5.31559e-08	3.41375e-08	2.27038e-08	1.07041e-08
2.05608e-06	6.16755e-07	5.59447e-07	4.52277e-07	4.21472e-07	3.60063e-07	3.03912e-07	2.19887e-07	1.74881e-07	1.44415e-07	1.17082e-07	8.6956e-08	7.23774e-08	5.87296e-08	4.02642e-08	2.59497e-08	1.35346e-08
2.17579e-06	6.53576e-07	5.89373e-07	4.7576e-07	4.42087e-07	3.78337e-07	3.17731e-07	2.31213e-07	1.84722e-07	1.52759e-07	1.2306e-07	9.15621e-08	7.8002e-08	6.40142e-08	4.10325e-08	2.29817e-08	9.01909e-09
2.30477e-06	6.94055e-07	6.21349e-07	4.97849e-07	4.59156e-07	3.9489e-07	3.30637e-07	2.40975e-07	1.93087e-07	1.58834e-07	1.27865e-07	9.50087e-08	7.98511e-08	6.57878e-08	4.29445e-08	2.61264e-08	1.10317e-08
2.41339e-06	7.26288e-07	6.47165e-07	5.11875e-07	4.74087e-07	4.0709e-07	3.36394e-07	2.42943e-07	1.92249e-07	1.59052e-07	1.26811e-07	9.54765e-08	7.83939e-08	6.48209e-08	4.27191e-08	2.61397e-08	1.27302e-08
2.5017e-06	7.56327e-07	6.72826e-07	5.34694e-07	4.94478e-07	4.22738e-07	3.50735e-07	2.56466e-07	2.0362e-07	1.68021e-07	1.35982e-07	1.01187e-07	8.19915e-08	6.58021e-08	4.1826e-08	2.4278e-08	9.00674e-09
2.5628e-06	7.81392e-07	6.93813e-07	5.50117e-07	5.05925e-07	4.31127e-07	3.57763e-07	2.60712e-07	2.05185e-07	1.69887e-07	1.35306e-07	1.01341e-07	8.16414e-08	6.33884e-08	4.07075e-08	2.16746e-08	6.41558e-09
2.61915e-06	8.17257e-07	7.22834e-07	5.71087e-07	5.23624e-07	4.4665e-07	3.70041e-07	2.69668e-07	2.12029e-07	1.74013e-07	1.41231e-07	1.0519e-07	8.50127e-08	6.74139e-08	4.2695e-08	2.37376e-08	9.37178e-09
2.64279e-06	8.64858e-07	7.47302e-07	5.92271e-07	5.38544e-07	4.59884e-07	3.81777e-07	2.76549e-07	2.18042e-07	1.80303e-07	1.44577e-07	1.06901e-07	8.69248e-08	6.79422e-08	4.39153e-08	2.53478e-08	1.09316e-08
2.65646e-06	9.1101e-07	7.72795e-07	6.13382e-07	5.54018e-07	4.71884e-07	3.89385e-07	2.84494e-07	2.24438e-07	1.85138e-07	1.48078e-07	1.10477e-07	9.08393e-08	7.18563e-08	4.74891e-08	2.89966e-08	1.25925e-08
2.65774e-06	9.46849e-07	7.91659e-07	6.28331e-07	5.62939e-07	4.80878e-07	3.94238e-07	2.88225e-07	2.27148e-07	1.8586e-07	1.47893e-07	1.09095e-07	8.88162e-08	6.91911e-08	4.59303e-08	2.59278e-08	1.12341e-08
2.67036e-06	9.73054e-07	8.04949e-07	6.36718e-07	5.69542e-07	4.85961e-07	3.9565e-07	2.88218e-07	2.28778e-07	1.83578e-07	1.45511e-07	1.07835e-07	8.88014e-08	6.93026e-08	4.45831e-08	2.54239e-08	9.96327e-09
2.70065e-06	9.94716e-07	8.20229e-07	6.48283e-07	5.79079e-07	4.93672e-07	4.02277e-07	2.92439e-07	2.29752e-07	1.8708e-07	1.48082e-07	1.08391e-07	8.75708e-08	6.77947e-08	4.28607e-08	2.32608e-08	1.01774e-08
2.77531e-06	1.02725e-06	8.42194e-07	6.65455e-07	5.93446e-07	5.08655e-07	4.15411e-07	3.00503e-07	2.36042e-07	1.92402e-07	1.52371e-07	1.12781e-07	9.00994e-08	6.92414e-08	4.26343e-08	2.60788e-08	1.03535e-08
2.92065e-06	1.07192e-06	8.74145e-07	6.88532e-07	6.12696e-07	5.21991e-07	4.26492e-07	3.0699e-07	2.39042e-07	1.93086e-07	1.52451e-07	1.10256e-07	8.71075e-08	6.55445e-08	3.85844e-08	2.21669e-08	7.71186e-09
3.1292e-06	1.14415e-06	9.28589e-07	7.23466e-07	6.43891e-07	5.44185e-07	4.42844e-07	3.18102e-07	2.461e-07	1.96128e-07	1.53691e-07	1.10349e-07	8.76906e-08	6.60762e-08	3.99955e-08	2.19667e-08	7.52353e-09
3.32644e-06	1.23751e-06	9.87155e-07	7.695e-07	6.80291e-07	5.74414e-07	4.64536e-07	3.33686e-07	2.57058e-07	2.05465e-07	1.59571e-07	1.15539e-07	9.13723e-08	6.96709e-08	4.33273e-08	2.53497e-08	9.2341e-09
3.50786e-06	1.32197e-06	1.03861e-06	8.04406e-07	7.04589e-07	5.93161e-07	4.76549e-07	3.36084e-07	2.55693e-07	2.03822e-07	1.56027e-07	1.10749e-07	8.638e-08	6.42377e-08	3.75915e-08	1.82674e-08	6.85655e-09
3.65225e-06	1.4047e-06	1.08961e-06	8.39305e-07	7.32544e-07	6.16964e-07	4.91835e-07	3.46438e-07	2.64197e-07	2.08678e-07	1.6033e-07	1.1436e-07	9.0431e-08	6.77352e-08	4.15419e-08	2.09597e-08	6.27784e-09
3.73115e-06	1.46198e-06	1.12376e-06	8.62649e-07	7.47515e-07	6.26557e-07	4.94377e-07	3.45163e-07	2.62008e-07	2.01459e-07	1.50874e-07	1.07536e-07	8.11549e-08	6.0385e-08	3.44194e-08	1.50962e-08	4.75532e-09
3.80054e-06	1.50876e-06	1.15033e-06	8.75833e-07	7.54787e-07	6.28167e-07	4.92766e-07	3.38684e-07	2.51579e-07	1.96415e-07	1.46157e-07	1.01522e-07	7.78463e-08	5.6007e-08	3.14253e-08	1.52472e-08	7.59844e-09
3.87144e-06	1.54877e-06	1.17513e-06	8.90477e-07	7.62197e-07	6.30394e-07	4.94465e-07	3.34721e-07	2.49553e-07	1.91999e-07	1.42987e-07	1.01648e-07	7.79469e-08	5.8435e-08	3.51994e-08	1.83797e-08	8.50421e-09
3.96837e-06	1.56749e-06	1.18636e-06	8.94112e-07	7.63203e-07	6.30595e-07	4.8903e-07	3.30394e-07	2.4232e-07	1.86891e-07	1.38672e-07	9.46786e-08	7.23236e-08	5.36294e-08	3.18279e-08	1.73481e-08	6.79331e-09
4.06486e-06	1.58812e-06	1.20094e-06	9.0394e-07	7.73172e-07	6.39133e-07	4.93861e-07	3.34172e-07	2.44654e-07	1.89705e-07	1.4136e-07	9.91546e-08	7.63347e-08	5.74775e-08	3.48211e-08	1.90459e-08	7.91275e-09
4.16145e-06	1.59263e-06	1.20658e-06	9.07533e-07	7.75828e-07	6.39631e-07	4.93924e-07	3.32126e-07	2.4381e-07	1.86217e-07	1.39631e-07	9.76374e-08	7.4527e-08	5.70904e-08	3.31874e-08	1.77008e-08	4.95672e-09
4.25047e-06	1.60486e-06	1.21258e-06	9.07498e-07	7.76475e-07	6.37401e-07	4.91068e-07	3.28834e-07	2.4032e-07	1.81809e-07	1.36797e-07	9.24141e-08	7.21852e-08	5.44094e-08	3.24192e-08	1.76123e-08	4.69241e-09
4.33959e-06	1.62873e-06	1.22531e-06	9.10995e-07	7.745e-07	6.32797e-07	4.83444e-07	3.20418e-07	2.31765e-07	1.7611e-07	1.29463e-07	8.75708e-08	6.60964e-08	4.91383e-08	2.88841e-08	1.37376e-08	3.34633e-09
4.37016e-06	1.67329e-06	1.25711e-06	9.32822e-07	7.88955e-07	6.4393e-07	4.90288e-07	3.24519e-07	2.33476e-07	1.77481e-07	1.314e-07	8.99358e-08	6.92288e-08	5.2082e-08	3.11612e-08	1.62285e-08	8.17713e-09
4.36304e-06	1.71985e-06	1.29097e-06	9.59644e-07	8.08836e-07	6.59211e-07	4.99107e-07	3.23706e-07	2.36049e-07	1.75238e-07	1.28856e-07	8.83611e-08	6.52015e-08	4.83571e-08	2.76883e-08	1.2756e-08	3.38399e-09
4.40917e-06	1.79423e-06	1.34536e-06	1.00226e-06	8.41511e-07	6.82833e-07	5.13549e-07	3.30805e-07	2.37004e-07	1.78845e-07	1.29982e-07	8.76359e-08	6.78719e-08	5.47127e-08	3.56029e-08	2.01666e-08	6.30284e-09
4.48259e-06	1.85457e-06	1.3928e-06	1.03617e-06	8.63681e-07	6.9839e-07	5.2038e-07	3.34231e-07	2.37439e-07	1.76903e-07	1.27651e-07	8.49918e-08	6.5178e-08	5.02453e-08	3.14128e-08	1.90087e-08	9.35967e-09
4.58192e-06	1.9296e-06	1.45054e-06	1.0772e-06	8.9374e-07	7.19249e-07	5.28744e-07	3.33069e-07	2.34445e-07	1.7078e-07	1.22236e-07	8.12388e-08	6.05706e-08	4.44562e-08	2.52975e-08	1.23657e-08	4.85571e-09
4.75197e-06	2.01689e-06	1.52127e-06	1.12622e-06	9.29202e-07	7.42899e-07	5.42607e-07	3.39133e-07	2.34659e-07	1.73963e-07	1.22475e-07	8.09118e-08	6.12122e-08	4.56261e-08	2.62158e-08	1.31708e-08	9.10761e-09
4.93108e-06	2.10241e-06	1.58682e-06	1.16471e-06	9.52136e-07	7.55396e-07	5.42669e-07	3.33224e-07	2.27408e-07	1.65706e-07	1.14861e-07	7.39786e-08	5.4921e-08	4.03165e-08	2.15105e-08	1.01892e-08	1.06924e-09
5.11695e-06	2.21102e-06	1.65051e-06	1.201e-06	9.72804e-07	7.65233e-07	5.43159e-07	3.30193e-07	2.23961e-07	1.627e-07	1.14647e-07	7.49094e-08	5.61286e-08	4.06813e-08	2.341e-08	1.22773e-08	8.0633e-09
5.32405e-06	2.33544e-06	1.70318e-06	1.22239e-06	9.75898e-07	7.61988e-07	5.34253e-07	3.21186e-07	2.15772e-07	1.55844e-07	1.09653e-07	7.18527e-08	5.32857e-08	3.95366e-08	2.30829e-08	1.23528e-08	7.71108e-09
5.52864e-06	2.44502e-06	1.73496e-06	1.22906e-06	9.73409e-07	7.5317e-07	5.2205e-07	3.08e-07	2.0683e-07	1.49484e-07	1.05434e-07	6.9283e-08	5.28428e-08	4.01635e-08	2.41887e-08	1.18365e-08	3.92453e-09
5.6806e-06	2.50811e-06	1.73168e-06	1.21371e-06	9.54919e-07	7.32221e-07	5.06981e-07	3.00684e-07	2.02385e-07	1.46248e-07	1.03381e-07	6.82247e-08	5.32188e-08	4.09424e-08	2.72823e-08	1.63769e-08	6.26399e-09
5.74525e-06	2.47326e-06	1.66957e-06	1.15085e-06	9.02745e-07	6.96951e-07	4.84441e-07	2.90081e-07	1.98108e-07	1.38525e-07	9.92805e-08	6.70927e-08	4.99987e-08	3.98984e-08	2.48421e-08	1.50688e-08	7.37088e-09
5.67328e-06	2.32394e-06	1.52177e-06	1.03464e-06	8.12943e-07	6.31107e-07	4.43937e-07	2.71233e-07	1.86176e-07	1.35925e-07	9.79874e-08	6.63522e-08	4.90818e-08	3.79497e-08	2.2805e-08	1.16101e-08	4.02516e-09
5.35927e-06	2.0382e-06	1.30022e-06	8.7584e-07	6.98548e-07	5.46326e-07	3.94116e-07	2.44598e-07	1.70952e-07	1.26211e-07	9.19851e-08	6.16966e-08	4.59611e-08	3.77223e-08	2.27667e-08	1.2201e-08	4.20115e-09
4.74752e-06	1.6397e-06	1.0438e-06	7.08769e-07	5.8143e-07	4.61046e-07	3.4431e-07	2.19134e-07	1.54407e-07	1.1539e-07	8.5002e-08	5.63997e-08	4.37965e-08	3.49542e-08	2.09423e-08	1.23516e-08	8.67881e-09
3.98346e-06	1.23462e-06	8.1894e-07	5.72562e-07	4.90063e-07	3.96181e-07	3.05481e-07	2.00808e-07	1.44571e-07	1.12548e-07	8.21342e-08	5.64626e-08	4.71045e-08	3.71176e-08	2.48793e-08	1.47037e-08	8.02475e-09
3.20441e-06	9.16107e-07	6.62592e-07	4.83196e-07	4.27955e-07	3.5059e-07	2.76822e-07	1.86099e-07	1.36065e-07	1.0486e-07	8.056e-08	5.50776e-08	4.55689e-08	3.6513e-08	2.44007e-08	1.51309e-08	7.93651e-09
2.49023e-06	7.04676e-07	5.59203e-07	4.2232e-07	3.81355e-07	3.16467e-07	2.51767e-07	1.69094e-07	1.23827e-07	9.64078e-08	7.33152e-08	5.19206e-08	4.11793e-08	3.2878e-08	2.36586e-08	1.45524e-08	6.35172e-09
1.99301e-06	5.74028e-07	4.82178e-07	3.74708e-07	3.41492e-07	2.86417e-07	2.30914e-07	1.5681e-07	1.17117e-07	9.21016e-08	7.17017e-08	4.95787e-08	3.93535e-08	3.17947e-08	2.09785e-08	1.10552e-08	5.28235e-09
1.68269e-06	4.80556e-07	4.17836e-07	3.30252e-07	3.05589e-07	2.60162e-07	2.14496e-07	1.496e-07	1.12863e-07	9.25143e-08	7.25425e-08	5.39415e-08	4.56912e-08	3.84345e-08	2.6889e-08	1.62994e-08	6.32609e-09
1.45191e-06	3.99293e-07	3.59126e-07	2.8835e-07	2.69222e-07	2.28036e-07	1.90573e-07	1.33643e-07	1.01725e-07	8.25599e-08	6.53814e-08	4.62914e-08	4.07958e-08	3.36779e-08	2.28376e-08	1.46633e-08	7.99819e-09
1.28846e-06	3.36519e-07	3.17404e-07	2.57344e-07	2.43184e-07	2.0703e-07	1.74874e-07	1.23026e-07	9.58753e-08	7.71253e-08	6.1167e-08	4.42153e-08	3.85941e-08	3.44064e-08	2.44467e-08	1.50151e-08	7.98541e-09
1.1588e-06	2.87214e-07	2.85932e-07	2.32062e-07	2.23449e-07	1.92038e-07	1.63267e-07	1.17144e-07	8.98071e-08	7.31082e-08	5.81194e-08	4.15713e-08	3.83774e-08	3.27063e-08	2.25209e-08	1.43224e-08	8.81473e-09
1.04538e-06	2.39325e-07	2.48604e-07	2.06104e-07	2.01753e-07	1.73147e-07	1.48614e-07	1.05397e-07	8.10029e-08	6.52475e-08	5.2208e-08	3.5346e-08	3.16995e-08	2.59405e-08	1.66734e-08	8.9151e-09	6.86551e-09
8.06968e-07	2.68156e-07	2.50666e-07	2.10698e-07	1.98057e-07	1.67852e-07	1.37232e-07	9.68613e-08	6.96587e-08	5.72825e-08	4.10992e-08	2.73659e-08	2.31442e-08	1.66482e-08	8.00372e-09	5.39026e-09	2.87732e-09
8.32667e-07	2.83176e-07	2.60322e-07	2.18369e-07	2.02814e-07	1.74331e-07	1.45031e-07	1.01973e-07	7.51476e-08	6.02588e-08	4.49303e-08	2.73527e-08	2.52796e-08	1.85702e-08	1.09059e-08	4.64883e-09	5.90526e-10
8.78864e-07	2.94718e-07	2.70543e-07	2.23086e-07	2.09617e-07	1.81924e-07	1.50324e-07	1.02767e-07	7.95095e-08	6.17304e-08	4.6414e-08	3.03186e-08	2.48279e-08	1.89225e-08	1.3683e-08	4.88767e-09	2.32447e-09
9.32542e-07	2.94233e-07	2.7418e-07	2.24249e-07	2.11559e-07	1.79709e-07	1.47569e-07	1.00942e-07	7.56628e-08	6.03342e-08	4.17138e-08	2.78176e-08	2.21887e-08	1.6095e-08	1.03279e-08	4.29702e-09	4.90011e-09
1.00072e-06	3.02536e-07	2.82255e-07	2.27759e-07	2.12731e-07	1.81192e-07	1.49703e-07	1.03249e-07	7.85962e-08	5.98236e-08	4.27096e-08	2.82594e-08	2.18888e-08	1.60836e-08	1.06428e-08	7.31303e-09	3.30468e-09
1.06842e-06	3.2414e-07	2.94323e-07	2.39628e-07	2.22225e-07	1.89242e-07	1.56171e-07	1.07745e-07	7.92225e-08	6.31769e-08	4.76089e-08	3.10733e-08	2.66253e-08	2.08579e-08	1.36833e-08	7.91597e-09	4.79984e-09
1.09927e-06	3.47344e-07	3.00073e-07	2.38917e-07	2.17669e-07	1.8838e-07	1.49829e-07	1.01164e-07	7.51659e-08	5.77126e-08	4.21567e-08	2.82343e-08	2.28061e-08	1.74533e-08	1.02784e-08	5.60414e-09	3.14133e-09
1.10035e-06	3.65372e-07	3.09379e-07	2.44792e-07	2.16707e-07	1.89704e-07	1.50574e-07	9.97839e-08	7.74044e-08	6.2288e-08	4.67065e-08	2.90518e-08	2.31082e-08	1.89616e-08	4.00844e-09	4.0964e-09	-2.58853e-09
1.07986e-06	3.77896e-07	3.08394e-07	2.42737e-07	2.22782e-07	1.89382e-07	1.5245e-07	1.05529e-07	7.95677e-08	6.01156e-08	4.3805e-08	2.90274e-08	2.24303e-08	1.79065e-08	9.33652e-09	4.44835e-09	1.72154e-09
1.05707e-06	3.92476e-07	3.15071e-07	2.46576e-07	2.24448e-07	1.90257e-07	1.5462e-07	1.04584e-07	7.90505e-08	6.08303e-08	4.49097e-08	3.33618e-08	2.72172e-08	2.13365e-08	1.47018e-08	1.05803e-08	6.15717e-09
1.04956e-06	3.96987e-07	3.16805e-07	2.48197e-07	2.23958e-07	1.88749e-07	1.52409e-07	1.02624e-07	7.65374e-08	5.93099e-08	4.19819e-08	3.16152e-08	2.55585e-08	2.06579e-08	1.39353e-08	6.73519e-09	3.87022e-09
1.04672e-06	3.98118e-07	3.23e-07	2.51916e-07	2.2529e-07	1.89126e-07	1.53351e-07	1.04358e-07	7.96411e-08	5.91088e-08	4.2585e-08	3.02455e-08	2.39753e-08	1.82705e-08	1.03415e-08	4.22206e-09	1.73406e-09
1.05118e-06	3.91367e-07	3.18183e-07	2.4432e-07	2.18485e-07	1.8193e-07	1.46105e-07	9.98618e-08	7.40638e-08	5.6572e-08	4.17944e-08	2.83111e-08	2.12114e-08	1.66625e-08	9.87685e-09	5.73008e-09	3.38025e-09
1.03554e-06	3.98306e-07	3.17496e-07	2.48938e-07	2.21683e-07	1.85155e-07	1.51152e-07	1.04534e-07	7.94778e-08	6.14963e-08	4.62039e-08	3.33116e-08	2.66518e-08	2.08967e-08	1.61971e-08	1.05049e-08	6.57184e-09
1.02003e-06	3.91785e-07	3.09454e-07	2.40997e-07	2.14483e-07	1.79412e-07	1.46289e-07	1.00286e-07	7.72034e-08	6.18607e-08	4.46206e-08	3.23063e-08	2.64507e-08	2.11354e-08	1.55186e-08	8.25564e-09	3.15398e-09
9.77434e-07	3.68184e-07	2.88197e-07	2.25725e-07	2.03134e-07	1.70051e-07	1.37244e-07	9.26019e-08	6.94451e-08	5.53978e-08	4.0672e-08	2.9992e-08	2.30562e-08	1.77162e-08	1.18988e-08	6.78494e-09	3.34221e-09
9.25364e-07	3.3962e-07	2.66592e-07	2.09371e-07	1.87847e-07	1.57729e-07	1.26467e-07	8.59573e-08	6.41696e-08	4.89785e-08	3.46418e-08	2.33458e-08	1.86968e-08	1.24771e-08	7.84057e-09	3.44282e-09	3.89516e-09
8.77761e-07	3.12313e-07	2.52833e-07	1.9799e-07	1.80312e-07	1.52155e-07	1.22603e-07	8.45709e-08	6.33748e-08	4.8976e-08	3.48034e-08	2.36964e-08	1.83817e-08	1.43485e-08	9.08406e-09	5.8927e-09	5.79218e-09
8.08029e-07	2.8383e-07	2.32391e-07	1.85136e-07	1.68652e-07	1.4248e-07	1.15379e-07	8.01106e-08	5.93793e-08	4.6149e-08	3.44139e-08	2.3131e-08	1.93492e-08	1.51778e-08	1.122e-08	1.08808e-08	1.06169e-08
7.34616e-07	2.61615e-07	2.12328e-07	1.69322e-07	1.552e-07	1.31203e-07	1.07998e-07	7.44277e-08	5.43885e-08	4.21765e-08	3.00902e-08	2.03533e-08	1.62701e-08	1.16717e-08	5.44011e-09	5.16371e-09	6.38239e-09
6.78074e-07	2.38215e-07	1.96002e-07	1.60649e-07	1.48349e-07	1.26225e-07	1.04427e-07	7.23529e-08	5.33821e-08	4.16101e-08	3.06548e-08	2.03528e-08	1.66591e-08	1.2287e-08	6.47017e-09	2.46244e-09	2.55038e-09
9.76559e-07	3.06718e-07	2.41156e-07	1.7768e-07	1.60319e-07	1.34202e-07	1.07369e-07	6.95442e-08	5.08015e-08	3.82518e-08	2.82021e-08	2.08783e-08	1.53887e-08	1.42706e-08	1.29014e-08	1.04769e-08	4.00734e-09
1.11064e-06	3.66929e-07	2.74107e-07	2.01246e-07	1.74991e-07	1.41588e-07	1.11979e-07	7.27978e-08	5.30124e-08	4.00106e-08	2.878e-08	1.89689e-08	1.4032e-08	1.10547e-08	6.92176e-09	3.60535e-09	-1.23109e-09
1.22688e-06	4.3157e-07	3.12852e-07	2.27739e-07	1.93894e-07	1.5559e-07	1.21055e-07	7.97236e-08	5.91834e-08	4.31533e-08	3.44472e-08	2.15578e-08	1.69849e-08	1.37437e-08	8.78141e-09	4.20854e-09	1.03015e-09
1.33533e-06	4.84874e-07	3.43354e-07	2.46106e-07	2.06759e-07	1.66847e-07	1.28229e-07	8.07915e-08	5.95477e-08	4.58417e-08	3.29397e-08	1.95226e-08	1.56156e-08	1.25628e-08	6.90955e-09	3.22864e-09	-8.79397e-10
1.43642e-06	5.35466e-07	3.76932e-07	2.69743e-07	2.24478e-07	1.79288e-07	1.37755e-07	8.51529e-08	6.15468e-08	4.97751e-08	3.51139e-08	2.37066e-08	1.73246e-08	1.37064e-08	6.41976e-09	2.68851e-09	-1.13068e-10
1.53741e-06	5.79525e-07	4.07297e-07	2.885e-07	2.38034e-07	1.87806e-07	1.39363e-07	8.68992e-08	6.09563e-08	4.7363e-08	3.42471e-08	2.16337e-08	1.77391e-08	1.3342e-08	9.17108e-09	5.4524e-09	5.5529e-09
1.66515e-06	6.4252e-07	4.45161e-07	3.11561e-07	2.54937e-07	1.99068e-07	1.4497e-07	8.94517e-08	6.337e-08	4.64471e-08	3.38585e-08	2.50264e-08	1.87321e-08	1.47997e-08	1.10558e-08	8.98286e-09	9.2467e-09
1.8614e-06	7.23723e-07	4.90439e-07	3.38191e-07	2.72332e-07	2.11674e-07	1.52248e-07	9.19542e-08	6.46531e-08	4.55688e-08	3.37086e-08	2.23132e-08	1.54786e-08	1.27899e-08	1.04154e-08	9.25949e-09	8.87002e-09
2.08193e-06	8.22436e-07	5.34563e-07	3.75041e-07	2.99407e-07	2.28686e-07	1.64397e-07	9.88517e-08	6.99801e-08	4.8383e-08	3.47639e-08	2.60572e-08	1.90592e-08	1.39332e-08	1.04028e-08	8.2167e-09	5.616e-09
2.23296e-06	8.98718e-07	5.89986e-07	4.01947e-07	3.18922e-07	2.46928e-07	1.75411e-07	1.06081e-07	7.36525e-08	5.25945e-08	3.75173e-08	2.67496e-08	2.13092e-08	1.65096e-08	1.36449e-08	9.14688e-09	8.27993e-09
2.22636e-06	9.10893e-07	6.00741e-07	4.04121e-07	3.16937e-07	2.43397e-07	1.69305e-07	1.0044e-07	6.56113e-08	4.73426e-08	3.1411e-08	2.10077e-08	1.66604e-08	1.09687e-08	8.71969e-09	5.76706e-09	5.31474e-09
2.09818e-06	8.69208e-07	5.69517e-07	3.8583e-07	3.03448e-07	2.3177e-07	1.60255e-07	9.27731e-08	5.9516e-08	4.21273e-08	2.83194e-08	1.73887e-08	1.05036e-08	7.68921e-09	3.30435e-09	9.5487e-10	1.82179e-09
1.93138e-06	7.99628e-07	5.30204e-07	3.65012e-07	2.88031e-07	2.21404e-07	1.56033e-07	9.33385e-08	6.30717e-08	4.57584e-08	3.23399e-08	2.13087e-08	1.58433e-08	1.24007e-08	8.98331e-09	4.82461e-09	4.52307e-09
1.775e-06	7.28371e-07	4.85539e-07	3.3642e-07	2.66917e-07	2.05907e-07	1.50011e-07	9.0547e-08	6.22032e-08	4.67372e-08	3.35704e-08	2.13584e-08	1.74511e-08	1.32296e-08	1.14833e-08	7.17391e-09	3.37965e-09
1.65702e-06	6.74335e-07	4.54092e-07	3.16029e-07	2.52846e-07	1.96522e-07	1.42636e-07	8.58105e-08	5.82959e-08	4.2654e-08	2.96253e-08	1.8029e-08	1.15838e-08	8.2167e-09	6.91007e-09	-6.28188e-10	1.46996e-09
1.60119e-06	6.42875e-07	4.38299e-07	3.06719e-07	2.46212e-07	1.93482e-07	1.40501e-07	8.56472e-08	6.06201e-08	4.4928e-08	3.03164e-08	2.10443e-08	1.56921e-08	1.34558e-08	9.72435e-09	4.43501e-09	3.30427e-09
1.5696e-06	6.22826e-07	4.31174e-07	3.02254e-07	2.45201e-07	1.90283e-07	1.39725e-07	8.47824e-08	5.89381e-08	4.57709e-08	3.16489e-08	1.9801e-08	1.50141e-08	1.30164e-08	7.40024e-09	2.31179e-09	4.27179e-10
1.54503e-06	6.12144e-07	4.33085e-07	3.03239e-07	2.4738e-07	1.95191e-07	1.46066e-07	8.99188e-08	6.40626e-08	4.88605e-08	3.51408e-08	2.31424e-08	1.91723e-08	1.59308e-08	9.03334e-09	3.10325e-09	1.83431e-09
1.51983e-06	6.21809e-07	4.43625e-07	3.14579e-07	2.58204e-07	2.04945e-07	1.53081e-07	9.53739e-08	6.77329e-08	5.00427e-08	3.48904e-08	2.44999e-08	1.76651e-08	1.43356e-08	9.49844e-09	4.58589e-09	2.99025e-09
1.55816e-06	6.44817e-07	4.62345e-07	3.30268e-07	2.72861e-07	2.17213e-07	1.63928e-07	1.03015e-07	7.44315e-08	5.43913e-08	4.19274e-08	2.68124e-08	2.09448e-08	1.67483e-08	1.06295e-08	5.07601e-09	7.03606e-10
1.6317e-06	6.70725e-07	4.72911e-07	3.41978e-07	2.80751e-07	2.21787e-07	1.67157e-07	1.02048e-07	7.43686e-08	5.34489e-08	3.87863e-08	2.30682e-08	1.75901e-08	1.40972e-08	7.903e-09	2.42493e-09	1.82184e-09
1.72271e-06	7.10685e-07	4.96984e-07	3.58521e-07	2.93964e-07	2.33025e-07	1.77037e-07	1.13409e-07	7.89315e-08	5.91923e-08	4.33734e-08	2.33704e-08	1.60451e-08	1.71006e-08	1.11826e-08	5.01332e-09	4.64894e-10
1.76262e-06	7.23782e-07	5.02689e-07	3.59906e-07	2.94778e-07	2.35342e-07	1.75065e-07	1.10615e-07	7.76934e-08	5.67842e-08	4.17431e-08	2.49051e-08	1.72526e-08	1.36589e-08	7.53939e-09	2.50057e-09	0
1.81051e-06	7.35197e-07	5.09663e-07	3.67065e-07	3.02011e-07	2.38929e-07	1.80397e-07	1.13433e-07	8.08997e-08	5.97009e-08	4.48103e-08	2.91279e-08	2.17517e-08	1.76678e-08	1.33325e-08	8.3815e-09	7.30083e-09
1.86542e-06	7.45671e-07	5.25359e-07	3.77139e-07	3.09922e-07	2.48234e-07	1.86396e-07	1.18739e-07	8.60414e-08	6.33467e-08	4.7023e-08	3.27477e-08	2.51954e-08	1.99553e-08	1.53937e-08	8.53251e-09	1.05808e-08
1.96809e-06	7.62529e-07	5.41884e-07	3.8915e-07	3.2026e-07	2.56195e-07	1.91226e-07	1.21695e-07	8.81673e-08	6.61883e-08	4.66472e-08	3.2271e-08	2.48065e-08	1.96039e-08	1.44516e-08	9.02282e-09	7.13783e-09
2.1594e-06	7.79093e-07	5.63477e-07	3.99801e-07	3.30292e-07	2.59124e-07	1.95043e-07	1.23322e-07	8.61484e-08	6.42437e-08	4.57824e-08	3.06389e-08	2.32117e-08	1.98562e-08	1.48293e-08	9.71447e-09	7.96763e-09
2.2938e-06	7.98899e-07	5.80581e-07	4.10044e-07	3.4247e-07	2.70497e-07	2.01918e-07	1.27947e-07	8.96295e-08	6.71216e-08	4.76801e-08	3.28005e-08	2.48957e-08	1.94541e-08	1.45026e-08	9.80244e-09	9.61393e-09
2.294e-06	7.86095e-07	5.83652e-07	4.10806e-07	3.45277e-07	2.72924e-07	2.0008e-07	1.23995e-07	8.61653e-08	6.43726e-08	4.46662e-08	2.9346e-08	2.24839e-08	1.59989e-08	1.19269e-08	6.83692e-09	6.73638e-09
2.20039e-06	7.61568e-07	5.74073e-07	4.08659e-07	3.41863e-07	2.69071e-07	1.95853e-07	1.21227e-07	8.52583e-08	6.15684e-08	4.38356e-08	2.88551e-08	2.29106e-08	1.73684e-08	1.18889e-08	6.76134e-09	6.57283e-09
2.12047e-06	7.49013e-07	5.68258e-07	4.0736e-07	3.39555e-07	2.67602e-07	1.97622e-07	1.22037e-07	8.57778e-08	6.32934e-08	4.59367e-08	2.90828e-08	2.34145e-08	1.90659e-08	1.34605e-08	1.02054e-08	6.62343e-09
2.02212e-06	7.41347e-07	5.65958e-07	4.06631e-07	3.38273e-07	2.6642e-07	1.9438e-07	1.19058e-07	8.3968e-08	6.13579e-08	4.5522e-08	2.81779e-08	2.22708e-08	1.69293e-08	1.13868e-08	8.6092e-09	6.19611e-09
2.03009e-06	7.66314e-07	5.75512e-07	4.08351e-07	3.37426e-07	2.64642e-07	1.92549e-07	1.16887e-07	8.28138e-08	6.06304e-08	4.48947e-08	2.71605e-08	2.06123e-08	1.60123e-08	1.02936e-08	6.91267e-09	5.79408e-09
2.10622e-06	7.92388e-07	5.87215e-07	4.15525e-07	3.41897e-07	2.67452e-07	1.97582e-07	1.21364e-07	8.80194e-08	6.51442e-08	4.93075e-08	3.25784e-08	2.58792e-08	2.1455e-08	1.44918e-08	8.81074e-09	4.00945e-09
2.09633e-06	7.84457e-07	5.75425e-07	4.08549e-07	3.35034e-07	2.63832e-07	1.97883e-07	1.2472e-07	9.11742e-08	6.77585e-08	5.16955e-08	3.63239e-08	2.93985e-08	2.39939e-08	1.42782e-08	8.97413e-09	1.26945e-09
2.03399e-06	7.45513e-07	5.52222e-07	3.8672e-07	3.20849e-07	2.52891e-07	1.89508e-07	1.20029e-07	8.57423e-08	6.54442e-08	4.8992e-08	3.54809e-08	2.80529e-08	2.35157e-08	1.81992e-08	1.17767e-08	9.62747e-09
1.96719e-06	6.85256e-07	5.1869e-07	3.65535e-07	3.10508e-07	2.47888e-07	1.85709e-07	1.19759e-07	8.53193e-08	6.56737e-08	4.88059e-08	3.29311e-08	2.7187e-08	2.21594e-08	1.58874e-08	9.47712e-09	7.44093e-09
1.86742e-06	6.16632e-07	4.77036e-07	3.40016e-07	2.96614e-07	2.35187e-07	1.77682e-07	1.15702e-07	8.50197e-08	6.38025e-08	4.79273e-08	3.23789e-08	2.52897e-08	2.10915e-08	1.448e-08	7.88104e-09	8.40896e-09
1.73231e-06	5.47741e-07	4.42002e-07	3.19795e-07	2.79508e-07	2.24099e-07	1.71808e-07	1.13634e-07	8.26608e-08	6.23727e-08	4.6107e-08	3.59379e-08	2.8069e-08	2.25382e-08	1.50212e-08	1.18913e-08	8.64821e-09
1.68918e-06	5.11137e-07	4.21196e-07	3.06868e-07	2.6961e-07	2.15721e-07	1.65602e-07	1.08344e-07	7.91181e-08	5.91563e-08	4.23874e-08	2.89622e-08	2.26267e-08	1.77871e-08	1.05843e-08	8.68614e-09	7.81879e-09
1.63734e-06	5.11904e-07	4.21598e-07	3.07912e-07	2.7279e-07	2.20397e-07	1.72428e-07	1.15333e-07	8.71254e-08	6.7855e-08	4.97913e-08	3.52348e-08	2.88616e-08	2.0804e-08	1.42925e-08	9.25181e-09	1.0622e-08
1.50974e-06	5.0142e-07	4.11515e-07	3.01207e-07	2.65569e-07	2.17272e-07	1.6929e-07	1.12445e-07	8.33438e-08	6.40855e-08	4.74544e-08	3.25833e-08	2.66248e-08	2.16845e-08	1.51728e-08	1.07605e-08	8.78693e-09
1.41161e-06	4.9472e-07	4.06019e-07	3.01566e-07	2.64268e-07	2.15731e-07	1.6854e-07	1.10726e-07	8.37985e-08	6.52813e-08	4.89516e-08	3.39292e-08	2.743e-08	2.24141e-08	1.6644e-08	9.3277e-09	7.40433e-09
1.34398e-06	4.82137e-07	3.95889e-07	2.96857e-07	2.53878e-07	2.07907e-07	1.62841e-07	1.07744e-07	7.9736e-08	6.16342e-08	4.7995e-08	3.17913e-08	2.43997e-08	2.07165e-08	1.43055e-08	8.48523e-09	8.39723e-09
1.31267e-06	4.82023e-07	3.95962e-07	2.95595e-07	2.55959e-07	2.09396e-07	1.64127e-07	1.09242e-07	8.44396e-08	6.5407e-08	4.94796e-08	3.67451e-08	2.90265e-08	2.5318e-08	1.83034e-08	1.18168e-08	8.59858e-09
1.32676e-06	4.7707e-07	3.93549e-07	2.94087e-07	2.55695e-07	2.08038e-07	1.63562e-07	1.11769e-07	8.49047e-08	6.82858e-08	5.15286e-08	3.71725e-08	3.01956e-08	2.48906e-08	1.93217e-08	1.41424e-08	8.91286e-09
1.36086e-06	4.82338e-07	3.94139e-07	2.92276e-07	2.53771e-07	2.06479e-07	1.61211e-07	1.10336e-07	8.15734e-08	6.5495e-08	5.03721e-08	3.55131e-08	2.81717e-08	2.33821e-08	1.64429e-08	1.07985e-08	6.91406e-09
1.40765e-06	4.99987e-07	4.03555e-07	2.93043e-07	2.51861e-07	2.0834e-07	1.61135e-07	1.0938e-07	8.0002e-08	6.56836e-08	4.9995e-08	3.51989e-08	2.89008e-08	2.27536e-08	1.54875e-08	1.13391e-08	7.15291e-09
