4.21322e-06	1.68305e-06	1.44263e-06	1.22188e-06	1.09763e-06	9.79577e-07	8.37739e-07	6.49841e-07	5.28817e-07	4.45787e-07	3.63501e-07	2.75182e-07	2.24616e-07	1.74114e-07	1.08263e-07	5.97925e-08	1.55887e-08
4.67362e-06	1.96132e-06	1.66084e-06	1.39123e-06	1.23673e-06	1.09449e-06	9.22359e-07	7.03979e-07	5.65208e-07	4.71372e-07	3.79998e-07	2.85709e-07	2.30625e-07	1.76815e-07	1.10421e-07	6.11557e-08	1.59295e-08
5.18839e-06	2.26471e-06	1.88252e-06	1.55849e-06	1.37221e-06	1.20233e-06	9.94926e-07	7.47804e-07	5.90743e-07	4.88185e-07	3.8997e-07	2.88322e-07	2.30978e-07	1.76335e-07	1.07985e-07	5.76341e-08	1.17894e-08
5.74747e-06	2.58782e-06	2.0991e-06	1.71565e-06	1.49123e-06	1.29353e-06	1.05595e-06	7.78419e-07	6.07376e-07	4.98081e-07	3.94517e-07	2.88882e-07	2.31553e-07	1.76281e-07	1.07263e-07	5.72539e-08	1.00977e-08
6.42768e-06	2.9239e-06	2.31251e-06	1.85557e-06	1.59179e-06	1.36785e-06	1.10086e-06	8.02265e-07	6.21027e-07	5.05592e-07	3.99321e-07	2.92192e-07	2.3313e-07	1.76643e-07	1.08972e-07	5.98571e-08	1.67125e-08
7.2497e-06	3.26765e-06	2.524e-06	1.98964e-06	1.69213e-06	1.4419e-06	1.14593e-06	8.27009e-07	6.35666e-07	5.15008e-07	4.02567e-07	2.93295e-07	2.33616e-07	1.75793e-07	1.0777e-07	5.87574e-08	1.36196e-08
8.02438e-06	3.54263e-06	2.70492e-06	2.1093e-06	1.78728e-06	1.5157e-06	1.20018e-06	8.60982e-07	6.58912e-07	5.30952e-07	4.14365e-07	2.9995e-07	2.35471e-07	1.7536e-07	1.05933e-07	5.6362e-08	1.08558e-08
8.40203e-06	3.63784e-06	2.78996e-06	2.17707e-06	1.8492e-06	1.56725e-06	1.24276e-06	8.91091e-07	6.82323e-07	5.48333e-07	4.27381e-07	3.09661e-07	2.42483e-07	1.81755e-07	1.10904e-07	6.01222e-08	1.25849e-08
8.50929e-06	3.63314e-06	2.7882e-06	2.18041e-06	1.85738e-06	1.57686e-06	1.25008e-06	8.96766e-07	6.86839e-07	5.52791e-07	4.31026e-07	3.12517e-07	2.46383e-07	1.83418e-07	1.11553e-07	6.02893e-08	1.32293e-08
8.62877e-06	3.64453e-06	2.77004e-06	2.15964e-06	1.83721e-06	1.55773e-06	1.23409e-06	8.86011e-07	6.78507e-07	5.47653e-07	4.27933e-07	3.12404e-07	2.46661e-07	1.82825e-07	1.15454e-07	6.41521e-08	1.17776e-08
8.76677e-06	3.67268e-06	2.76423e-06	2.14321e-06	1.81633e-06	1.53677e-06	1.21287e-06	8.69159e-07	6.66692e-07	5.36494e-07	4.20637e-07	3.06698e-07	2.42331e-07	1.82774e-07	1.1197e-07	6.16148e-08	1.52364e-08
8.85957e-06	3.67472e-06	2.75721e-06	2.12951e-06	1.79935e-06	1.51889e-06	1.19746e-06	8.56645e-07	6.58251e-07	5.29211e-07	4.16898e-07	3.0379e-07	2.39585e-07	1.82034e-07	1.11631e-07	5.92683e-08	1.31413e-08
9.0231e-06	3.74292e-06	2.80392e-06	2.15274e-06	1.81518e-06	1.52695e-06	1.20218e-06	8.56358e-07	6.55937e-07	5.27923e-07	4.13643e-07	3.02431e-07	2.39037e-07	1.80881e-07	1.11086e-07	5.91911e-08	1.18029e-08
9.399e-06	3.94666e-06	2.93999e-06	2.24759e-06	1.88867e-06	1.5846e-06	1.24025e-06	8.80403e-07	6.72276e-07	5.4027e-07	4.21556e-07	3.08397e-07	2.4384e-07	1.84496e-07	1.14043e-07	6.1124e-08	1.27121e-08
9.84188e-06	4.22509e-06	3.13257e-06	2.39737e-06	2.00874e-06	1.68537e-06	1.31327e-06	9.28184e-07	7.07029e-07	5.65605e-07	4.40694e-07	3.20301e-07	2.51351e-07	1.8899e-07	1.16959e-07	6.33963e-08	1.48455e-08
1.02723e-05	4.50595e-06	3.36398e-06	2.58522e-06	2.16708e-06	1.81584e-06	1.40837e-06	9.89346e-07	7.46775e-07	5.95105e-07	4.59845e-07	3.34457e-07	2.59297e-07	1.9565e-07	1.20137e-07	6.32811e-08	1.4479e-08
1.06315e-05	4.89206e-06	3.68582e-06	2.85144e-06	2.38477e-06	1.99736e-06	1.53762e-06	1.07087e-06	8.01813e-07	6.32281e-07	4.84953e-07	3.49214e-07	2.70292e-07	2.00775e-07	1.22093e-07	6.58689e-08	1.61327e-08
1.11443e-05	5.44508e-06	4.107e-06	3.18744e-06	2.64959e-06	2.21471e-06	1.68776e-06	1.16155e-06	8.6065e-07	6.73976e-07	5.10705e-07	3.65346e-07	2.81615e-07	2.07428e-07	1.26045e-07	6.92519e-08	1.94022e-08
1.15538e-05	5.8868e-06	4.43023e-06	3.43806e-06	2.8427e-06	2.3687e-06	1.79157e-06	1.2248e-06	9.00356e-07	6.99642e-07	5.26104e-07	3.72384e-07	2.85034e-07	2.08376e-07	1.24662e-07	6.57393e-08	1.51094e-08
1.14163e-05	5.9527e-06	4.49286e-06	3.49735e-06	2.89146e-06	2.41067e-06	1.82376e-06	1.24669e-06	9.16248e-07	7.10522e-07	5.34321e-07	3.78165e-07	2.87736e-07	2.09083e-07	1.25041e-07	6.62064e-08	1.77728e-08
1.09633e-05	5.76199e-06	4.37055e-06	3.42373e-06	2.83628e-06	2.37655e-06	1.8087e-06	1.2467e-06	9.20085e-07	7.14183e-07	5.39017e-07	3.83593e-07	2.91535e-07	2.1234e-07	1.26644e-07	6.79735e-08	1.78612e-08
1.05779e-05	5.55479e-06	4.24526e-06	3.34081e-06	2.78848e-06	2.34597e-06	1.80108e-06	1.25015e-06	9.29846e-07	7.26416e-07	5.48835e-07	3.88837e-07	2.95736e-07	2.13756e-07	1.25729e-07	6.97751e-08	1.61058e-08
1.00804e-05	5.32442e-06	4.11813e-06	3.26991e-06	2.74913e-06	2.32802e-06	1.80413e-06	1.26905e-06	9.52464e-07	7.48044e-07	5.6854e-07	4.06392e-07	3.09048e-07	2.23745e-07	1.30983e-07	6.99031e-08	1.75704e-08
9.35254e-06	4.89944e-06	3.83011e-06	3.06773e-06	2.59975e-06	2.21792e-06	1.74026e-06	1.24231e-06	9.43882e-07	7.47495e-07	5.70229e-07	4.10269e-07	3.14202e-07	2.26012e-07	1.34224e-07	6.8475e-08	1.51718e-08
8.51891e-06	4.31878e-06	3.39664e-06	2.73726e-06	2.33686e-06	2.00685e-06	1.59526e-06	1.15652e-06	8.89572e-07	7.14659e-07	5.57316e-07	4.08353e-07	3.17489e-07	2.34879e-07	1.43661e-07	7.85328e-08	2.13435e-08
7.81889e-06	3.76469e-06	2.97068e-06	2.39191e-06	2.04955e-06	1.76719e-06	1.42443e-06	1.04314e-06	8.11493e-07	6.60802e-07	5.20624e-07	3.84877e-07	3.04892e-07	2.30966e-07	1.44015e-07	8.07038e-08	2.51679e-08
7.26036e-06	3.28714e-06	2.59905e-06	2.09578e-06	1.81173e-06	1.566e-06	1.26817e-06	9.37069e-07	7.3558e-07	6.0308e-07	4.78102e-07	3.54903e-07	2.83213e-07	2.16282e-07	1.35239e-07	7.39114e-08	2.19235e-08
6.84887e-06	2.94337e-06	2.34623e-06	1.89305e-06	1.64616e-06	1.42451e-06	1.16076e-06	8.61706e-07	6.78127e-07	5.57832e-07	4.45387e-07	3.32197e-07	2.65935e-07	2.03761e-07	1.28398e-07	7.21444e-08	2.03711e-08
6.56134e-06	2.72403e-06	2.20099e-06	1.77412e-06	1.5494e-06	1.34015e-06	1.09494e-06	8.11579e-07	6.3954e-07	5.27262e-07	4.21181e-07	3.138e-07	2.52196e-07	1.9299e-07	1.21062e-07	6.62737e-08	1.73036e-08
6.42453e-06	2.64914e-06	2.1438e-06	1.72571e-06	1.5055e-06	1.29858e-06	1.05932e-06	7.83641e-07	6.15607e-07	5.06285e-07	4.04763e-07	3.00767e-07	2.43797e-07	1.87041e-07	1.16743e-07	6.40508e-08	1.44509e-08
6.4791e-06	2.69875e-06	2.1562e-06	1.7281e-06	1.49838e-06	1.28866e-06	1.04573e-06	7.6924e-07	6.01888e-07	4.93551e-07	3.93871e-07	2.92854e-07	2.37398e-07	1.83431e-07	1.16099e-07	6.62847e-08	1.72906e-08
6.66449e-06	2.82631e-06	2.2254e-06	1.77117e-06	1.52231e-06	1.30424e-06	1.05111e-06	7.68167e-07	5.98867e-07	4.91923e-07	3.9134e-07	2.90277e-07	2.35834e-07	1.82842e-07	1.15778e-07	6.73919e-08	1.63179e-08
6.97389e-06	2.99932e-06	2.3283e-06	1.83657e-06	1.56636e-06	1.3331e-06	1.06501e-06	7.6958e-07	5.97794e-07	4.85764e-07	3.85888e-07	2.83437e-07	2.28931e-07	1.76809e-07	1.09152e-07	5.8848e-08	1.16989e-08
7.33384e-06	3.18986e-06	2.45342e-06	1.92419e-06	1.63122e-06	1.38451e-06	1.09715e-06	7.87032e-07	6.0791e-07	4.90548e-07	3.86929e-07	2.83473e-07	2.27455e-07	1.74756e-07	1.07607e-07	6.00818e-08	1.39446e-08
7.64258e-06	3.34486e-06	2.57238e-06	2.01582e-06	1.70658e-06	1.44407e-06	1.13794e-06	8.11569e-07	6.21334e-07	5.0077e-07	3.93759e-07	2.88388e-07	2.29355e-07	1.76417e-07	1.0975e-07	6.18343e-08	1.69855e-08
7.79646e-06	3.47925e-06	2.68058e-06	2.10811e-06	1.78641e-06	1.5131e-06	1.18842e-06	8.44405e-07	6.41172e-07	5.14613e-07	4.00434e-07	2.8917e-07	2.30251e-07	1.74373e-07	1.06734e-07	5.8629e-08	1.42724e-08
7.92116e-06	3.6434e-06	2.82523e-06	2.23435e-06	1.89557e-06	1.6088e-06	1.26246e-06	8.93635e-07	6.75277e-07	5.39308e-07	4.18595e-07	3.00217e-07	2.35495e-07	1.78836e-07	1.07614e-07	5.71764e-08	1.30858e-08
8.18016e-06	3.91139e-06	3.04377e-06	2.4178e-06	2.04892e-06	1.74016e-06	1.36392e-06	9.63822e-07	7.26857e-07	5.77327e-07	4.43923e-07	3.17838e-07	2.46454e-07	1.82289e-07	1.08646e-07	5.81592e-08	1.22274e-08
8.64133e-06	4.32207e-06	3.3445e-06	2.66229e-06	2.24739e-06	1.90848e-06	1.48726e-06	1.04786e-06	7.87034e-07	6.21398e-07	4.75231e-07	3.40925e-07	2.60978e-07	1.92147e-07	1.16237e-07	6.15e-08	1.49775e-08
9.0838e-06	4.68719e-06	3.60228e-06	2.86529e-06	2.40794e-06	2.03994e-06	1.57951e-06	1.10898e-06	8.30095e-07	6.51975e-07	4.97249e-07	3.57123e-07	2.74927e-07	2.0236e-07	1.21956e-07	6.43785e-08	1.70347e-08
9.58319e-06	4.98744e-06	3.80066e-06	3.00742e-06	2.51581e-06	2.12507e-06	1.63727e-06	1.14399e-06	8.54107e-07	6.71407e-07	5.10991e-07	3.67054e-07	2.84366e-07	2.08782e-07	1.26372e-07	6.78107e-08	1.82965e-08
1.00511e-05	5.21139e-06	3.9492e-06	3.11403e-06	2.59985e-06	2.19465e-06	1.69116e-06	1.18321e-06	8.86533e-07	6.99828e-07	5.34335e-07	3.8888e-07	3.01837e-07	2.21785e-07	1.36685e-07	7.56865e-08	2.27261e-08
1.05735e-05	5.36066e-06	4.04298e-06	3.17391e-06	2.65481e-06	2.24073e-06	1.73369e-06	1.22144e-06	9.23394e-07	7.32088e-07	5.62751e-07	4.10763e-07	3.1894e-07	2.32757e-07	1.43268e-07	7.74385e-08	2.64227e-08
1.10483e-05	5.45328e-06	4.0691e-06	3.1755e-06	2.65947e-06	2.24968e-06	1.75344e-06	1.2493e-06	9.52868e-07	7.60606e-07	5.89304e-07	4.32085e-07	3.3791e-07	2.47659e-07	1.54014e-07	8.36131e-08	2.57552e-08
1.14014e-05	5.55682e-06	4.10654e-06	3.18512e-06	2.66419e-06	2.25224e-06	1.76097e-06	1.26276e-06	9.67457e-07	7.74612e-07	6.00845e-07	4.41855e-07	3.41703e-07	2.50297e-07	1.53931e-07	8.15773e-08	2.26751e-08
1.16384e-05	5.67301e-06	4.19836e-06	3.26223e-06	2.7325e-06	2.31216e-06	1.80785e-06	1.2975e-06	9.94069e-07	7.97009e-07	6.19596e-07	4.53375e-07	3.5171e-07	2.57868e-07	1.56038e-07	8.19811e-08	2.04164e-08
1.13035e-05	5.59547e-06	4.20688e-06	3.30347e-06	2.78386e-06	2.36551e-06	1.8508e-06	1.3304e-06	1.01677e-06	8.12909e-07	6.30057e-07	4.6188e-07	3.56883e-07	2.61174e-07	1.59306e-07	8.57287e-08	2.17539e-08
1.04599e-05	5.3536e-06	4.12398e-06	3.29933e-06	2.79881e-06	2.39083e-06	1.87941e-06	1.35104e-06	1.0327e-06	8.24425e-07	6.36876e-07	4.64317e-07	3.58013e-07	2.61842e-07	1.57405e-07	8.26709e-08	2.2409e-08
9.66151e-06	5.06666e-06	3.96297e-06	3.20542e-06	2.73551e-06	2.35057e-06	1.85954e-06	1.34251e-06	1.02482e-06	8.15971e-07	6.26908e-07	4.55132e-07	3.47049e-07	2.52101e-07	1.49343e-07	7.67028e-08	1.77909e-08
9.02004e-06	4.69803e-06	3.69923e-06	3.01105e-06	2.58443e-06	2.23139e-06	1.77615e-06	1.2909e-06	9.89413e-07	7.90347e-07	6.08505e-07	4.41211e-07	3.37539e-07	2.44189e-07	1.45413e-07	7.56088e-08	2.09211e-08
8.48126e-06	4.21009e-06	3.31122e-06	2.69065e-06	2.31758e-06	2.00514e-06	1.60789e-06	1.1744e-06	9.06165e-07	7.26645e-07	5.6079e-07	4.06998e-07	3.12872e-07	2.27251e-07	1.33391e-07	6.63798e-08	1.50273e-08
8.0211e-06	3.67278e-06	2.88488e-06	2.33791e-06	2.02759e-06	1.75723e-06	1.4217e-06	1.0445e-06	8.10967e-07	6.54487e-07	5.09678e-07	3.71227e-07	2.86729e-07	2.10634e-07	1.23234e-07	6.06642e-08	6.92692e-09
7.60345e-06	3.22831e-06	2.54663e-06	2.05578e-06	1.79451e-06	1.55529e-06	1.26863e-06	9.38164e-07	7.31421e-07	5.94703e-07	4.67398e-07	3.41505e-07	2.66497e-07	1.98125e-07	1.17061e-07	6.14197e-08	8.73098e-09
7.37885e-06	3.04909e-06	2.39681e-06	1.9136e-06	1.66809e-06	1.43892e-06	1.17393e-06	8.66717e-07	6.7652e-07	5.53306e-07	4.36437e-07	3.19039e-07	2.48852e-07	1.84545e-07	1.07103e-07	5.29145e-08	1.04719e-09
7.3207e-06	3.10132e-06	2.40698e-06	1.90502e-06	1.64224e-06	1.40927e-06	1.14132e-06	8.38809e-07	6.54592e-07	5.34608e-07	4.21259e-07	3.08289e-07	2.4137e-07	1.80078e-07	1.03772e-07	5.02019e-08	3.78501e-10
7.21003e-06	3.18245e-06	2.45435e-06	1.93748e-06	1.65698e-06	1.41669e-06	1.14045e-06	8.32854e-07	6.50177e-07	5.29662e-07	4.18471e-07	3.05678e-07	2.40323e-07	1.8086e-07	1.06308e-07	5.11607e-08	8.57936e-10
7.06214e-06	3.22684e-06	2.49565e-06	1.97632e-06	1.68508e-06	1.44162e-06	1.15624e-06	8.44255e-07	6.56476e-07	5.35075e-07	4.21938e-07	3.06404e-07	2.42499e-07	1.82013e-07	1.051e-07	4.80709e-08	-2.62434e-09
7.01972e-06	3.28931e-06	2.56408e-06	2.0427e-06	1.74541e-06	1.49648e-06	1.20106e-06	8.76252e-07	6.80537e-07	5.54064e-07	4.36107e-07	3.17545e-07	2.4964e-07	1.85231e-07	1.0621e-07	4.95344e-08	-5.67766e-10
7.26523e-06	3.46918e-06	2.72302e-06	2.18352e-06	1.87055e-06	1.60746e-06	1.29125e-06	9.4413e-07	7.33156e-07	5.95539e-07	4.66993e-07	3.39785e-07	2.65784e-07	1.95947e-07	1.13657e-07	5.49107e-08	4.22681e-09
7.80879e-06	3.7604e-06	2.97406e-06	2.39066e-06	2.05584e-06	1.76761e-06	1.42111e-06	1.03802e-06	8.03149e-07	6.49272e-07	5.07078e-07	3.66121e-07	2.83631e-07	2.07298e-07	1.18966e-07	5.50481e-08	-7.57021e-11
8.66663e-06	4.22912e-06	3.34175e-06	2.68784e-06	2.31137e-06	1.9883e-06	1.59197e-06	1.15811e-06	8.91753e-07	7.16595e-07	5.53739e-07	3.96876e-07	3.03442e-07	2.22512e-07	1.2783e-07	6.00601e-08	1.52674e-09
9.90817e-06	4.88548e-06	3.82851e-06	3.06718e-06	2.63058e-06	2.25738e-06	1.79752e-06	1.30056e-06	9.95495e-07	7.94541e-07	6.08603e-07	4.33604e-07	3.28509e-07	2.35918e-07	1.30785e-07	6.0213e-08	9.46348e-10
1.11663e-05	5.59383e-06	4.35522e-06	3.47719e-06	2.97201e-06	2.54456e-06	2.01208e-06	1.44726e-06	1.10129e-06	8.70713e-07	6.64467e-07	4.73628e-07	3.56732e-07	2.50978e-07	1.40858e-07	6.50095e-08	6.9653e-09
1.21433e-05	6.23673e-06	4.86415e-06	3.8888e-06	3.31564e-06	2.83268e-06	2.22908e-06	1.59343e-06	1.20549e-06	9.495e-07	7.18188e-07	5.11142e-07	3.81284e-07	2.66139e-07	1.49833e-07	6.86831e-08	7.28094e-09
1.29542e-05	6.89842e-06	5.41055e-06	4.3365e-06	3.69195e-06	3.14989e-06	2.46621e-06	1.75456e-06	1.32158e-06	1.03716e-06	7.82166e-07	5.55146e-07	4.12763e-07	2.87593e-07	1.63445e-07	7.67881e-08	1.09914e-08
1.39212e-05	7.78026e-06	6.10674e-06	4.91116e-06	4.16812e-06	3.55469e-06	2.77227e-06	1.96723e-06	1.47684e-06	1.1565e-06	8.71318e-07	6.18939e-07	4.59857e-07	3.19641e-07	1.84776e-07	9.37129e-08	2.26017e-08
1.52631e-05	8.80254e-06	6.91161e-06	5.56281e-06	4.71434e-06	4.01928e-06	3.12671e-06	2.21574e-06	1.6619e-06	1.29815e-06	9.76742e-07	6.92713e-07	5.13251e-07	3.54496e-07	2.03402e-07	9.92908e-08	1.96865e-08
1.7085e-05	1.00786e-05	7.92196e-06	6.38662e-06	5.41382e-06	4.62091e-06	3.5957e-06	2.55138e-06	1.91331e-06	1.49342e-06	1.12095e-06	7.95906e-07	5.87269e-07	4.04692e-07	2.32136e-07	1.12812e-07	2.61364e-08
1.89827e-05	1.14998e-05	9.07496e-06	7.36443e-06	6.25986e-06	5.363e-06	4.1802e-06	2.97562e-06	2.23484e-06	1.74384e-06	1.3068e-06	9.30526e-07	6.84129e-07	4.68386e-07	2.6934e-07	1.33295e-07	3.42386e-08
2.06652e-05	1.28378e-05	1.01847e-05	8.31742e-06	7.08749e-06	6.09106e-06	4.75958e-06	3.39948e-06	2.5561e-06	1.99596e-06	1.49522e-06	1.06794e-06	7.84618e-07	5.36536e-07	3.12282e-07	1.56621e-07	4.66202e-08
2.22505e-05	1.39579e-05	1.10582e-05	9.03339e-06	7.6946e-06	6.61476e-06	5.16948e-06	3.69638e-06	2.78232e-06	2.1723e-06	1.6295e-06	1.16672e-06	8.59597e-07	5.88483e-07	3.46585e-07	1.77558e-07	5.75244e-08
2.34124e-05	1.4732e-05	1.16043e-05	9.44295e-06	8.02007e-06	6.88061e-06	5.36142e-06	3.82465e-06	2.87454e-06	2.2432e-06	1.68309e-06	1.20645e-06	8.87889e-07	6.10369e-07	3.61095e-07	1.84504e-07	6.52245e-08
2.51286e-05	1.57839e-05	1.22914e-05	9.91225e-06	8.35681e-06	7.12769e-06	5.50719e-06	3.89581e-06	2.91294e-06	2.26623e-06	1.69671e-06	1.2163e-06	8.98677e-07	6.1932e-07	3.70166e-07	1.91678e-07	6.85455e-08
2.73686e-05	1.71489e-05	1.31985e-05	1.05263e-05	8.78726e-06	7.43242e-06	5.67124e-06	3.9546e-06	2.93118e-06	2.2667e-06	1.69148e-06	1.21115e-06	8.93493e-07	6.16541e-07	3.70144e-07	1.93238e-07	7.08282e-08
2.97949e-05	1.84812e-05	1.40265e-05	1.10501e-05	9.13292e-06	7.65846e-06	5.76843e-06	3.96472e-06	2.91063e-06	2.23678e-06	1.6599e-06	1.18302e-06	8.701e-07	5.99811e-07	3.58753e-07	1.87896e-07	6.79288e-08
3.18211e-05	1.92555e-05	1.43801e-05	1.11752e-05	9.15761e-06	7.61976e-06	5.68472e-06	3.86504e-06	2.81923e-06	2.15764e-06	1.59507e-06	1.13215e-06	8.30624e-07	5.72729e-07	3.40532e-07	1.77997e-07	5.94123e-08
3.38756e-05	1.97958e-05	1.44962e-05	1.10926e-05	9.00552e-06	7.42817e-06	5.48907e-06	3.69431e-06	2.68037e-06	2.0452e-06	1.50706e-06	1.06782e-06	7.81636e-07	5.39278e-07	3.20775e-07	1.65341e-07	5.37675e-08
3.48095e-05	1.95164e-05	1.40819e-05	1.06545e-05	8.60681e-06	7.06061e-06	5.18964e-06	3.47431e-06	2.51496e-06	1.91601e-06	1.41191e-06	9.97678e-07	7.2949e-07	5.02575e-07	2.97471e-07	1.5386e-07	5.13707e-08
3.27339e-05	1.75431e-05	1.25981e-05	9.50501e-06	7.70765e-06	6.33344e-06	4.68216e-06	3.15023e-06	2.28922e-06	1.74821e-06	1.29085e-06	9.13135e-07	6.67117e-07	4.61616e-07	2.74518e-07	1.42895e-07	4.56542e-08
2.82116e-05	1.4659e-05	1.06582e-05	8.11637e-06	6.65996e-06	5.51315e-06	4.12605e-06	2.80673e-06	2.05199e-06	1.57336e-06	1.16392e-06	8.22222e-07	6.00432e-07	4.12392e-07	2.41039e-07	1.22431e-07	3.76508e-08
2.38623e-05	1.23591e-05	9.16588e-06	7.07428e-06	5.86752e-06	4.89554e-06	3.70309e-06	2.54589e-06	1.87565e-06	1.44767e-06	1.0779e-06	7.6485e-07	5.63565e-07	3.8962e-07	2.29192e-07	1.18787e-07	3.51652e-08
2.0918e-05	1.09797e-05	8.20943e-06	6.36243e-06	5.28409e-06	4.41922e-06	3.35294e-06	2.31744e-06	1.71464e-06	1.33043e-06	9.95128e-07	7.09659e-07	5.26494e-07	3.67717e-07	2.18027e-07	1.12971e-07	3.77158e-08
1.89588e-05	9.91909e-06	7.39858e-06	5.73135e-06	4.75807e-06	3.98042e-06	3.02998e-06	2.10331e-06	1.56476e-06	1.22074e-06	9.20998e-07	6.62207e-07	4.98069e-07	3.54126e-07	2.14551e-07	1.15354e-07	4.09966e-08
1.69767e-05	8.77388e-06	6.56995e-06	5.11455e-06	4.26741e-06	3.58665e-06	2.75268e-06	1.93401e-06	1.45486e-06	1.14863e-06	8.80705e-07	6.43568e-07	4.91341e-07	3.56559e-07	2.21511e-07	1.22652e-07	4.61729e-08
1.54111e-05	7.89239e-06	5.97811e-06	4.69222e-06	3.948e-06	3.34262e-06	2.60061e-06	1.86342e-06	1.42811e-06	1.14484e-06	8.92677e-07	6.66974e-07	5.16169e-07	3.78402e-07	2.41127e-07	1.34851e-07	5.4867e-08
1.47366e-05	7.58796e-06	5.79557e-06	4.59663e-06	3.90627e-06	3.33968e-06	2.64529e-06	1.94388e-06	1.52138e-06	1.23924e-06	9.79793e-07	7.43569e-07	5.84652e-07	4.31781e-07	2.77584e-07	1.60533e-07	6.8724e-08
1.48807e-05	7.81944e-06	6.07289e-06	4.90154e-06	4.22199e-06	3.66126e-06	2.95753e-06	2.22656e-06	1.76971e-06	1.45575e-06	1.16123e-06	8.89108e-07	7.00934e-07	5.18188e-07	3.35454e-07	1.94421e-07	8.1762e-08
1.66394e-05	9.28588e-06	7.33509e-06	6.03018e-06	5.24232e-06	4.5898e-06	3.74005e-06	2.84373e-06	2.26908e-06	1.86867e-06	1.48964e-06	1.14361e-06	8.98511e-07	6.6264e-07	4.30923e-07	2.50574e-07	1.0987e-07
2.16475e-05	1.30684e-05	1.0426e-05	8.62962e-06	7.49023e-06	6.55899e-06	5.31326e-06	4.01525e-06	3.1805e-06	2.60147e-06	2.05943e-06	1.5718e-06	1.22433e-06	8.92922e-07	5.74995e-07	3.28579e-07	1.43616e-07
2.88508e-05	1.85519e-05	1.48754e-05	1.23471e-05	1.06923e-05	9.35649e-06	7.55234e-06	5.69314e-06	4.4997e-06	3.66995e-06	2.89383e-06	2.20407e-06	1.70262e-06	1.22888e-06	7.83742e-07	4.41565e-07	1.91887e-07
3.6865e-05	2.53075e-05	2.06528e-05	1.73774e-05	1.51534e-05	1.33577e-05	1.08856e-05	8.32994e-06	6.66888e-06	5.49909e-06	4.39097e-06	3.3924e-06	2.64493e-06	1.92107e-06	1.23464e-06	6.90832e-07	2.96534e-07
3.99208e-05	2.84376e-05	2.36303e-05	2.01904e-05	1.78056e-05	1.58667e-05	1.31523e-05	1.03126e-05	8.43954e-06	7.10486e-06	5.81868e-06	4.63685e-06	3.71812e-06	2.78471e-06	1.85517e-06	1.06853e-06	4.73054e-07
3.87776e-05	2.75077e-05	2.2895e-05	1.95994e-05	1.73324e-05	1.54879e-05	1.29175e-05	1.02288e-05	8.45993e-06	7.19872e-06	5.98557e-06	4.85941e-06	3.97125e-06	3.04671e-06	2.08988e-06	1.24041e-06	5.64974e-07
3.99495e-05	2.84084e-05	2.36499e-05	2.02528e-05	1.79128e-05	1.6006e-05	1.33378e-05	1.05375e-05	8.68234e-06	7.3526e-06	6.06721e-06	4.87922e-06	3.94825e-06	2.99351e-06	2.02734e-06	1.19226e-06	5.43909e-07
4.16231e-05	3.00397e-05	2.51755e-05	2.16757e-05	1.92315e-05	1.72223e-05	1.43564e-05	1.12852e-05	9.20098e-06	7.68534e-06	6.21553e-06	4.86842e-06	3.83173e-06	2.80707e-06	1.82265e-06	1.02688e-06	4.51573e-07
4.04434e-05	2.97306e-05	2.52501e-05	2.19706e-05	1.96229e-05	1.76512e-05	1.47449e-05	1.15189e-05	9.26717e-06	7.61158e-06	6.01337e-06	4.57531e-06	3.5015e-06	2.48213e-06	1.55129e-06	8.42138e-07	3.57523e-07
3.62802e-05	2.70166e-05	2.32846e-05	2.0479e-05	1.84266e-05	1.66628e-05	1.39933e-05	1.09571e-05	8.79821e-06	7.19977e-06	5.65243e-06	4.26429e-06	3.23484e-06	2.26733e-06	1.39628e-06	7.43816e-07	3.06389e-07
3.24603e-05	2.4046e-05	2.08005e-05	1.8345e-05	1.65539e-05	1.50054e-05	1.26612e-05	9.97907e-06	8.05905e-06	6.62887e-06	5.23084e-06	3.96291e-06	3.01517e-06	2.11392e-06	1.29532e-06	6.81652e-07	2.71815e-07
2.86289e-05	2.0587e-05	1.76195e-05	1.54157e-05	1.38457e-05	1.25039e-05	1.05123e-05	8.27014e-06	6.69094e-06	5.5248e-06	4.38895e-06	3.35039e-06	2.57148e-06	1.82337e-06	1.12986e-06	6.03491e-07	2.47255e-07
2.49261e-05	1.69601e-05	1.42332e-05	1.2295e-05	1.09848e-05	9.88848e-06	8.32185e-06	6.589e-06	5.38967e-06	4.50521e-06	3.63385e-06	2.82217e-06	2.20171e-06	1.58962e-06	1.00333e-06	5.47149e-07	2.27984e-07
2.09071e-05	1.34583e-05	1.11467e-05	9.56006e-06	8.54124e-06	7.70266e-06	6.5546e-06	5.29803e-06	4.43114e-06	3.78176e-06	3.12387e-06	2.48556e-06	1.98482e-06	1.47015e-06	9.57281e-07	5.39867e-07	2.39418e-07
1.83864e-05	1.11377e-05	9.07265e-06	7.6794e-06	6.82598e-06	6.12687e-06	5.21322e-06	4.23875e-06	3.5871e-06	3.10649e-06	2.61613e-06	2.12931e-06	1.74305e-06	1.3334e-06	9.04907e-07	5.38529e-07	2.57364e-07
1.7354e-05	1.01586e-05	8.11389e-06	6.7589e-06	5.94041e-06	5.28043e-06	4.4366e-06	3.56798e-06	3.01137e-06	2.6148e-06	2.21943e-06	1.83227e-06	1.52718e-06	1.19908e-06	8.42378e-07	5.21479e-07	2.56032e-07
1.71993e-05	9.99753e-06	7.89641e-06	6.50303e-06	5.65833e-06	4.9829e-06	4.12722e-06	3.2643e-06	2.72605e-06	2.35591e-06	1.99893e-06	1.65555e-06	1.39186e-06	1.1107e-06	7.99071e-07	5.12115e-07	2.63534e-07
1.76682e-05	1.04461e-05	8.2409e-06	6.76296e-06	5.84851e-06	5.1202e-06	4.19269e-06	3.26228e-06	2.68889e-06	2.30226e-06	1.93722e-06	1.59438e-06	1.33852e-06	1.06941e-06	7.74609e-07	5.04758e-07	2.65674e-07
1.86061e-05	1.12339e-05	8.8965e-06	7.31185e-06	6.31389e-06	5.51561e-06	4.48541e-06	3.44571e-06	2.80781e-06	2.37792e-06	1.97755e-06	1.60836e-06	1.33908e-06	1.06171e-06	7.62361e-07	4.95154e-07	2.55117e-07
2.00284e-05	1.23733e-05	9.78981e-06	8.03734e-06	6.90786e-06	6.00793e-06	4.83283e-06	3.65082e-06	2.92575e-06	2.4397e-06	1.99551e-06	1.59725e-06	1.31293e-06	1.02573e-06	7.23909e-07	4.59971e-07	2.31216e-07
2.01201e-05	1.24624e-05	9.80604e-06	7.99101e-06	6.81621e-06	5.88376e-06	4.67048e-06	3.46339e-06	2.73409e-06	2.25282e-06	1.82165e-06	1.43785e-06	1.16705e-06	9.00293e-07	6.23647e-07	3.86424e-07	1.8658e-07
1.56234e-05	9.40764e-06	7.44871e-06	6.08718e-06	5.20914e-06	4.50439e-06	3.58959e-06	2.67154e-06	2.1166e-06	1.75141e-06	1.41925e-06	1.1185e-06	9.09074e-07	6.9971e-07	4.80262e-07	2.93173e-07	1.37721e-07
9.61084e-06	5.33792e-06	4.37505e-06	3.65663e-06	3.20439e-06	2.82007e-06	2.31914e-06	1.78386e-06	1.44859e-06	1.22143e-06	1.00635e-06	8.00934e-07	6.58241e-07	5.10121e-07	3.48132e-07	2.11547e-07	9.52675e-08
6.02644e-06	2.77549e-06	2.37185e-06	2.01808e-06	1.81713e-06	1.62494e-06	1.38578e-06	1.10127e-06	9.18804e-07	7.93135e-07	6.6975e-07	5.38756e-07	4.52751e-07	3.59137e-07	2.4663e-07	1.50946e-07	6.59894e-08
4.33842e-06	1.54689e-06	1.34723e-06	1.15166e-06	1.05546e-06	9.50986e-07	8.32778e-07	6.74074e-07	5.72966e-07	5.05199e-07	4.34126e-07	3.52553e-07	3.0475e-07	2.4858e-07	1.73936e-07	1.08352e-07	4.60236e-08
3.60261e-06	9.75897e-07	8.62333e-07	7.24616e-07	6.72737e-07	6.0343e-07	5.38843e-07	4.35363e-07	3.73148e-07	3.3322e-07	2.8919e-07	2.35241e-07	2.08488e-07	1.74705e-07	1.22334e-07	7.66387e-08	3.01734e-08
3.24203e-06	6.87915e-07	6.17267e-07	5.06424e-07	4.72892e-07	4.2024e-07	3.79603e-07	3.03705e-07	2.57604e-07	2.31e-07	2.03501e-07	1.62397e-07	1.46369e-07	1.24473e-07	8.49214e-08	5.20205e-08	1.69111e-08
3.03868e-06	5.26842e-07	4.81967e-07	3.88796e-07	3.70157e-07	3.28828e-07	2.97393e-07	2.35292e-07	1.99629e-07	1.81167e-07	1.60698e-07	1.23672e-07	1.12718e-07	9.88996e-08	6.45743e-08	3.47291e-08	5.03521e-09
2.91541e-06	4.18114e-07	4.02239e-07	3.22195e-07	3.1186e-07	2.72563e-07	2.51401e-07	1.971e-07	1.67306e-07	1.52062e-07	1.34117e-07	1.02569e-07	9.58054e-08	8.64671e-08	5.81495e-08	2.87719e-08	3.18005e-09
2.81627e-06	3.36842e-07	3.43845e-07	2.74488e-07	2.74261e-07	2.39986e-07	2.23594e-07	1.74049e-07	1.47914e-07	1.33263e-07	1.20025e-07	9.09745e-08	8.63936e-08	7.53893e-08	5.00492e-08	2.63749e-08	7.57174e-11
2.75875e-06	3.00734e-07	3.02526e-07	2.41287e-07	2.42422e-07	2.10711e-07	1.99442e-07	1.53333e-07	1.28208e-07	1.18252e-07	1.05797e-07	7.93983e-08	7.56126e-08	6.9177e-08	4.43429e-08	2.58688e-08	5.24948e-09
2.72069e-06	2.8217e-07	2.79104e-07	2.20644e-07	2.25426e-07	1.99319e-07	1.84303e-07	1.40505e-07	1.17426e-07	1.06927e-07	9.66435e-08	7.15205e-08	6.94259e-08	6.20946e-08	3.80063e-08	2.32934e-08	2.99054e-09
2.72047e-06	2.84341e-07	2.7923e-07	2.18927e-07	2.18599e-07	1.89767e-07	1.7947e-07	1.36139e-07	1.14435e-07	1.05476e-07	9.4776e-08	6.99937e-08	6.83028e-08	6.28391e-08	3.93691e-08	2.26877e-08	-7.06625e-10
2.71362e-06	2.8643e-07	2.75313e-07	2.12359e-07	2.1063e-07	1.79954e-07	1.67954e-07	1.23019e-07	1.03334e-07	9.71507e-08	8.72451e-08	6.26514e-08	6.13265e-08	5.85125e-08	3.72754e-08	2.05683e-08	1.16091e-09
2.73049e-06	3.08114e-07	2.8988e-07	2.21451e-07	2.16303e-07	1.85085e-07	1.71192e-07	1.24656e-07	1.03722e-07	9.52177e-08	8.69779e-08	6.21325e-08	6.2347e-08	5.77413e-08	3.45994e-08	1.93186e-08	7.19243e-10
2.71111e-06	3.21219e-07	3.0214e-07	2.31425e-07	2.22794e-07	1.90705e-07	1.74881e-07	1.27864e-07	1.05794e-07	9.79835e-08	8.79391e-08	6.35473e-08	6.40016e-08	5.88027e-08	3.66318e-08	2.43792e-08	2.5111e-09
2.7003e-06	3.2437e-07	3.05744e-07	2.36883e-07	2.26762e-07	1.92174e-07	1.76514e-07	1.28158e-07	1.05393e-07	9.58282e-08	8.49759e-08	6.19337e-08	6.11135e-08	5.73026e-08	3.5598e-08	2.17677e-08	3.65949e-10
2.70652e-06	3.32189e-07	3.20177e-07	2.47508e-07	2.37514e-07	2.00517e-07	1.80341e-07	1.31924e-07	1.08757e-07	9.84353e-08	8.85174e-08	6.48076e-08	6.44921e-08	5.91546e-08	3.68959e-08	2.51735e-08	-8.95899e-10
2.69658e-06	3.48972e-07	3.27079e-07	2.51457e-07	2.4135e-07	2.02688e-07	1.84517e-07	1.34637e-07	1.10473e-07	1.00959e-07	9.09401e-08	6.36972e-08	6.5388e-08	6.1918e-08	4.03281e-08	2.45047e-08	2.27129e-09
2.6818e-06	3.57318e-07	3.29569e-07	2.54436e-07	2.41564e-07	2.0396e-07	1.82318e-07	1.30139e-07	1.07475e-07	9.76832e-08	8.6528e-08	6.2653e-08	6.16813e-08	5.69114e-08	3.57494e-08	1.86255e-08	-1.84236e-09
2.68881e-06	3.70208e-07	3.36114e-07	2.60694e-07	2.44076e-07	2.07558e-07	1.83546e-07	1.31041e-07	1.05817e-07	9.48265e-08	8.44164e-08	6.08833e-08	6.05678e-08	5.42334e-08	3.35268e-08	1.8511e-08	1.55205e-09
2.73416e-06	3.93968e-07	3.54675e-07	2.73502e-07	2.54208e-07	2.14902e-07	1.89174e-07	1.34158e-07	1.0747e-07	9.79558e-08	8.59937e-08	6.20946e-08	5.92934e-08	5.48391e-08	3.33249e-08	1.90789e-08	2.00631e-09
2.79805e-06	4.18785e-07	3.73634e-07	2.8226e-07	2.64089e-07	2.21298e-07	1.92224e-07	1.37269e-07	1.07526e-07	1.00901e-07	8.8648e-08	6.3082e-08	6.18328e-08	5.61164e-08	3.46011e-08	1.87644e-08	1.26189e-10
2.83702e-06	4.44416e-07	3.89855e-07	2.95079e-07	2.67672e-07	2.24215e-07	1.95937e-07	1.38057e-07	1.06978e-07	9.50662e-08	8.48076e-08	5.84479e-08	5.78927e-08	5.40568e-08	3.42965e-08	1.92934e-08	2.39748e-10
2.90439e-06	4.75255e-07	4.0955e-07	3.11579e-07	2.77231e-07	2.33066e-07	1.99955e-07	1.38565e-07	1.09429e-07	9.79078e-08	8.96048e-08	6.22729e-08	5.87397e-08	5.43736e-08	3.57107e-08	1.63411e-08	-5.53957e-09
2.95904e-06	5.09173e-07	4.26866e-07	3.22099e-07	2.8981e-07	2.40877e-07	2.05648e-07	1.45372e-07	1.13044e-07	9.90637e-08	8.73795e-08	6.27997e-08	5.99354e-08	5.38788e-08	3.2138e-08	1.9255e-08	2.56145e-09
3.0245e-06	5.46383e-07	4.48192e-07	3.36286e-07	3.00452e-07	2.48833e-07	2.12406e-07	1.50365e-07	1.18631e-07	1.03604e-07	8.96863e-08	6.43374e-08	6.28233e-08	5.74104e-08	3.63641e-08	2.19547e-08	2.574e-09
3.10567e-06	5.7795e-07	4.68318e-07	3.48541e-07	3.09377e-07	2.55337e-07	2.16476e-07	1.52417e-07	1.20824e-07	1.06251e-07	9.33809e-08	6.59635e-08	6.479e-08	5.77496e-08	3.71202e-08	2.19037e-08	1.12294e-09
3.20925e-06	6.06856e-07	4.86853e-07	3.5808e-07	3.18701e-07	2.6104e-07	2.20728e-07	1.5267e-07	1.22401e-07	1.07399e-07	9.40497e-08	6.79065e-08	6.56733e-08	6.10175e-08	3.71328e-08	2.59665e-08	5.71566e-09
3.31466e-06	6.41655e-07	5.05539e-07	3.6931e-07	3.25641e-07	2.6769e-07	2.2498e-07	1.52569e-07	1.20824e-07	1.07689e-07	9.20561e-08	6.66826e-08	6.2847e-08	5.66645e-08	3.48869e-08	1.84718e-08	-2.32159e-09
3.42893e-06	6.70313e-07	5.14547e-07	3.72218e-07	3.30911e-07	2.67827e-07	2.23972e-07	1.52889e-07	1.19707e-07	1.05375e-07	9.02094e-08	6.50013e-08	6.24022e-08	5.50719e-08	3.38885e-08	1.88494e-08	1.23644e-09
3.54876e-06	6.99836e-07	5.33321e-07	3.86033e-07	3.4002e-07	2.74905e-07	2.30293e-07	1.58226e-07	1.23278e-07	1.08289e-07	9.36664e-08	6.65153e-08	6.15821e-08	5.40121e-08	3.2324e-08	1.97073e-08	-1.98082e-09
3.70803e-06	7.34992e-07	5.55553e-07	3.96755e-07	3.46186e-07	2.82785e-07	2.36216e-07	1.61233e-07	1.28088e-07	1.10601e-07	9.58389e-08	6.94441e-08	6.7274e-08	5.84925e-08	3.68039e-08	1.96069e-08	2.64957e-10
3.90946e-06	7.82414e-07	5.77433e-07	4.05963e-07	3.5297e-07	2.86439e-07	2.36701e-07	1.5966e-07	1.26552e-07	1.10995e-07	9.60937e-08	6.95342e-08	6.77173e-08	6.11436e-08	3.9732e-08	2.27869e-08	2.77582e-09
4.14535e-06	8.51258e-07	6.11307e-07	4.21421e-07	3.6491e-07	2.94254e-07	2.38436e-07	1.63062e-07	1.26561e-07	1.11093e-07	9.50314e-08	6.65674e-08	6.53814e-08	5.71803e-08	3.27159e-08	1.78152e-08	-4.23932e-09
4.34168e-06	9.14494e-07	6.45071e-07	4.38858e-07	3.78258e-07	3.01143e-07	2.43408e-07	1.62419e-07	1.29362e-07	1.11068e-07	9.75422e-08	7.0731e-08	6.76903e-08	6.12935e-08	3.74599e-08	2.50322e-08	4.28979e-09
4.42347e-06	9.81567e-07	6.78118e-07	4.61078e-07	3.89014e-07	3.09606e-07	2.47395e-07	1.65565e-07	1.29343e-07	1.12097e-07	9.61116e-08	6.87719e-08	6.62486e-08	5.92465e-08	3.71553e-08	1.97573e-08	1.18594e-09
4.46518e-06	1.02537e-06	7.12168e-07	4.83257e-07	4.03719e-07	3.18769e-07	2.52921e-07	1.68992e-07	1.32088e-07	1.14045e-07	9.87408e-08	7.20558e-08	6.87123e-08	6.1079e-08	3.95165e-08	2.23952e-08	2.90192e-09
4.47749e-06	1.05588e-06	7.40456e-07	5.0323e-07	4.18788e-07	3.29477e-07	2.61576e-07	1.75973e-07	1.36963e-07	1.17131e-07	1.02584e-07	7.40203e-08	7.0841e-08	6.1896e-08	4.0486e-08	2.6608e-08	7.30489e-09
4.46631e-06	1.08044e-06	7.58327e-07	5.18584e-07	4.29006e-07	3.37156e-07	2.66023e-07	1.76634e-07	1.35365e-07	1.16894e-07	1.00883e-07	7.22433e-08	6.77265e-08	5.89452e-08	3.73202e-08	2.61923e-08	7.0275e-09
4.47107e-06	1.09679e-06	7.71189e-07	5.29749e-07	4.35808e-07	3.44818e-07	2.70571e-07	1.78698e-07	1.36484e-07	1.17017e-07	9.9354e-08	7.22162e-08	6.9592e-08	6.12526e-08	3.88459e-08	2.15236e-08	3.6966e-09
4.46235e-06	1.10363e-06	7.78777e-07	5.36511e-07	4.41386e-07	3.48834e-07	2.72507e-07	1.78227e-07	1.3503e-07	1.15424e-07	9.91623e-08	7.03724e-08	6.52629e-08	5.88287e-08	3.70534e-08	2.10814e-08	1.36254e-09
4.38854e-06	1.08509e-06	7.76941e-07	5.40534e-07	4.51757e-07	3.58237e-07	2.80448e-07	1.86322e-07	1.4281e-07	1.24404e-07	1.05051e-07	7.49123e-08	6.93992e-08	6.13125e-08	3.87304e-08	2.24686e-08	1.46343e-09
4.27478e-06	1.04616e-06	7.60963e-07	5.35084e-07	4.48706e-07	3.58758e-07	2.87556e-07	1.90594e-07	1.50225e-07	1.29687e-07	1.07849e-07	8.02215e-08	7.38129e-08	6.41242e-08	4.28546e-08	2.41459e-08	3.21693e-09
4.19795e-06	1.02704e-06	7.51457e-07	5.35841e-07	4.53145e-07	3.65857e-07	2.90831e-07	1.99064e-07	1.51465e-07	1.28176e-07	1.07537e-07	7.63379e-08	7.0623e-08	6.16658e-08	3.77211e-08	2.10178e-08	-1.72836e-09
4.18434e-06	1.03203e-06	7.60843e-07	5.47004e-07	4.67958e-07	3.78441e-07	3.03381e-07	2.07418e-07	1.59909e-07	1.36697e-07	1.14192e-07	8.13422e-08	7.49338e-08	6.63681e-08	4.1264e-08	2.41453e-08	3.68361e-09
4.22058e-06	1.05513e-06	7.85051e-07	5.68689e-07	4.90122e-07	4.00706e-07	3.18557e-07	2.17964e-07	1.6908e-07	1.41895e-07	1.17585e-07	8.32093e-08	7.50725e-08	6.40217e-08	3.80976e-08	2.06383e-08	4.54144e-10
4.2607e-06	1.0773e-06	8.09819e-07	5.96377e-07	5.16096e-07	4.24627e-07	3.43085e-07	2.376e-07	1.84756e-07	1.55641e-07	1.29781e-07	9.47119e-08	8.63735e-08	7.46922e-08	4.79488e-08	2.89257e-08	6.33263e-09
4.29901e-06	1.11054e-06	8.43299e-07	6.31648e-07	5.494e-07	4.54095e-07	3.65943e-07	2.53885e-07	1.95731e-07	1.64194e-07	1.36492e-07	9.98587e-08	8.96029e-08	7.57518e-08	4.81885e-08	2.89888e-08	6.50923e-09
4.38643e-06	1.15281e-06	8.91788e-07	6.66986e-07	5.81229e-07	4.81481e-07	3.91548e-07	2.71704e-07	2.08704e-07	1.74189e-07	1.43144e-07	1.05223e-07	9.05008e-08	7.97654e-08	5.02712e-08	3.07304e-08	6.39586e-09
4.50444e-06	1.24822e-06	9.64503e-07	7.31551e-07	6.36728e-07	5.3141e-07	4.25865e-07	2.97285e-07	2.28297e-07	1.91412e-07	1.56735e-07	1.14085e-07	9.89732e-08	8.37601e-08	5.47847e-08	3.01486e-08	6.98842e-09
4.71199e-06	1.37195e-06	1.06905e-06	8.12196e-07	7.02588e-07	5.84467e-07	4.6589e-07	3.21064e-07	2.45705e-07	2.03219e-07	1.64682e-07	1.20039e-07	9.99445e-08	8.6283e-08	5.48099e-08	3.35419e-08	9.92759e-09
4.94019e-06	1.54158e-06	1.2021e-06	9.15975e-07	7.86286e-07	6.52421e-07	5.14683e-07	3.54429e-07	2.66052e-07	2.15291e-07	1.69867e-07	1.20203e-07	1.00373e-07	8.17923e-08	5.06219e-08	2.76635e-08	5.36115e-09
5.24598e-06	1.78485e-06	1.37986e-06	1.05909e-06	9.02399e-07	7.50606e-07	5.87395e-07	4.02197e-07	3.02414e-07	2.42217e-07	1.91858e-07	1.36744e-07	1.13949e-07	9.16591e-08	5.9012e-08	3.39716e-08	7.35443e-09
5.79044e-06	2.13095e-06	1.62945e-06	1.24979e-06	1.05409e-06	8.73329e-07	6.73609e-07	4.54059e-07	3.34565e-07	2.64695e-07	2.04312e-07	1.43221e-07	1.17375e-07	9.11373e-08	5.44805e-08	3.23553e-08	9.83904e-09
6.66411e-06	2.64376e-06	1.9885e-06	1.51467e-06	1.26133e-06	1.03851e-06	7.84727e-07	5.20624e-07	3.74401e-07	2.88461e-07	2.17241e-07	1.49276e-07	1.17564e-07	9.12634e-08	5.40895e-08	2.71583e-08	4.78077e-09
8.02094e-06	3.35052e-06	2.46633e-06	1.85973e-06	1.52783e-06	1.24077e-06	9.29172e-07	6.02868e-07	4.27733e-07	3.29343e-07	2.45976e-07	1.69105e-07	1.32562e-07	9.9942e-08	6.20869e-08	3.63666e-08	1.4418e-08
9.50933e-06	4.02522e-06	2.92259e-06	2.1762e-06	1.77395e-06	1.4347e-06	1.04813e-06	6.72217e-07	4.68201e-07	3.49353e-07	2.57221e-07	1.72192e-07	1.29696e-07	9.76437e-08	5.62451e-08	3.07021e-08	9.24594e-09
1.04175e-05	4.30349e-06	3.13094e-06	2.31554e-06	1.88662e-06	1.51902e-06	1.10501e-06	7.03721e-07	4.87361e-07	3.62664e-07	2.63673e-07	1.74849e-07	1.30701e-07	9.34157e-08	5.37967e-08	2.99193e-08	7.01312e-09
1.02852e-05	4.26154e-06	3.11143e-06	2.30432e-06	1.88138e-06	1.51728e-06	1.10583e-06	7.09188e-07	4.96115e-07	3.69712e-07	2.66846e-07	1.773e-07	1.32937e-07	9.48561e-08	5.24231e-08	2.6653e-08	3.20392e-09
9.5405e-06	4.11603e-06	2.99184e-06	2.22653e-06	1.81289e-06	1.46888e-06	1.07635e-06	6.92864e-07	4.87349e-07	3.6648e-07	2.66699e-07	1.76013e-07	1.29963e-07	9.11659e-08	4.85596e-08	2.3069e-08	2.30816e-09
8.81598e-06	3.85587e-06	2.80957e-06	2.10412e-06	1.72049e-06	1.40161e-06	1.03909e-06	6.79721e-07	4.81636e-07	3.63806e-07	2.66132e-07	1.76328e-07	1.30518e-07	9.30326e-08	4.99218e-08	2.19338e-08	-1.32435e-09
8.03109e-06	3.49432e-06	2.55682e-06	1.94007e-06	1.59998e-06	1.31688e-06	9.86681e-07	6.56118e-07	4.70083e-07	3.56406e-07	2.64448e-07	1.77976e-07	1.36165e-07	1.00156e-07	6.09691e-08	3.44701e-08	8.96754e-09
7.31566e-06	3.08403e-06	2.28882e-06	1.75906e-06	1.46731e-06	1.21629e-06	9.21029e-07	6.13506e-07	4.38536e-07	3.32459e-07	2.45667e-07	1.61928e-07	1.22764e-07	8.91753e-08	5.11213e-08	2.91996e-08	6.19308e-09
6.70616e-06	2.72171e-06	2.06705e-06	1.60492e-06	1.35466e-06	1.12924e-06	8.61581e-07	5.78272e-07	4.17074e-07	3.19178e-07	2.36593e-07	1.59999e-07	1.22894e-07	9.10857e-08	5.29714e-08	2.9664e-08	7.70608e-09
6.20351e-06	2.44492e-06	1.89116e-06	1.47399e-06	1.25033e-06	1.0444e-06	7.97548e-07	5.34658e-07	3.84472e-07	2.95064e-07	2.19289e-07	1.47349e-07	1.13662e-07	8.43129e-08	4.88725e-08	2.64605e-08	7.40339e-09
5.8125e-06	2.27277e-06	1.7586e-06	1.37152e-06	1.16164e-06	9.69137e-07	7.44747e-07	5.0145e-07	3.6299e-07	2.81109e-07	2.1039e-07	1.4232e-07	1.12378e-07	8.34447e-08	4.95548e-08	2.51242e-08	2.42161e-09
5.56997e-06	2.14276e-06	1.64704e-06	1.27585e-06	1.07758e-06	8.95719e-07	6.87713e-07	4.64332e-07	3.39202e-07	2.65545e-07	2.02709e-07	1.37389e-07	1.09061e-07	8.20574e-08	4.93782e-08	2.80882e-08	8.55132e-09
5.40165e-06	2.04018e-06	1.54125e-06	1.18538e-06	9.96393e-07	8.2651e-07	6.35187e-07	4.28579e-07	3.14617e-07	2.47282e-07	1.89835e-07	1.3071e-07	1.05965e-07	8.20784e-08	5.14693e-08	2.83516e-08	6.64649e-09
5.30199e-06	1.94181e-06	1.44046e-06	1.09481e-06	9.17091e-07	7.59433e-07	5.84145e-07	3.98174e-07	2.93699e-07	2.32974e-07	1.78946e-07	1.25952e-07	1.00401e-07	7.63003e-08	4.79494e-08	2.62069e-08	6.65893e-09
5.22849e-06	1.80797e-06	1.32799e-06	9.91437e-07	8.28322e-07	6.7961e-07	5.19459e-07	3.45159e-07	2.50725e-07	1.9801e-07	1.51651e-07	1.02215e-07	8.37012e-08	6.49986e-08	3.70394e-08	1.91439e-08	3.3546e-09
5.05771e-06	1.67249e-06	1.21936e-06	9.00588e-07	7.51614e-07	6.13259e-07	4.70352e-07	3.12071e-07	2.24866e-07	1.79416e-07	1.39767e-07	9.60704e-08	7.91591e-08	6.36476e-08	3.68367e-08	1.97866e-08	3.87157e-09
4.78235e-06	1.51999e-06	1.10401e-06	8.11849e-07	6.80635e-07	5.55121e-07	4.28712e-07	2.88494e-07	2.14369e-07	1.72993e-07	1.37847e-07	9.51726e-08	8.1137e-08	6.65591e-08	4.13756e-08	2.45025e-08	2.06815e-09
4.46189e-06	1.32816e-06	9.617e-07	7.017e-07	5.93107e-07	4.81828e-07	3.75353e-07	2.53796e-07	1.87916e-07	1.54951e-07	1.24294e-07	8.46449e-08	7.43039e-08	6.45682e-08	4.04812e-08	2.18674e-08	1.51332e-10
4.08188e-06	1.116e-06	8.1232e-07	5.93253e-07	5.06406e-07	4.12585e-07	3.25259e-07	2.18537e-07	1.62358e-07	1.32825e-07	1.06557e-07	7.37074e-08	6.47415e-08	5.44262e-08	3.12358e-08	1.75788e-08	-3.15259e-10
3.63103e-06	9.23394e-07	6.7591e-07	5.0116e-07	4.31616e-07	3.56384e-07	2.86172e-07	1.92391e-07	1.4238e-07	1.15344e-07	9.39951e-08	6.46894e-08	5.58876e-08	4.66823e-08	2.84987e-08	9.11705e-09	-6.19152e-09
3.20559e-06	7.58619e-07	5.69796e-07	4.29132e-07	3.74745e-07	3.11909e-07	2.56084e-07	1.75708e-07	1.36314e-07	1.13251e-07	9.50039e-08	6.48533e-08	6.12469e-08	5.19155e-08	3.2496e-08	1.68596e-08	-8.32261e-10
2.90562e-06	6.68251e-07	5.02774e-07	3.86525e-07	3.37499e-07	2.78864e-07	2.32006e-07	1.62905e-07	1.24849e-07	1.08507e-07	9.03738e-08	6.38682e-08	5.95682e-08	5.13215e-08	3.08055e-08	1.85237e-08	2.52194e-10
2.77774e-06	6.13734e-07	4.64644e-07	3.55904e-07	3.14634e-07	2.63971e-07	2.20419e-07	1.55709e-07	1.26217e-07	1.08753e-07	9.02935e-08	6.75342e-08	6.20366e-08	5.2542e-08	3.31997e-08	2.28476e-08	6.07757e-09
2.68875e-06	5.56022e-07	4.3384e-07	3.29248e-07	2.92518e-07	2.43569e-07	2.06587e-07	1.43579e-07	1.1362e-07	9.88677e-08	8.34594e-08	5.8153e-08	5.47486e-08	4.81414e-08	2.66304e-08	1.39204e-08	-1.27352e-09
2.59436e-06	5.0585e-07	4.0613e-07	3.09007e-07	2.79138e-07	2.34025e-07	1.98444e-07	1.39021e-07	1.08937e-07	9.49793e-08	8.09966e-08	5.70658e-08	5.41784e-08	4.7206e-08	2.66794e-08	1.31002e-08	-2.5469e-09
2.49452e-06	4.42556e-07	3.7766e-07	2.90839e-07	2.69304e-07	2.27292e-07	1.95796e-07	1.41996e-07	1.14144e-07	1.01082e-07	8.66704e-08	6.39878e-08	6.04448e-08	5.6158e-08	3.68418e-08	1.72231e-08	2.82429e-09
2.3594e-06	3.73519e-07	3.30942e-07	2.56821e-07	2.41767e-07	2.02973e-07	1.77013e-07	1.26544e-07	1.02085e-07	9.04105e-08	7.41465e-08	5.15533e-08	5.00151e-08	4.18957e-08	2.34127e-08	9.97277e-09	-4.94226e-09
2.22016e-06	3.36536e-07	2.92965e-07	2.31972e-07	2.20739e-07	1.89385e-07	1.70361e-07	1.25076e-07	1.00151e-07	8.95865e-08	7.80761e-08	5.59632e-08	5.51689e-08	4.84367e-08	3.05976e-08	1.7171e-08	4.16036e-10
2.12363e-06	2.87468e-07	2.57249e-07	2.05837e-07	1.99823e-07	1.73361e-07	1.58901e-07	1.15557e-07	9.44907e-08	8.52748e-08	7.33485e-08	5.27358e-08	5.1475e-08	4.60287e-08	2.89839e-08	1.56707e-08	-1.48764e-09
2.06324e-06	2.4016e-07	2.31273e-07	1.81589e-07	1.83039e-07	1.593e-07	1.49795e-07	1.08431e-07	8.98868e-08	8.13015e-08	7.12791e-08	4.84733e-08	4.77799e-08	4.33297e-08	2.63357e-08	1.4687e-08	4.16026e-10
1.96616e-06	2.34128e-07	2.12987e-07	1.73932e-07	1.73289e-07	1.55501e-07	1.48555e-07	1.09437e-07	9.36287e-08	8.44763e-08	7.74419e-08	5.39433e-08	5.2128e-08	4.71736e-08	2.91085e-08	1.67036e-08	-7.56392e-11
2.36888e-06	3.59284e-07	2.69211e-07	2.08856e-07	2.05707e-07	1.77765e-07	1.62673e-07	1.20018e-07	9.48476e-08	8.42908e-08	7.17309e-08	4.97732e-08	4.72033e-08	4.23028e-08	2.18695e-08	1.0582e-08	-2.39355e-09
2.67811e-06	4.79165e-07	3.39111e-07	2.48451e-07	2.32591e-07	1.93578e-07	1.69732e-07	1.20515e-07	9.39988e-08	8.34929e-08	7.05432e-08	4.73521e-08	4.55129e-08	3.86476e-08	2.12133e-08	1.06067e-08	-3.27522e-09
2.86195e-06	6.08387e-07	4.17336e-07	2.99325e-07	2.66257e-07	2.17946e-07	1.83656e-07	1.28644e-07	9.81583e-08	8.5309e-08	7.24849e-08	4.88272e-08	4.55771e-08	4.08279e-08	2.40861e-08	1.2421e-08	5.41685e-10
3.03052e-06	7.27885e-07	5.05366e-07	3.55269e-07	3.04061e-07	2.44552e-07	1.99e-07	1.34023e-07	1.003e-07	8.65058e-08	7.37069e-08	5.01121e-08	4.62447e-08	4.05508e-08	2.32043e-08	1.2232e-08	-1.29752e-09
3.16201e-06	8.33275e-07	5.77788e-07	4.0455e-07	3.37343e-07	2.66559e-07	2.10627e-07	1.38344e-07	9.99849e-08	8.43768e-08	7.21196e-08	4.68116e-08	4.26797e-08	3.65322e-08	2.14028e-08	1.07329e-08	-2.12895e-09
3.21798e-06	9.09408e-07	6.3049e-07	4.44909e-07	3.67482e-07	2.91504e-07	2.25314e-07	1.45683e-07	1.0576e-07	8.98864e-08	7.42775e-08	4.88422e-08	4.58691e-08	3.95828e-08	2.35582e-08	1.37822e-08	9.70042e-10
3.18248e-06	9.34026e-07	6.54397e-07	4.71303e-07	3.89027e-07	3.11854e-07	2.42252e-07	1.55014e-07	1.17246e-07	9.61703e-08	8.00705e-08	5.32628e-08	4.67498e-08	4.15092e-08	2.38347e-08	1.32149e-08	-1.19678e-09
3.14349e-06	9.40905e-07	6.64916e-07	4.88524e-07	4.07722e-07	3.29365e-07	2.55883e-07	1.65596e-07	1.25246e-07	1.01197e-07	8.4001e-08	5.66515e-08	5.04283e-08	4.21391e-08	2.31418e-08	9.87654e-09	-5.15243e-09
3.14315e-06	9.46281e-07	6.71576e-07	4.99395e-07	4.20832e-07	3.45117e-07	2.68973e-07	1.75355e-07	1.29523e-07	1.04931e-07	8.40556e-08	5.57977e-08	5.02293e-08	4.41317e-08	2.66327e-08	1.49037e-08	7.18101e-10
3.10684e-06	9.51624e-07	6.77001e-07	5.08126e-07	4.30598e-07	3.57744e-07	2.83177e-07	1.87634e-07	1.39207e-07	1.13054e-07	9.14737e-08	6.11756e-08	5.50152e-08	4.50251e-08	2.50195e-08	1.31397e-08	-2.59518e-09
2.98985e-06	9.23554e-07	6.57075e-07	4.9932e-07	4.2465e-07	3.55032e-07	2.84494e-07	1.91292e-07	1.41844e-07	1.1448e-07	9.24461e-08	6.18953e-08	5.59993e-08	4.53034e-08	2.63682e-08	1.33164e-08	-1.82675e-09
2.86436e-06	8.70915e-07	6.29501e-07	4.85688e-07	4.17832e-07	3.51904e-07	2.82007e-07	1.92368e-07	1.422e-07	1.1602e-07	9.30783e-08	6.12921e-08	5.48164e-08	4.51659e-08	2.52224e-08	1.406e-08	-7.05521e-10
2.78671e-06	7.96966e-07	5.98216e-07	4.66375e-07	4.08373e-07	3.45079e-07	2.83511e-07	1.95072e-07	1.45535e-07	1.19898e-07	9.5835e-08	6.42008e-08	5.74103e-08	4.72057e-08	2.55367e-08	1.4299e-08	-8.31486e-10
2.74157e-06	7.36085e-07	5.67818e-07	4.47325e-07	3.98203e-07	3.34555e-07	2.78378e-07	1.92141e-07	1.47227e-07	1.21438e-07	9.45524e-08	6.43158e-08	5.64795e-08	4.61234e-08	2.6394e-08	1.19183e-08	-3.08665e-09
2.76568e-06	7.08647e-07	5.43677e-07	4.29842e-07	3.86253e-07	3.30066e-07	2.7747e-07	1.97019e-07	1.50445e-07	1.24871e-07	1.00292e-07	6.76006e-08	5.88324e-08	4.85651e-08	2.73879e-08	1.38829e-08	-1.34798e-09
2.82542e-06	6.70421e-07	5.22904e-07	4.13246e-07	3.7705e-07	3.23821e-07	2.72419e-07	1.92809e-07	1.47403e-07	1.23592e-07	9.82816e-08	6.50843e-08	5.61897e-08	4.56195e-08	2.57641e-08	1.23844e-08	-2.15436e-09
2.85614e-06	6.3895e-07	5.07761e-07	3.98304e-07	3.66405e-07	3.15695e-07	2.66699e-07	1.92494e-07	1.47e-07	1.22496e-07	9.79162e-08	6.66087e-08	5.73236e-08	4.6325e-08	2.62303e-08	1.34805e-08	-3.25043e-09
2.89043e-06	6.13932e-07	4.95994e-07	3.87756e-07	3.60757e-07	3.07968e-07	2.6435e-07	1.91491e-07	1.49133e-07	1.2425e-07	1.00766e-07	7.02641e-08	6.16338e-08	4.98791e-08	2.96578e-08	1.64164e-08	-4.66159e-10
2.95693e-06	5.88326e-07	4.79074e-07	3.71573e-07	3.47989e-07	2.97962e-07	2.56224e-07	1.84817e-07	1.43973e-07	1.20591e-07	9.69563e-08	6.62669e-08	5.82418e-08	4.87301e-08	2.73382e-08	1.42486e-08	-2.55745e-09
3.02808e-06	6.11157e-07	4.74664e-07	3.66228e-07	3.41749e-07	2.91317e-07	2.49666e-07	1.78434e-07	1.38547e-07	1.16424e-07	9.29775e-08	6.36228e-08	5.46275e-08	4.62998e-08	2.41011e-08	1.13261e-08	-5.64417e-09
3.03219e-06	6.49835e-07	4.84995e-07	3.72477e-07	3.42795e-07	2.91544e-07	2.51027e-07	1.81004e-07	1.40424e-07	1.17986e-07	9.80422e-08	6.71001e-08	5.87724e-08	4.88573e-08	2.78429e-08	1.41104e-08	-3.26303e-09
2.99263e-06	6.69619e-07	4.93222e-07	3.75472e-07	3.41128e-07	2.91702e-07	2.50202e-07	1.80139e-07	1.4049e-07	1.19236e-07	9.8599e-08	6.77317e-08	5.93282e-08	4.96901e-08	2.69365e-08	1.11374e-08	-6.28685e-09
2.90791e-06	6.83457e-07	4.93776e-07	3.7518e-07	3.36966e-07	2.85234e-07	2.44576e-07	1.74587e-07	1.37974e-07	1.18294e-07	9.71148e-08	6.66625e-08	5.76792e-08	4.8948e-08	2.62946e-08	1.2889e-08	-1.6127e-09
2.84303e-06	6.70942e-07	4.91105e-07	3.68795e-07	3.31364e-07	2.81371e-07	2.39807e-07	1.72693e-07	1.35867e-07	1.15633e-07	9.72005e-08	6.72655e-08	5.96054e-08	5.07232e-08	2.91287e-08	1.60762e-08	-4.28363e-10
2.73945e-06	6.79854e-07	4.86683e-07	3.68842e-07	3.27907e-07	2.78657e-07	2.38491e-07	1.73176e-07	1.3713e-07	1.1905e-07	9.97984e-08	7.0228e-08	6.32733e-08	5.30427e-08	3.21658e-08	1.85838e-08	1.6631e-09
2.64451e-06	6.34358e-07	4.63991e-07	3.50989e-07	3.13393e-07	2.65579e-07	2.25211e-07	1.62983e-07	1.28411e-07	1.11516e-07	9.23523e-08	6.4508e-08	5.69359e-08	4.71085e-08	2.58284e-08	1.19189e-08	-2.59544e-09
2.45655e-06	5.99131e-07	4.3553e-07	3.36664e-07	2.99433e-07	2.55941e-07	2.20373e-07	1.58347e-07	1.25753e-07	1.08832e-07	9.24531e-08	6.42056e-08	5.77296e-08	5.02331e-08	2.98979e-08	1.58498e-08	7.30755e-10
2.26664e-06	5.55792e-07	4.14674e-07	3.30242e-07	2.96827e-07	2.57629e-07	2.23446e-07	1.62954e-07	1.28002e-07	1.13991e-07	9.65275e-08	6.85558e-08	6.25205e-08	5.42172e-08	3.27344e-08	1.97692e-08	2.36877e-09
2.15455e-06	5.18005e-07	4.08323e-07	3.31288e-07	3.00028e-07	2.62027e-07	2.27553e-07	1.66368e-07	1.3187e-07	1.11937e-07	9.54691e-08	6.97906e-08	6.06431e-08	5.38644e-08	3.13988e-08	1.65436e-08	7.18192e-10
2.12596e-06	5.22983e-07	4.20795e-07	3.45724e-07	3.15357e-07	2.75528e-07	2.39139e-07	1.71715e-07	1.37014e-07	1.15758e-07	9.80671e-08	6.85701e-08	6.27993e-08	5.47603e-08	3.35291e-08	1.91523e-08	1.86483e-09
2.14139e-06	5.48196e-07	4.4054e-07	3.64309e-07	3.3054e-07	2.85646e-07	2.46207e-07	1.78544e-07	1.40177e-07	1.19475e-07	9.98816e-08	7.09642e-08	6.33663e-08	5.39791e-08	3.25462e-08	2.01603e-08	2.88544e-09
2.17314e-06	5.75099e-07	4.65122e-07	3.84605e-07	3.50281e-07	3.05423e-07	2.59545e-07	1.88188e-07	1.48925e-07	1.26295e-07	1.05794e-07	7.68126e-08	6.87987e-08	5.76472e-08	3.59618e-08	2.23533e-08	3.04932e-09
2.21168e-06	5.9443e-07	4.8464e-07	3.97177e-07	3.62059e-07	3.12349e-07	2.62878e-07	1.88659e-07	1.46825e-07	1.21459e-07	1.01575e-07	7.16356e-08	6.42137e-08	5.36794e-08	3.27621e-08	1.90272e-08	2.25554e-09
2.28037e-06	6.0528e-07	5.0339e-07	4.11971e-07	3.76411e-07	3.23589e-07	2.71711e-07	1.94771e-07	1.49836e-07	1.24597e-07	1.03868e-07	7.20136e-08	6.36971e-08	5.59728e-08	3.36064e-08	1.99471e-08	5.41835e-09
2.35264e-06	6.23305e-07	5.23313e-07	4.29268e-07	3.9009e-07	3.36421e-07	2.84591e-07	2.04395e-07	1.5937e-07	1.33916e-07	1.08914e-07	7.67302e-08	6.86653e-08	5.70971e-08	3.50572e-08	2.04647e-08	2.96134e-09
2.42289e-06	6.34445e-07	5.33343e-07	4.3291e-07	3.96026e-07	3.39294e-07	2.87351e-07	2.03135e-07	1.57959e-07	1.31861e-07	1.07944e-07	7.54826e-08	6.68885e-08	5.49801e-08	3.33056e-08	1.84611e-08	-1.7642e-10
2.53746e-06	6.56674e-07	5.52598e-07	4.48309e-07	4.05237e-07	3.4814e-07	2.93009e-07	2.0839e-07	1.62987e-07	1.36133e-07	1.13753e-07	8.10525e-08	7.10847e-08	6.02727e-08	3.80942e-08	2.11704e-08	2.48248e-09
2.74704e-06	6.70615e-07	5.72334e-07	4.54961e-07	4.18341e-07	3.57096e-07	2.96116e-07	2.11521e-07	1.63974e-07	1.37586e-07	1.13466e-07	7.89374e-08	7.05699e-08	5.75018e-08	3.41004e-08	1.78567e-08	5.16672e-10
2.91655e-06	7.12138e-07	6.00083e-07	4.66605e-07	4.24881e-07	3.5978e-07	2.97742e-07	2.11193e-07	1.6405e-07	1.35217e-07	1.10555e-07	7.68707e-08	6.67893e-08	5.48177e-08	3.20841e-08	1.84742e-08	3.21345e-09
3.01062e-06	7.55771e-07	6.29896e-07	4.876e-07	4.40937e-07	3.73103e-07	3.10714e-07	2.20891e-07	1.71518e-07	1.44034e-07	1.16198e-07	8.24134e-08	7.24961e-08	6.01593e-08	3.67332e-08	2.02253e-08	3.11256e-09
3.03061e-06	7.80238e-07	6.46584e-07	4.99887e-07	4.51269e-07	3.80485e-07	3.15674e-07	2.24664e-07	1.74182e-07	1.46937e-07	1.19843e-07	8.5818e-08	7.41614e-08	6.14462e-08	3.64191e-08	1.79197e-08	-1.57522e-09
3.02194e-06	7.88535e-07	6.53939e-07	5.04385e-07	4.62057e-07	3.88364e-07	3.2014e-07	2.31665e-07	1.76912e-07	1.53032e-07	1.2023e-07	8.72146e-08	7.23449e-08	6.40783e-08	3.90393e-08	2.06916e-08	5.04058e-11
2.98572e-06	7.90078e-07	6.59228e-07	5.1739e-07	4.65599e-07	3.96079e-07	3.25424e-07	2.3239e-07	1.82893e-07	1.53809e-07	1.24171e-07	8.81323e-08	7.54807e-08	6.29426e-08	3.80176e-08	2.04894e-08	3.22589e-09
2.95587e-06	7.66615e-07	6.55733e-07	5.15034e-07	4.67878e-07	3.97359e-07	3.29322e-07	2.36056e-07	1.84187e-07	1.55342e-07	1.26459e-07	8.96993e-08	7.72866e-08	6.4206e-08	3.89394e-08	2.24185e-08	8.5944e-09
2.90627e-06	7.82618e-07	6.58207e-07	5.24459e-07	4.72706e-07	4.0408e-07	3.40205e-07	2.45155e-07	1.94309e-07	1.62454e-07	1.32085e-07	9.48865e-08	8.05716e-08	6.53494e-08	3.87611e-08	2.04642e-08	4.80103e-09
2.8907e-06	7.88958e-07	6.6187e-07	5.29639e-07	4.81614e-07	4.13275e-07	3.47783e-07	2.54026e-07	2.0033e-07	1.6807e-07	1.37687e-07	1.00499e-07	8.57172e-08	7.09605e-08	4.41566e-08	2.58588e-08	7.93911e-09
2.9029e-06	7.91401e-07	6.77739e-07	5.4423e-07	4.98551e-07	4.30757e-07	3.63202e-07	2.65758e-07	2.12153e-07	1.77701e-07	1.43829e-07	1.05156e-07	9.03123e-08	7.12468e-08	4.30328e-08	2.47234e-08	7.54807e-09
2.90336e-06	8.22143e-07	6.97628e-07	5.65578e-07	5.18146e-07	4.49783e-07	3.80866e-07	2.85486e-07	2.25377e-07	1.92827e-07	1.56938e-07	1.15908e-07	9.95388e-08	8.02586e-08	5.00781e-08	3.2915e-08	1.20848e-08
2.94293e-06	8.64891e-07	7.36561e-07	6.01741e-07	5.50619e-07	4.79536e-07	4.07117e-07	3.03914e-07	2.40568e-07	2.03962e-07	1.6762e-07	1.21349e-07	1.04652e-07	8.40117e-08	5.22821e-08	3.29519e-08	1.09756e-08
3.02232e-06	9.43306e-07	8.00922e-07	6.58463e-07	6.04e-07	5.28441e-07	4.4783e-07	3.36912e-07	2.67264e-07	2.25163e-07	1.82683e-07	1.3447e-07	1.12115e-07	8.76808e-08	5.17415e-08	2.59968e-08	4.78855e-09
3.17441e-06	1.04271e-06	8.88404e-07	7.33108e-07	6.68137e-07	5.83356e-07	4.92175e-07	3.68192e-07	2.92712e-07	2.4329e-07	2.00081e-07	1.46891e-07	1.2184e-07	9.60332e-08	5.99687e-08	3.37584e-08	9.06021e-09
3.4e-06	1.202e-06	1.02034e-06	8.42788e-07	7.60793e-07	6.63878e-07	5.54197e-07	4.11943e-07	3.25109e-07	2.68492e-07	2.15819e-07	1.5643e-07	1.28179e-07	1.01981e-07	6.17959e-08	3.52327e-08	9.53905e-09
3.74971e-06	1.45577e-06	1.21013e-06	9.95023e-07	8.86883e-07	7.69972e-07	6.34362e-07	4.66129e-07	3.63823e-07	2.97417e-07	2.36631e-07	1.70577e-07	1.39151e-07	1.07649e-07	6.38861e-08	3.53579e-08	9.00958e-09
4.31549e-06	1.81517e-06	1.47155e-06	1.19362e-06	1.04651e-06	9.0001e-07	7.24817e-07	5.23904e-07	4.02215e-07	3.27213e-07	2.54795e-07	1.83208e-07	1.45115e-07	1.09995e-07	6.64961e-08	3.769e-08	1.03077e-08
5.21325e-06	2.33225e-06	1.81847e-06	1.44769e-06	1.24349e-06	1.05589e-06	8.3301e-07	5.89796e-07	4.44013e-07	3.5452e-07	2.72474e-07	1.94498e-07	1.50457e-07	1.11155e-07	6.52486e-08	3.60518e-08	7.66148e-09
6.35047e-06	2.84374e-06	2.14463e-06	1.6609e-06	1.40047e-06	1.17155e-06	9.02911e-07	6.25454e-07	4.62714e-07	3.67326e-07	2.77999e-07	1.96862e-07	1.51978e-07	1.1245e-07	6.58266e-08	3.34803e-08	7.59829e-09
6.98506e-06	2.96009e-06	2.16744e-06	1.64519e-06	1.37402e-06	1.13842e-06	8.71132e-07	5.95111e-07	4.39415e-07	3.44229e-07	2.62172e-07	1.82888e-07	1.43057e-07	1.06842e-07	6.36971e-08	3.27873e-08	6.47681e-09
7.25149e-06	2.80203e-06	2.00194e-06	1.49054e-06	1.24624e-06	1.02587e-06	7.84816e-07	5.3464e-07	3.94619e-07	3.11555e-07	2.37147e-07	1.66356e-07	1.29272e-07	9.56275e-08	5.52671e-08	2.85282e-08	3.89365e-09
8.08713e-06	3.34174e-06	2.34863e-06	1.72784e-06	1.41922e-06	1.15709e-06	8.67594e-07	5.78199e-07	4.2039e-07	3.25823e-07	2.47927e-07	1.71518e-07	1.32507e-07	9.6923e-08	5.61856e-08	2.80235e-08	5.59462e-09
8.40733e-06	3.87356e-06	2.79156e-06	2.09308e-06	1.71476e-06	1.40075e-06	1.04009e-06	6.87919e-07	4.93435e-07	3.7677e-07	2.79283e-07	1.91346e-07	1.42987e-07	1.038e-07	5.77718e-08	2.81866e-08	5.88428e-09
8.16165e-06	3.93363e-06	2.94407e-06	2.2608e-06	1.8773e-06	1.55186e-06	1.16647e-06	7.80449e-07	5.61049e-07	4.28051e-07	3.17167e-07	2.16401e-07	1.62458e-07	1.1687e-07	6.47539e-08	3.24589e-08	6.75386e-09
7.97009e-06	3.8275e-06	2.92519e-06	2.28157e-06	1.91732e-06	1.59949e-06	1.21575e-06	8.2096e-07	5.91732e-07	4.50682e-07	3.30801e-07	2.24163e-07	1.65356e-07	1.16366e-07	6.28638e-08	2.84141e-08	2.97372e-09
7.95813e-06	3.7316e-06	2.86643e-06	2.25276e-06	1.91339e-06	1.60817e-06	1.23281e-06	8.41918e-07	6.11549e-07	4.68852e-07	3.43191e-07	2.34199e-07	1.73013e-07	1.20773e-07	6.66045e-08	3.16768e-08	4.91407e-09
8.31597e-06	3.80143e-06	2.85181e-06	2.22444e-06	1.88601e-06	1.58541e-06	1.22381e-06	8.42376e-07	6.18086e-07	4.7446e-07	3.52027e-07	2.42371e-07	1.80468e-07	1.28052e-07	7.2676e-08	3.8354e-08	1.07225e-08
9.51429e-06	4.39837e-06	3.13688e-06	2.36491e-06	1.95776e-06	1.62149e-06	1.22946e-06	8.37722e-07	6.0845e-07	4.64568e-07	3.44715e-07	2.36581e-07	1.73177e-07	1.24326e-07	6.87465e-08	3.55703e-08	7.2199e-09
1.05699e-05	5.2158e-06	3.67315e-06	2.71736e-06	2.18948e-06	1.77761e-06	1.30848e-06	8.65648e-07	6.21576e-07	4.70126e-07	3.47164e-07	2.40216e-07	1.78477e-07	1.28052e-07	7.34571e-08	3.73838e-08	8.2781e-09
1.04587e-05	5.45846e-06	3.95582e-06	2.96193e-06	2.38293e-06	1.92832e-06	1.39839e-06	9.05096e-07	6.38224e-07	4.81679e-07	3.51356e-07	2.38408e-07	1.76415e-07	1.26254e-07	7.1443e-08	3.44489e-08	6.70329e-09
9.65889e-06	5.08674e-06	3.8291e-06	2.94084e-06	2.40638e-06	1.96822e-06	1.43871e-06	9.33685e-07	6.54944e-07	4.88055e-07	3.52641e-07	2.38156e-07	1.74008e-07	1.23356e-07	6.85701e-08	3.13996e-08	2.46963e-09
8.89422e-06	4.624e-06	3.55257e-06	2.78206e-06	2.31734e-06	1.92182e-06	1.42872e-06	9.41259e-07	6.62299e-07	4.93889e-07	3.56059e-07	2.3844e-07	1.73651e-07	1.214e-07	6.53302e-08	2.96475e-08	4.51075e-09
8.17426e-06	4.22518e-06	3.27738e-06	2.59649e-06	2.18832e-06	1.8354e-06	1.38844e-06	9.32224e-07	6.64457e-07	4.9845e-07	3.59899e-07	2.40991e-07	1.76717e-07	1.22814e-07	6.87087e-08	3.44867e-08	6.13628e-09
7.38807e-06	3.81377e-06	2.98474e-06	2.38602e-06	2.02717e-06	1.71239e-06	1.31286e-06	8.95784e-07	6.46338e-07	4.87337e-07	3.54178e-07	2.34262e-07	1.72244e-07	1.14977e-07	6.06446e-08	2.66116e-08	7.0561e-10
6.60524e-06	3.40073e-06	2.69066e-06	2.17261e-06	1.86026e-06	1.58319e-06	1.22705e-06	8.48589e-07	6.18322e-07	4.72026e-07	3.43586e-07	2.29902e-07	1.67654e-07	1.13269e-07	5.9942e-08	2.55166e-08	2.10433e-09
5.9845e-06	3.02544e-06	2.43093e-06	1.97722e-06	1.70548e-06	1.45708e-06	1.1404e-06	7.97467e-07	5.88974e-07	4.56477e-07	3.37891e-07	2.31867e-07	1.72102e-07	1.20754e-07	6.52848e-08	3.22203e-08	4.35988e-09
5.57918e-06	2.78776e-06	2.23219e-06	1.82024e-06	1.57191e-06	1.34471e-06	1.05554e-06	7.41766e-07	5.52481e-07	4.2858e-07	3.19271e-07	2.19501e-07	1.62509e-07	1.12913e-07	5.87183e-08	2.75321e-08	5.2292e-09
5.42674e-06	2.64996e-06	2.09555e-06	1.69865e-06	1.46347e-06	1.25134e-06	9.83241e-07	6.93682e-07	5.18422e-07	4.03694e-07	3.02815e-07	2.10214e-07	1.56322e-07	1.1101e-07	5.94365e-08	2.73053e-08	3.01152e-09
5.38641e-06	2.54245e-06	1.98451e-06	1.59352e-06	1.36786e-06	1.16533e-06	9.15841e-07	6.44427e-07	4.83128e-07	3.8027e-07	2.86447e-07	1.99768e-07	1.51949e-07	1.10065e-07	6.09234e-08	2.90441e-08	5.99783e-09
5.41292e-06	2.45604e-06	1.904e-06	1.51478e-06	1.30083e-06	1.10561e-06	8.70171e-07	6.12139e-07	4.58496e-07	3.61969e-07	2.74878e-07	1.93509e-07	1.48829e-07	1.07943e-07	6.09959e-08	2.79087e-08	3.74216e-09
5.63232e-06	2.47481e-06	1.88053e-06	1.47654e-06	1.26111e-06	1.06629e-06	8.37113e-07	5.86754e-07	4.38258e-07	3.45228e-07	2.62481e-07	1.83753e-07	1.40432e-07	1.02555e-07	5.54422e-08	2.47096e-08	5.79622e-10
5.93106e-06	2.62575e-06	1.9514e-06	1.50984e-06	1.27688e-06	1.07219e-06	8.30389e-07	5.76861e-07	4.30812e-07	3.38869e-07	2.57144e-07	1.78078e-07	1.37178e-07	1.01431e-07	5.51005e-08	2.7103e-08	4.86367e-09
6.04413e-06	2.75416e-06	2.03788e-06	1.56766e-06	1.31533e-06	1.09731e-06	8.49126e-07	5.91288e-07	4.3991e-07	3.43619e-07	2.63066e-07	1.84227e-07	1.41777e-07	1.03838e-07	5.75828e-08	2.92324e-08	4.29666e-09
5.99036e-06	2.79559e-06	2.07718e-06	1.60637e-06	1.34432e-06	1.12216e-06	8.63852e-07	5.94138e-07	4.4195e-07	3.46186e-07	2.62191e-07	1.83627e-07	1.42121e-07	1.04546e-07	5.91845e-08	3.03924e-08	3.15012e-10
5.94828e-06	2.78818e-06	2.08678e-06	1.61679e-06	1.35449e-06	1.13226e-06	8.67597e-07	5.97538e-07	4.43425e-07	3.46832e-07	2.63117e-07	1.82438e-07	1.4024e-07	1.04405e-07	6.00398e-08	3.09586e-08	4.97707e-09
5.92635e-06	2.7676e-06	2.09023e-06	1.61682e-06	1.3596e-06	1.13371e-06	8.70672e-07	5.99378e-07	4.4219e-07	3.43367e-07	2.56439e-07	1.79099e-07	1.36157e-07	9.88735e-08	5.39413e-08	2.59564e-08	4.19586e-09
5.83719e-06	2.73807e-06	2.06183e-06	1.60068e-06	1.34955e-06	1.12671e-06	8.62305e-07	5.92687e-07	4.34769e-07	3.3868e-07	2.51562e-07	1.72534e-07	1.31458e-07	9.37201e-08	4.98841e-08	2.21133e-08	8.44211e-10
5.69688e-06	2.66898e-06	2.02176e-06	1.57811e-06	1.33301e-06	1.1179e-06	8.60819e-07	5.92107e-07	4.35172e-07	3.40759e-07	2.55985e-07	1.7707e-07	1.37077e-07	9.98186e-08	5.6537e-08	2.76448e-08	4.49826e-09
5.60596e-06	2.60119e-06	1.98617e-06	1.55263e-06	1.31679e-06	1.10402e-06	8.5049e-07	5.84444e-07	4.32666e-07	3.36403e-07	2.52375e-07	1.74609e-07	1.34163e-07	9.85183e-08	5.54898e-08	2.61069e-08	2.10418e-09
5.54182e-06	2.55998e-06	1.95335e-06	1.53103e-06	1.29723e-06	1.08847e-06	8.4062e-07	5.78965e-07	4.28847e-07	3.33123e-07	2.49156e-07	1.7077e-07	1.28635e-07	9.26743e-08	4.91785e-08	2.09037e-08	-1.92783e-09
5.52853e-06	2.53227e-06	1.93889e-06	1.52114e-06	1.29106e-06	1.08584e-06	8.41477e-07	5.82065e-07	4.29137e-07	3.34724e-07	2.51134e-07	1.74752e-07	1.35364e-07	9.88735e-08	5.78474e-08	3.07066e-08	5.58188e-09
5.55243e-06	2.54114e-06	1.9384e-06	1.5206e-06	1.29312e-06	1.08823e-06	8.43808e-07	5.8369e-07	4.29363e-07	3.35051e-07	2.51802e-07	1.74197e-07	1.33348e-07	9.84829e-08	5.55668e-08	2.90812e-08	5.40547e-09
5.6398e-06	2.5791e-06	1.95715e-06	1.53769e-06	1.30196e-06	1.09422e-06	8.50285e-07	5.86223e-07	4.32148e-07	3.35795e-07	2.52029e-07	1.72748e-07	1.31584e-07	9.55723e-08	5.31979e-08	2.67376e-08	7.0813e-09
5.81797e-06	2.65005e-06	2.00735e-06	1.5711e-06	1.33214e-06	1.11979e-06	8.67361e-07	5.99274e-07	4.43553e-07	3.44014e-07	2.58801e-07	1.78716e-07	1.37666e-07	1.00837e-07	5.71907e-08	3.02018e-08	8.7947e-09
6.05449e-06	2.75348e-06	2.07962e-06	1.61976e-06	1.37207e-06	1.15156e-06	8.87811e-07	6.13184e-07	4.52612e-07	3.50213e-07	2.634e-07	1.86831e-07	1.42026e-07	1.04982e-07	6.02651e-08	3.0794e-08	8.02611e-09
6.24863e-06	2.88088e-06	2.16079e-06	1.67432e-06	1.40836e-06	1.17785e-06	9.06597e-07	6.23138e-07	4.58723e-07	3.57092e-07	2.67054e-07	1.86339e-07	1.4287e-07	1.04226e-07	6.08573e-08	3.21422e-08	8.3789e-09
6.39026e-06	3.01482e-06	2.23304e-06	1.7249e-06	1.44325e-06	1.20583e-06	9.24478e-07	6.31879e-07	4.64054e-07	3.61607e-07	2.71369e-07	1.88867e-07	1.44013e-07	1.06365e-07	6.10826e-08	3.1335e-08	6.57696e-09
6.5164e-06	3.10058e-06	2.29593e-06	1.76666e-06	1.47238e-06	1.22645e-06	9.37508e-07	6.4164e-07	4.72005e-07	3.67078e-07	2.76931e-07	1.92806e-07	1.48784e-07	1.11125e-07	6.62467e-08	3.4862e-08	8.81945e-09
6.56975e-06	3.15758e-06	2.33563e-06	1.79143e-06	1.48704e-06	1.23471e-06	9.39817e-07	6.41243e-07	4.71187e-07	3.63557e-07	2.73503e-07	1.91133e-07	1.45551e-07	1.04656e-07	6.14433e-08	3.32855e-08	9.46154e-09
6.58852e-06	3.20963e-06	2.37459e-06	1.82029e-06	1.5093e-06	1.2515e-06	9.51141e-07	6.48554e-07	4.76453e-07	3.69765e-07	2.76055e-07	1.92473e-07	1.48869e-07	1.0762e-07	6.07897e-08	3.05397e-08	6.99239e-09
6.55101e-06	3.25394e-06	2.40751e-06	1.85223e-06	1.5354e-06	1.27569e-06	9.68844e-07	6.59372e-07	4.82085e-07	3.76282e-07	2.84035e-07	1.96147e-07	1.51032e-07	1.0889e-07	6.30307e-08	3.07279e-08	5.29141e-09
6.54378e-06	3.30117e-06	2.44899e-06	1.89197e-06	1.5702e-06	1.30553e-06	9.92831e-07	6.78572e-07	4.96863e-07	3.85554e-07	2.9138e-07	2.03543e-07	1.56285e-07	1.14962e-07	6.7415e-08	3.69516e-08	9.48673e-09
6.61148e-06	3.33407e-06	2.49422e-06	1.93423e-06	1.60868e-06	1.33969e-06	1.0187e-06	6.93751e-07	5.06287e-07	3.92478e-07	2.92277e-07	2.0354e-07	1.54605e-07	1.13821e-07	6.47726e-08	3.1561e-08	5.44286e-09
6.73854e-06	3.37704e-06	2.53939e-06	1.97568e-06	1.64896e-06	1.37402e-06	1.04445e-06	7.08819e-07	5.17374e-07	3.99849e-07	2.97027e-07	2.05733e-07	1.55474e-07	1.11894e-07	6.33111e-08	3.12587e-08	9.03364e-09
6.946e-06	3.42583e-06	2.58798e-06	2.01615e-06	1.68928e-06	1.41056e-06	1.07614e-06	7.36601e-07	5.38352e-07	4.15295e-07	3.095e-07	2.14036e-07	1.62492e-07	1.16858e-07	6.79224e-08	3.4925e-08	8.44148e-09
7.18058e-06	3.47439e-06	2.6191e-06	2.03817e-06	1.71097e-06	1.43142e-06	1.09361e-06	7.5005e-07	5.47977e-07	4.23449e-07	3.13939e-07	2.17533e-07	1.64138e-07	1.1693e-07	6.64844e-08	3.34123e-08	7.81132e-09
7.45201e-06	3.53019e-06	2.65172e-06	2.05826e-06	1.73113e-06	1.44854e-06	1.11012e-06	7.60224e-07	5.5875e-07	4.31498e-07	3.20524e-07	2.2385e-07	1.68842e-07	1.21204e-07	7.05178e-08	3.61346e-08	8.27769e-09
7.71434e-06	3.5838e-06	2.68546e-06	2.07471e-06	1.74649e-06	1.45603e-06	1.11633e-06	7.64974e-07	5.62102e-07	4.31133e-07	3.20436e-07	2.22893e-07	1.64735e-07	1.16215e-07	6.41048e-08	3.16366e-08	4.8885e-09
7.88275e-06	3.63379e-06	2.70778e-06	2.08437e-06	1.75149e-06	1.46177e-06	1.12165e-06	7.71293e-07	5.67294e-07	4.37783e-07	3.25975e-07	2.25494e-07	1.69287e-07	1.19796e-07	6.85415e-08	3.35022e-08	8.1645e-09
7.9316e-06	3.66262e-06	2.71403e-06	2.08493e-06	1.749e-06	1.46059e-06	1.1187e-06	7.68547e-07	5.66677e-07	4.37343e-07	3.27601e-07	2.27611e-07	1.71517e-07	1.22493e-07	6.99148e-08	3.35148e-08	6.35017e-09
7.96175e-06	3.68399e-06	2.71732e-06	2.08422e-06	1.74434e-06	1.4536e-06	1.11333e-06	7.66782e-07	5.66106e-07	4.38593e-07	3.2703e-07	2.27776e-07	1.72592e-07	1.24364e-07	7.08688e-08	3.58061e-08	1.1276e-08
7.99832e-06	3.70611e-06	2.7258e-06	2.08814e-06	1.74715e-06	1.45449e-06	1.11238e-06	7.636e-07	5.61834e-07	4.34399e-07	3.25132e-07	2.24822e-07	1.70207e-07	1.22068e-07	7.02245e-08	3.58178e-08	9.7891e-09
8.08877e-06	3.7361e-06	2.74436e-06	2.10006e-06	1.75836e-06	1.46511e-06	1.11824e-06	7.69244e-07	5.66143e-07	4.39388e-07	3.29768e-07	2.30869e-07	1.74793e-07	1.25595e-07	7.17615e-08	3.69013e-08	9.88989e-09
8.15826e-06	3.74193e-06	2.7575e-06	2.10874e-06	1.7654e-06	1.46923e-06	1.12224e-06	7.70051e-07	5.65979e-07	4.38708e-07	3.28596e-07	2.30025e-07	1.73054e-07	1.24298e-07	7.04513e-08	3.46209e-08	7.92451e-09
8.16136e-06	3.74386e-06	2.7636e-06	2.11826e-06	1.77228e-06	1.47548e-06	1.12974e-06	7.747e-07	5.72328e-07	4.45423e-07	3.33422e-07	2.34938e-07	1.79101e-07	1.29274e-07	7.42435e-08	3.62461e-08	8.20168e-09
8.15224e-06	3.73323e-06	2.76078e-06	2.11714e-06	1.77428e-06	1.47581e-06	1.12673e-06	7.73357e-07	5.68484e-07	4.41544e-07	3.31397e-07	2.33912e-07	1.76905e-07	1.27066e-07	7.21251e-08	3.49728e-08	7.2314e-09
8.10191e-06	3.70022e-06	2.74193e-06	2.10209e-06	1.76284e-06	1.4667e-06	1.12035e-06	7.68728e-07	5.66924e-07	4.41253e-07	3.31721e-07	2.32545e-07	1.76632e-07	1.27687e-07	7.28576e-08	3.71784e-08	7.40797e-09
7.99233e-06	3.65342e-06	2.70584e-06	2.07743e-06	1.74184e-06	1.45035e-06	1.10905e-06	7.61672e-07	5.61554e-07	4.37703e-07	3.29512e-07	2.28791e-07	1.7297e-07	1.24102e-07	6.9843e-08	3.51987e-08	7.92411e-09
7.91132e-06	3.59513e-06	2.66612e-06	2.045e-06	1.71663e-06	1.4297e-06	1.09372e-06	7.51556e-07	5.53831e-07	4.30925e-07	3.24649e-07	2.26662e-07	1.71786e-07	1.23107e-07	6.79659e-08	3.17216e-08	5.41712e-09
7.85286e-06	3.53845e-06	2.63521e-06	2.01683e-06	1.69645e-06	1.41166e-06	1.08192e-06	7.42775e-07	5.47545e-07	4.26201e-07	3.20467e-07	2.24785e-07	1.69405e-07	1.2225e-07	6.82053e-08	3.38885e-08	9.51145e-09
7.78463e-06	3.50795e-06	2.60705e-06	1.99801e-06	1.67924e-06	1.39657e-06	1.0687e-06	7.356e-07	5.41549e-07	4.2087e-07	3.17552e-07	2.20911e-07	1.67469e-07	1.18764e-07	6.61787e-08	3.28311e-08	1.03432e-08
7.7441e-06	3.49742e-06	2.59121e-06	1.98668e-06	1.66988e-06	1.38614e-06	1.06279e-06	7.31109e-07	5.4374e-07	4.20973e-07	3.16813e-07	2.19381e-07	1.69316e-07	1.21532e-07	6.91879e-08	3.58286e-08	8.94454e-09
7.79886e-06	3.49102e-06	2.59238e-06	1.98289e-06	1.66667e-06	1.38323e-06	1.05999e-06	7.27947e-07	5.36786e-07	4.17017e-07	3.14735e-07	2.19759e-07	1.66356e-07	1.21192e-07	6.88982e-08	3.26791e-08	6.81549e-09
7.8822e-06	3.50314e-06	2.59371e-06	1.98141e-06	1.66271e-06	1.37986e-06	1.05277e-06	7.18374e-07	5.26782e-07	4.1042e-07	3.04024e-07	2.08637e-07	1.60868e-07	1.11108e-07	6.03285e-08	2.64922e-08	2.8344e-09
7.96658e-06	3.51747e-06	2.60409e-06	1.9869e-06	1.668e-06	1.38333e-06	1.05505e-06	7.19766e-07	5.2779e-07	4.07584e-07	3.03502e-07	2.08377e-07	1.56916e-07	1.12207e-07	6.19174e-08	2.76266e-08	4.2454e-09
7.98362e-06	3.526e-06	2.61175e-06	1.98938e-06	1.6669e-06	1.38063e-06	1.05016e-06	7.1394e-07	5.2197e-07	4.00897e-07	2.95722e-07	2.0288e-07	1.49316e-07	1.084e-07	5.79476e-08	2.47033e-08	2.59505e-09
7.98806e-06	3.53426e-06	2.6191e-06	1.99286e-06	1.66829e-06	1.38191e-06	1.04898e-06	7.08158e-07	5.14903e-07	3.9577e-07	2.90645e-07	1.99478e-07	1.4817e-07	1.04671e-07	5.6373e-08	2.72102e-08	5.66879e-09
7.95247e-06	3.52729e-06	2.61625e-06	1.98954e-06	1.6634e-06	1.37298e-06	1.03989e-06	7.00771e-07	5.07193e-07	3.87773e-07	2.83861e-07	1.92558e-07	1.44021e-07	1.02124e-07	5.48473e-08	2.37705e-08	-1.48645e-09
7.84005e-06	3.50239e-06	2.59877e-06	1.97859e-06	1.65124e-06	1.36426e-06	1.03106e-06	6.94064e-07	5.02154e-07	3.83733e-07	2.83501e-07	1.93699e-07	1.44698e-07	1.03305e-07	5.66347e-08	2.75741e-08	4.90011e-09
7.75874e-06	3.45461e-06	2.57114e-06	1.95408e-06	1.62938e-06	1.34198e-06	1.01195e-06	6.78147e-07	4.87894e-07	3.71271e-07	2.74501e-07	1.85869e-07	1.36904e-07	9.76141e-08	5.17737e-08	2.33296e-08	3.27522e-09
7.69814e-06	3.42813e-06	2.54753e-06	1.93255e-06	1.6067e-06	1.32169e-06	9.92077e-07	6.60465e-07	4.73812e-07	3.60294e-07	2.6373e-07	1.80052e-07	1.32602e-07	9.05427e-08	4.66191e-08	1.90583e-08	-1.02031e-09
7.64196e-06	3.41834e-06	2.5372e-06	1.91847e-06	1.58993e-06	1.30748e-06	9.80929e-07	6.56337e-07	4.70562e-07	3.59572e-07	2.63195e-07	1.79352e-07	1.32983e-07	9.43491e-08	4.97317e-08	1.91973e-08	-1.1463e-09
7.57719e-06	3.40576e-06	2.51093e-06	1.88865e-06	1.56118e-06	1.27919e-06	9.56707e-07	6.361e-07	4.55549e-07	3.45358e-07	2.52425e-07	1.68989e-07	1.24751e-07	8.89281e-08	4.60511e-08	1.79997e-08	1.66268e-09
7.54065e-06	3.38988e-06	2.49114e-06	1.86607e-06	1.54109e-06	1.26488e-06	9.43328e-07	6.29368e-07	4.50508e-07	3.42882e-07	2.50624e-07	1.68783e-07	1.24997e-07	8.79626e-08	4.42269e-08	1.65394e-08	-3.0232e-10
7.49067e-06	3.358e-06	2.45552e-06	1.83808e-06	1.5166e-06	1.24487e-06	9.29752e-07	6.19914e-07	4.45447e-07	3.42801e-07	2.48495e-07	1.68535e-07	1.25419e-07	9.07293e-08	4.91498e-08	2.38317e-08	6.0461e-09
7.39687e-06	3.32343e-06	2.41524e-06	1.80819e-06	1.49094e-06	1.21942e-06	9.15017e-07	6.09318e-07	4.35951e-07	3.31482e-07	2.42694e-07	1.61087e-07	1.18261e-07	8.28673e-08	4.26491e-08	1.78733e-08	2.29242e-09
7.31817e-06	3.32182e-06	2.39972e-06	1.79754e-06	1.4801e-06	1.21442e-06	9.11208e-07	6.09991e-07	4.38442e-07	3.36058e-07	2.46259e-07	1.66877e-07	1.24679e-07	9.02907e-08	4.93274e-08	2.04187e-08	3.79151e-09
7.33867e-06	3.33568e-06	2.39578e-06	1.79231e-06	1.47632e-06	1.20938e-06	9.08001e-07	6.07744e-07	4.36984e-07	3.33963e-07	2.44345e-07	1.64991e-07	1.23312e-07	8.65326e-08	4.66042e-08	2.21685e-08	4.00544e-09
7.4549e-06	3.35813e-06	2.3993e-06	1.78768e-06	1.47017e-06	1.20531e-06	9.01164e-07	5.97728e-07	4.28055e-07	3.25213e-07	2.36365e-07	1.57909e-07	1.1749e-07	8.22732e-08	4.32904e-08	1.87294e-08	4.09351e-09
7.57031e-06	3.37617e-06	2.40237e-06	1.78424e-06	1.46632e-06	1.19855e-06	8.97133e-07	5.95284e-07	4.25196e-07	3.21435e-07	2.35005e-07	1.5777e-07	1.19493e-07	8.62786e-08	4.83916e-08	2.48759e-08	7.49427e-09
7.69337e-06	3.39457e-06	2.39811e-06	1.77557e-06	1.45787e-06	1.18929e-06	8.87312e-07	5.87586e-07	4.15688e-07	3.14046e-07	2.28362e-07	1.50537e-07	1.12562e-07	7.83793e-08	4.03547e-08	1.8943e-08	2.33009e-09
7.83425e-06	3.41628e-06	2.39801e-06	1.76889e-06	1.45e-06	1.18075e-06	8.7705e-07	5.75896e-07	4.0928e-07	3.07703e-07	2.21504e-07	1.46213e-07	1.06955e-07	7.57702e-08	4.21043e-08	1.99249e-08	3.26205e-09
7.94977e-06	3.41979e-06	2.39891e-06	1.76273e-06	1.44102e-06	1.16877e-06	8.65872e-07	5.64268e-07	3.99045e-07	2.98809e-07	2.15624e-07	1.43019e-07	1.04154e-07	7.34994e-08	3.69134e-08	1.3778e-08	-4.5087e-09
7.99504e-06	3.404e-06	2.38394e-06	1.74489e-06	1.42526e-06	1.15018e-06	8.48346e-07	5.50014e-07	3.86811e-07	2.87551e-07	2.08771e-07	1.3659e-07	1.00544e-07	7.02159e-08	3.46104e-08	1.42195e-08	-1.88922e-10
8.00228e-06	3.36723e-06	2.35607e-06	1.71646e-06	1.39845e-06	1.12642e-06	8.26121e-07	5.33652e-07	3.74421e-07	2.78866e-07	1.98363e-07	1.28552e-07	9.62469e-08	6.8073e-08	3.52771e-08	1.50756e-08	6.29723e-10
7.92703e-06	3.29708e-06	2.3088e-06	1.67694e-06	1.36685e-06	1.09734e-06	8.05479e-07	5.21385e-07	3.66839e-07	2.74018e-07	1.96448e-07	1.29131e-07	9.58186e-08	6.77582e-08	3.65239e-08	1.65869e-08	3.13602e-09
7.74578e-06	3.20224e-06	2.24066e-06	1.6239e-06	1.32089e-06	1.06006e-06	7.76863e-07	4.98854e-07	3.52728e-07	2.64307e-07	1.91779e-07	1.25082e-07	9.27409e-08	6.58657e-08	3.18498e-08	1.08055e-08	-4.87381e-09
7.50995e-06	3.1143e-06	2.16348e-06	1.56371e-06	1.26726e-06	1.01637e-06	7.44553e-07	4.80405e-07	3.39597e-07	2.54691e-07	1.85691e-07	1.21527e-07	9.06858e-08	6.46677e-08	3.23023e-08	1.40418e-08	-7.05236e-10
7.31748e-06	3.0291e-06	2.08403e-06	1.49882e-06	1.21271e-06	9.71739e-07	7.13062e-07	4.61916e-07	3.26671e-07	2.47368e-07	1.77825e-07	1.19377e-07	8.86857e-08	6.34099e-08	3.18498e-08	1.24805e-08	-1.53645e-09
7.09569e-06	2.92722e-06	1.9932e-06	1.42744e-06	1.15422e-06	9.25472e-07	6.80906e-07	4.42888e-07	3.13918e-07	2.38294e-07	1.72984e-07	1.16087e-07	8.73612e-08	6.36224e-08	3.2189e-08	1.33995e-08	3.90399e-10
6.85379e-06	2.80306e-06	1.90322e-06	1.36388e-06	1.10552e-06	8.89621e-07	6.59883e-07	4.33571e-07	3.1075e-07	2.3485e-07	1.723e-07	1.19106e-07	9.11873e-08	6.86455e-08	3.71877e-08	1.59934e-08	8.81523e-11
6.5385e-06	2.63277e-06	1.78605e-06	1.28139e-06	1.04081e-06	8.38144e-07	6.24669e-07	4.06813e-07	2.8912e-07	2.20199e-07	1.61038e-07	1.06901e-07	7.9927e-08	5.88717e-08	2.92281e-08	1.41418e-08	3.40008e-09
6.21395e-06	2.42933e-06	1.6607e-06	1.19683e-06	9.81766e-07	7.94432e-07	5.92817e-07	3.90309e-07	2.78465e-07	2.11776e-07	1.5627e-07	1.0347e-07	7.85504e-08	5.8768e-08	3.20095e-08	1.46951e-08	2.77029e-09
5.90642e-06	2.22381e-06	1.53799e-06	1.1151e-06	9.24914e-07	7.50768e-07	5.65025e-07	3.73905e-07	2.66281e-07	2.03851e-07	1.50184e-07	1.00521e-07	7.671e-08	5.75577e-08	2.96666e-08	1.23023e-08	-1.53621e-09
5.55243e-06	2.05649e-06	1.43373e-06	1.04995e-06	8.76243e-07	7.13048e-07	5.39225e-07	3.5835e-07	2.57448e-07	1.9858e-07	1.48916e-07	1.00776e-07	7.90289e-08	5.94102e-08	3.44398e-08	2.0135e-08	4.65913e-09
5.15737e-06	1.90977e-06	1.35305e-06	9.95971e-07	8.33862e-07	6.78075e-07	5.11811e-07	3.40372e-07	2.47633e-07	1.92707e-07	1.42528e-07	9.92621e-08	7.63322e-08	5.68273e-08	3.02332e-08	1.45059e-08	2.82059e-09
4.74985e-06	1.81019e-06	1.29499e-06	9.55918e-07	7.97243e-07	6.48325e-07	4.91463e-07	3.27902e-07	2.3931e-07	1.87283e-07	1.40393e-07	9.58826e-08	7.54848e-08	6.00856e-08	3.15286e-08	1.68471e-08	5.03651e-10
4.41476e-06	1.729e-06	1.23871e-06	9.14984e-07	7.61748e-07	6.19466e-07	4.69718e-07	3.13762e-07	2.28922e-07	1.78998e-07	1.33594e-07	9.07328e-08	7.12289e-08	5.24427e-08	2.63536e-08	1.06774e-08	-2.54344e-09
4.18481e-06	1.6538e-06	1.18351e-06	8.76294e-07	7.31598e-07	5.98449e-07	4.54333e-07	3.07333e-07	2.25517e-07	1.76802e-07	1.32054e-07	9.09823e-08	7.14034e-08	5.46196e-08	2.63403e-08	1.06268e-08	-1.34723e-09
4.04137e-06	1.59649e-06	1.13443e-06	8.45303e-07	7.06985e-07	5.79584e-07	4.46705e-07	3.02382e-07	2.23277e-07	1.75132e-07	1.30448e-07	9.04867e-08	6.97253e-08	5.32949e-08	2.69937e-08	1.11928e-08	6.29517e-11
4.00251e-06	1.56547e-06	1.10778e-06	8.26862e-07	6.96467e-07	5.75427e-07	4.48872e-07	3.0833e-07	2.30083e-07	1.78665e-07	1.37395e-07	9.46392e-08	7.5175e-08	5.77001e-08	3.37538e-08	1.77771e-08	1.92627e-09
4.01458e-06	1.56211e-06	1.09729e-06	8.23932e-07	6.96175e-07	5.76916e-07	4.53163e-07	3.13923e-07	2.34513e-07	1.82993e-07	1.41242e-07	9.67843e-08	7.72059e-08	5.86221e-08	3.38311e-08	1.58013e-08	2.68181e-09
4.05308e-06	1.56824e-06	1.08911e-06	8.22556e-07	6.93723e-07	5.77517e-07	4.50786e-07	3.09463e-07	2.28647e-07	1.79534e-07	1.33517e-07	8.94395e-08	6.94843e-08	5.16694e-08	2.65901e-08	1.18598e-08	1.15828e-09
4.11973e-06	1.58555e-06	1.10828e-06	8.37673e-07	7.12349e-07	5.95221e-07	4.65641e-07	3.20311e-07	2.34785e-07	1.82371e-07	1.36945e-07	9.1431e-08	7.10347e-08	5.38615e-08	2.93229e-08	1.52721e-08	5.67824e-09
4.1509e-06	1.58738e-06	1.12139e-06	8.51332e-07	7.2608e-07	6.05209e-07	4.72366e-07	3.22074e-07	2.35245e-07	1.81426e-07	1.34568e-07	8.97623e-08	6.71518e-08	5.02694e-08	2.71805e-08	1.32566e-08	3.63833e-09
4.11862e-06	1.57392e-06	1.14293e-06	8.7043e-07	7.47029e-07	6.22595e-07	4.82476e-07	3.29301e-07	2.39714e-07	1.84409e-07	1.36356e-07	9.10338e-08	6.86121e-08	5.06093e-08	2.57831e-08	1.04366e-08	-1.41001e-09
4.00208e-06	1.57684e-06	1.15954e-06	8.92313e-07	7.62167e-07	6.361e-07	4.92031e-07	3.33333e-07	2.41496e-07	1.86016e-07	1.37196e-07	9.1384e-08	6.997e-08	4.99912e-08	2.52914e-08	1.16323e-08	1.23373e-09
3.89713e-06	1.57021e-06	1.17369e-06	9.05305e-07	7.71848e-07	6.42433e-07	4.96513e-07	3.37727e-07	2.45751e-07	1.88433e-07	1.4028e-07	9.43551e-08	7.21354e-08	5.52912e-08	2.80107e-08	1.58496e-08	1.63658e-10
3.83337e-06	1.5669e-06	1.1707e-06	9.02183e-07	7.69482e-07	6.41249e-07	4.95141e-07	3.36443e-07	2.45109e-07	1.87716e-07	1.39411e-07	9.18498e-08	6.98441e-08	4.90974e-08	2.50145e-08	1.12798e-08	1.19596e-09
3.79942e-06	1.53637e-06	1.15289e-06	8.89297e-07	7.59385e-07	6.32644e-07	4.89942e-07	3.33757e-07	2.42113e-07	1.87605e-07	1.39631e-07	9.2525e-08	7.30759e-08	5.31861e-08	2.91926e-08	1.5509e-08	4.64513e-09
3.73343e-06	1.48615e-06	1.11709e-06	8.64955e-07	7.40055e-07	6.1649e-07	4.80715e-07	3.25415e-07	2.34428e-07	1.81105e-07	1.32402e-07	8.70342e-08	6.62638e-08	4.74446e-08	2.46727e-08	1.1493e-08	1.22105e-09
3.65481e-06	1.44145e-06	1.09155e-06	8.49169e-07	7.29846e-07	6.09567e-07	4.77631e-07	3.24006e-07	2.35448e-07	1.80174e-07	1.32452e-07	8.76385e-08	6.61883e-08	4.70166e-08	2.40181e-08	8.33333e-09	-2.44209e-09
3.58609e-06	1.43354e-06	1.08891e-06	8.45737e-07	7.30495e-07	6.12749e-07	4.77166e-07	3.24778e-07	2.39785e-07	1.84927e-07	1.38629e-07	9.427e-08	7.23547e-08	5.17107e-08	2.78946e-08	1.08381e-08	-3.65046e-09
3.48909e-06	1.44935e-06	1.09159e-06	8.46181e-07	7.23667e-07	6.04312e-07	4.68405e-07	3.19521e-07	2.338e-07	1.80265e-07	1.35492e-07	9.30089e-08	7.13207e-08	5.11807e-08	2.80323e-08	1.18574e-08	3.021e-10
3.43903e-06	1.47349e-06	1.0952e-06	8.44397e-07	7.13881e-07	5.95386e-07	4.59016e-07	3.11847e-07	2.28369e-07	1.77202e-07	1.32606e-07	8.94696e-08	6.87511e-08	5.03864e-08	2.64834e-08	1.12529e-08	-4.40551e-10
3.41063e-06	1.47014e-06	1.08161e-06	8.29008e-07	7.00055e-07	5.83388e-07	4.48923e-07	3.07874e-07	2.24726e-07	1.73346e-07	1.31608e-07	8.72898e-08	6.73396e-08	5.09516e-08	2.60422e-08	9.75481e-09	3.39845e-10
3.28995e-06	1.42071e-06	1.04028e-06	8.00974e-07	6.77755e-07	5.65776e-07	4.36402e-07	2.99502e-07	2.21656e-07	1.71965e-07	1.295e-07	8.67064e-08	6.52344e-08	4.58516e-08	2.23405e-08	8.35725e-09	-6.41897e-10
3.1118e-06	1.3439e-06	9.92436e-07	7.71679e-07	6.575e-07	5.5062e-07	4.28663e-07	2.92773e-07	2.17484e-07	1.69633e-07	1.2742e-07	8.58232e-08	6.17464e-08	4.53722e-08	2.015e-08	8.39479e-09	9.94286e-10
3.0522e-06	1.34486e-06	9.99572e-07	7.76406e-07	6.63193e-07	5.55065e-07	4.35898e-07	3.03882e-07	2.24953e-07	1.7661e-07	1.31048e-07	9.14766e-08	7.008e-08	5.15531e-08	2.74631e-08	1.20702e-08	-3.65e-09
3.05694e-06	1.36872e-06	1.00799e-06	7.81162e-07	6.6501e-07	5.55968e-07	4.36216e-07	3.04345e-07	2.2396e-07	1.728e-07	1.31821e-07	8.90556e-08	6.74335e-08	4.93355e-08	2.64046e-08	9.04903e-09	-1.72422e-09
2.99169e-06	1.3464e-06	1.00438e-06	7.85069e-07	6.68882e-07	5.61995e-07	4.38873e-07	3.07596e-07	2.25629e-07	1.78409e-07	1.35757e-07	9.49181e-08	7.38378e-08	5.47837e-08	3.00159e-08	1.54421e-08	3.95177e-09
2.81786e-06	1.27652e-06	9.6451e-07	7.55386e-07	6.46627e-07	5.44362e-07	4.25296e-07	2.94123e-07	2.14271e-07	1.69595e-07	1.2673e-07	8.65089e-08	6.64611e-08	4.68412e-08	2.29801e-08	9.28769e-09	-5.03398e-11
2.66426e-06	1.18715e-06	9.18953e-07	7.28505e-07	6.29449e-07	5.30758e-07	4.15882e-07	2.88875e-07	2.12447e-07	1.66323e-07	1.27725e-07	8.72137e-08	6.70274e-08	4.82884e-08	2.69192e-08	1.20941e-08	3.47345e-09
2.51827e-06	1.11069e-06	8.5768e-07	6.85183e-07	5.9363e-07	5.0341e-07	3.96441e-07	2.76396e-07	2.03695e-07	1.5756e-07	1.21379e-07	8.12086e-08	6.52387e-08	4.73434e-08	2.56223e-08	1.16911e-08	2.99514e-09
2.43392e-06	1.0602e-06	8.06823e-07	6.44955e-07	5.61548e-07	4.75021e-07	3.7796e-07	2.66428e-07	1.97971e-07	1.57413e-07	1.21624e-07	8.33942e-08	6.66071e-08	4.75927e-08	2.4564e-08	1.12753e-08	2.45388e-09
2.33071e-06	9.92374e-07	7.56443e-07	6.02255e-07	5.25922e-07	4.47274e-07	3.57578e-07	2.54178e-07	1.91662e-07	1.52275e-07	1.17569e-07	8.23979e-08	6.70207e-08	5.26627e-08	3.17109e-08	1.96054e-08	5.08381e-09
2.13609e-06	9.00916e-07	6.83495e-07	5.46232e-07	4.76934e-07	4.08479e-07	3.2827e-07	2.32534e-07	1.73365e-07	1.36608e-07	1.05049e-07	7.25953e-08	5.73564e-08	4.16142e-08	2.41355e-08	1.29864e-08	2.55449e-09
1.97722e-06	8.09186e-07	6.2007e-07	4.98893e-07	4.40695e-07	3.77677e-07	3.06896e-07	2.19756e-07	1.64779e-07	1.31383e-07	1.01133e-07	7.06178e-08	5.68139e-08	4.17013e-08	2.36819e-08	1.27092e-08	4.93268e-09
1.86817e-06	7.51825e-07	5.78317e-07	4.6853e-07	4.17266e-07	3.60064e-07	2.95198e-07	2.14163e-07	1.6475e-07	1.32059e-07	1.02954e-07	7.12956e-08	5.719e-08	4.26943e-08	2.44111e-08	1.09095e-08	9.31146e-10
1.77467e-06	7.01638e-07	5.46883e-07	4.37942e-07	3.92921e-07	3.37985e-07	2.7682e-07	1.98442e-07	1.49684e-07	1.1936e-07	9.05453e-08	6.08627e-08	4.67952e-08	3.54707e-08	1.89999e-08	8.6695e-09	2.16423e-09
1.69646e-06	6.82335e-07	5.32499e-07	4.31819e-07	3.87846e-07	3.3811e-07	2.76661e-07	2.03938e-07	1.5507e-07	1.24534e-07	9.67413e-08	6.84701e-08	5.37871e-08	4.13437e-08	2.35531e-08	1.06064e-08	1.03171e-09
1.57953e-06	6.41976e-07	5.07247e-07	4.16518e-07	3.76972e-07	3.27374e-07	2.6557e-07	1.92645e-07	1.45109e-07	1.15743e-07	8.91567e-08	6.30992e-08	4.73339e-08	3.39717e-08	1.60044e-08	5.66194e-09	5.53612e-10
1.47451e-06	6.12831e-07	4.8606e-07	4.05287e-07	3.6602e-07	3.20777e-07	2.64651e-07	1.92635e-07	1.46436e-07	1.17888e-07	9.10395e-08	6.40397e-08	5.17601e-08	3.80967e-08	2.2156e-08	1.12982e-08	1.86206e-09
1.38397e-06	5.65172e-07	4.58481e-07	3.84729e-07	3.51992e-07	3.07743e-07	2.5475e-07	1.8491e-07	1.4085e-07	1.12982e-07	9.00959e-08	6.15485e-08	4.95584e-08	3.7304e-08	2.17911e-08	1.01155e-08	5.61133e-09
1.3073e-06	5.39693e-07	4.34592e-07	3.69876e-07	3.39129e-07	2.98468e-07	2.46295e-07	1.80585e-07	1.381e-07	1.11026e-07	8.97642e-08	6.06648e-08	4.93798e-08	3.63838e-08	2.0469e-08	9.23433e-09	2.59165e-09
1.25352e-06	5.18204e-07	4.14928e-07	3.5522e-07	3.25479e-07	2.86893e-07	2.40797e-07	1.76308e-07	1.34489e-07	1.10812e-07	8.76381e-08	6.05893e-08	5.07008e-08	3.76922e-08	2.08716e-08	1.16624e-08	4.42845e-09
1.20462e-06	4.90426e-07	3.92867e-07	3.37325e-07	3.09108e-07	2.70852e-07	2.26733e-07	1.65593e-07	1.24519e-07	1.01271e-07	8.00101e-08	5.56548e-08	4.61945e-08	3.31614e-08	1.90213e-08	1.04793e-08	6.79331e-09
1.18711e-06	4.84489e-07	3.82391e-07	3.25844e-07	2.97464e-07	2.61624e-07	2.21808e-07	1.61438e-07	1.23044e-07	9.86766e-08	7.67876e-08	5.47351e-08	4.48724e-08	3.14371e-08	1.65048e-08	5.92512e-09	-2.90595e-09
1.15755e-06	4.70526e-07	3.69374e-07	3.10728e-07	2.85367e-07	2.51352e-07	2.1062e-07	1.54678e-07	1.19305e-07	9.68752e-08	7.40307e-08	5.19033e-08	4.10597e-08	3.13357e-08	1.68063e-08	7.14519e-09	2.01273e-10
1.12497e-06	4.57358e-07	3.57119e-07	3.03182e-07	2.78969e-07	2.46742e-07	2.07233e-07	1.53245e-07	1.19396e-07	9.6327e-08	7.74214e-08	5.39371e-08	4.53208e-08	3.46038e-08	2.23145e-08	1.17107e-08	4.84277e-09
1.09467e-06	4.40629e-07	3.41736e-07	2.87623e-07	2.62792e-07	2.30943e-07	1.97472e-07	1.45031e-07	1.12742e-07	9.06289e-08	7.61006e-08	5.4717e-08	4.55346e-08	3.40881e-08	2.39497e-08	1.31572e-08	6.44025e-09
1.07069e-06	4.15409e-07	3.3205e-07	2.7595e-07	2.57723e-07	2.24717e-07	1.93044e-07	1.4122e-07	1.07648e-07	8.82893e-08	7.26289e-08	5.26667e-08	4.13333e-08	3.03648e-08	1.78868e-08	1.02138e-08	5.15723e-09
1.0476e-06	4.20947e-07	3.2382e-07	2.75382e-07	2.54905e-07	2.21813e-07	1.89362e-07	1.38144e-07	1.05089e-07	8.51152e-08	6.65501e-08	4.73938e-08	4.07652e-08	3.15582e-08	1.85399e-08	1.23516e-08	1.41628e-08
1.04704e-06	4.20736e-07	3.26529e-07	2.80344e-07	2.5744e-07	2.25719e-07	1.9191e-07	1.41172e-07	1.10457e-07	9.05969e-08	7.12902e-08	5.21219e-08	4.56569e-08	3.65255e-08	2.33064e-08	1.22003e-08	9.73511e-09
1.07367e-06	4.30384e-07	3.33727e-07	2.84625e-07	2.57785e-07	2.29914e-07	1.92974e-07	1.38313e-07	1.10404e-07	9.12864e-08	7.20682e-08	5.16426e-08	4.44987e-08	3.36947e-08	1.93691e-08	1.22503e-08	7.3829e-09
1.10213e-06	4.38901e-07	3.42297e-07	2.91787e-07	2.66646e-07	2.30877e-07	1.93711e-07	1.41165e-07	1.0859e-07	8.90077e-08	7.03056e-08	5.08112e-08	4.29128e-08	3.29141e-08	1.71802e-08	1.15834e-08	5.8609e-09
1.1427e-06	4.61162e-07	3.59577e-07	3.03735e-07	2.74859e-07	2.3992e-07	1.97145e-07	1.42875e-07	1.07924e-07	8.8253e-08	6.97522e-08	4.86983e-08	4.09634e-08	3.18325e-08	1.9507e-08	1.04515e-08	5.5339e-09
1.19466e-06	4.96076e-07	3.84583e-07	3.24429e-07	2.92597e-07	2.54792e-07	2.08497e-07	1.50644e-07	1.14951e-07	9.47781e-08	7.51962e-08	5.22185e-08	4.51127e-08	3.66234e-08	2.39838e-08	1.51549e-08	1.06902e-08
1.21063e-06	5.09872e-07	3.97985e-07	3.33899e-07	2.98637e-07	2.62066e-07	2.15624e-07	1.55562e-07	1.17433e-07	9.50225e-08	7.5266e-08	5.44657e-08	4.52853e-08	3.67338e-08	2.41077e-08	1.49023e-08	7.43228e-09
1.22975e-06	5.31793e-07	4.15097e-07	3.44946e-07	3.1031e-07	2.69198e-07	2.16377e-07	1.54652e-07	1.17313e-07	9.54297e-08	7.43014e-08	5.38899e-08	4.53505e-08	3.85089e-08	2.73537e-08	1.90281e-08	9.05501e-09
1.26888e-06	5.65229e-07	4.33652e-07	3.58262e-07	3.16424e-07	2.73051e-07	2.18964e-07	1.56766e-07	1.19027e-07	9.67681e-08	7.60438e-08	5.67404e-08	4.85664e-08	3.87827e-08	2.88481e-08	2.00578e-08	1.34306e-08
1.25208e-06	5.76096e-07	4.37637e-07	3.61956e-07	3.1789e-07	2.67499e-07	2.14128e-07	1.50192e-07	1.11031e-07	9.20421e-08	7.14178e-08	5.00138e-08	4.27702e-08	3.3615e-08	2.38814e-08	1.33429e-08	1.19218e-08
1.20676e-06	5.80996e-07	4.4692e-07	3.66024e-07	3.22426e-07	2.73371e-07	2.20241e-07	1.56108e-07	1.16886e-07	9.47159e-08	7.57526e-08	5.67264e-08	4.88293e-08	3.86811e-08	2.84953e-08	1.96046e-08	1.49141e-08
1.16128e-06	5.74166e-07	4.45828e-07	3.64205e-07	3.19463e-07	2.71541e-07	2.18739e-07	1.56167e-07	1.17851e-07	9.75429e-08	7.87687e-08	5.88753e-08	5.34807e-08	4.22137e-08	3.27826e-08	2.44203e-08	1.65736e-08
1.13675e-06	5.64155e-07	4.30564e-07	3.53419e-07	3.11294e-07	2.67548e-07	2.11541e-07	1.49385e-07	1.13674e-07	9.36801e-08	7.49566e-08	5.59188e-08	4.99334e-08	3.90564e-08	2.75885e-08	1.94528e-08	1.36685e-08
1.0967e-06	5.47342e-07	4.11402e-07	3.39616e-07	3.00372e-07	2.57268e-07	2.04079e-07	1.4454e-07	1.09534e-07	8.83588e-08	7.19747e-08	5.14536e-08	4.56192e-08	3.58867e-08	2.51358e-08	1.81948e-08	1.32909e-08
1.04848e-06	5.23714e-07	3.94986e-07	3.27378e-07	2.88551e-07	2.45763e-07	1.98436e-07	1.4183e-07	1.08598e-07	8.65941e-08	6.98335e-08	5.16019e-08	4.53277e-08	3.73812e-08	2.7096e-08	1.98159e-08	1.57798e-08
1.01938e-06	5.07695e-07	3.77785e-07	3.13861e-07	2.75223e-07	2.34484e-07	1.88893e-07	1.35392e-07	1.02424e-07	8.44566e-08	6.9318e-08	5.19665e-08	4.51139e-08	3.77458e-08	2.96233e-08	2.3764e-08	2.07967e-08
1.01341e-06	5.10171e-07	3.80233e-07	3.1952e-07	2.8174e-07	2.42086e-07	1.9602e-07	1.40411e-07	1.05975e-07	8.73419e-08	7.07963e-08	5.38988e-08	4.71598e-08	4.09364e-08	3.0388e-08	2.43406e-08	2.01162e-08
1.01707e-06	5.20381e-07	3.89522e-07	3.26443e-07	2.87794e-07	2.49296e-07	2.00438e-07	1.46173e-07	1.10063e-07	9.24236e-08	7.51861e-08	5.69805e-08	4.92859e-08	4.22324e-08	3.37332e-08	2.95967e-08	2.37377e-08
1.02214e-06	5.22456e-07	3.9348e-07	3.3011e-07	2.91674e-07	2.52144e-07	2.04164e-07	1.47547e-07	1.11198e-07	9.25893e-08	7.59046e-08	5.72963e-08	4.84698e-08	4.17683e-08	3.40358e-08	2.93837e-08	2.40275e-08
1.01687e-06	5.22982e-07	3.95741e-07	3.31422e-07	2.91959e-07	2.50509e-07	2.01164e-07	1.42428e-07	1.05403e-07	8.54517e-08	6.81401e-08	5.08159e-08	4.31973e-08	3.6949e-08	2.82869e-08	2.34844e-08	1.98009e-08
1.04233e-06	5.45825e-07	4.12512e-07	3.42285e-07	3.00898e-07	2.58354e-07	2.06155e-07	1.45106e-07	1.09866e-07	8.82427e-08	6.95985e-08	5.19725e-08	4.47814e-08	3.67479e-08	2.64263e-08	2.01152e-08	1.69093e-08
1.08162e-06	5.56762e-07	4.22406e-07	3.48093e-07	3.03324e-07	2.60667e-07	2.08921e-07	1.47934e-07	1.11677e-07	9.00531e-08	7.13711e-08	5.29783e-08	4.71449e-08	3.886e-08	2.93178e-08	2.39119e-08	2.31701e-08
1.08193e-06	5.55592e-07	4.11357e-07	3.41761e-07	2.9908e-07	2.54928e-07	2.02328e-07	1.43028e-07	1.07362e-07	8.52987e-08	6.76858e-08	4.86146e-08	4.31836e-08	3.52886e-08	2.85377e-08	2.39364e-08	2.32199e-08
1.07861e-06	5.38858e-07	4.02132e-07	3.3265e-07	2.93151e-07	2.51854e-07	2.0172e-07	1.44244e-07	1.10351e-07	8.76725e-08	6.98967e-08	5.27242e-08	4.53574e-08	3.87197e-08	2.91404e-08	2.3433e-08	1.91336e-08
1.0604e-06	5.07417e-07	3.7594e-07	3.13715e-07	2.76694e-07	2.38265e-07	1.93426e-07	1.3961e-07	1.05946e-07	8.63985e-08	6.92898e-08	5.19422e-08	4.41232e-08	3.71716e-08	2.63105e-08	2.02011e-08	1.5638e-08
1.0104e-06	4.67819e-07	3.49353e-07	2.90823e-07	2.61936e-07	2.27027e-07	1.83821e-07	1.34833e-07	1.01559e-07	8.32432e-08	6.61596e-08	4.90761e-08	4.20616e-08	3.36141e-08	2.37084e-08	1.7863e-08	1.71087e-08
9.32599e-07	4.23687e-07	3.24974e-07	2.72192e-07	2.47115e-07	2.13277e-07	1.80343e-07	1.29547e-07	1.01491e-07	8.33648e-08	6.59552e-08	5.24172e-08	4.37062e-08	3.46557e-08	2.55298e-08	1.93831e-08	1.81261e-08
8.54715e-07	3.9333e-07	2.9512e-07	2.53626e-07	2.3188e-07	2.04125e-07	1.71896e-07	1.24708e-07	9.74432e-08	8.00965e-08	6.24356e-08	4.85456e-08	4.24366e-08	3.50579e-08	2.60452e-08	2.07658e-08	2.09669e-08
8.22155e-07	3.58393e-07	2.73071e-07	2.34747e-07	2.17565e-07	1.92061e-07	1.60612e-07	1.1804e-07	9.1669e-08	7.52281e-08	6.36517e-08	4.64064e-08	4.07376e-08	3.4478e-08	2.63079e-08	2.1456e-08	1.92061e-08
7.91043e-07	3.42425e-07	2.6118e-07	2.283e-07	2.11697e-07	1.8681e-07	1.56809e-07	1.16299e-07	9.16392e-08	7.46211e-08	6.00035e-08	4.5474e-08	4.06601e-08	3.39986e-08	2.62814e-08	2.08391e-08	1.92177e-08
7.56259e-07	3.20924e-07	2.48152e-07	2.15537e-07	2.03057e-07	1.78887e-07	1.50772e-07	1.11721e-07	8.58805e-08	7.10246e-08	5.80162e-08	4.45805e-08	3.95908e-08	3.33694e-08	2.63059e-08	2.11905e-08	1.98205e-08
7.1765e-07	2.92756e-07	2.33423e-07	2.05837e-07	1.94953e-07	1.70169e-07	1.4536e-07	1.07493e-07	8.26086e-08	6.85577e-08	5.58642e-08	4.18259e-08	3.82314e-08	3.22617e-08	2.54751e-08	2.18681e-08	2.04605e-08
6.72096e-07	2.62391e-07	2.20693e-07	1.97155e-07	1.91914e-07	1.70135e-07	1.45906e-07	1.09951e-07	8.51053e-08	7.10928e-08	5.78218e-08	4.40482e-08	4.10949e-08	3.32906e-08	2.50465e-08	2.13392e-08	1.85241e-08
6.38818e-07	2.11657e-07	2.01025e-07	1.8034e-07	1.79033e-07	1.58159e-07	1.37423e-07	1.04635e-07	8.19886e-08	6.74986e-08	5.38757e-08	4.23516e-08	3.70733e-08	3.14684e-08	2.43553e-08	2.0472e-08	1.77324e-08
5.73735e-07	3.18112e-07	1.98475e-07	1.79488e-07	1.64949e-07	1.49845e-07	1.33636e-07	1.00274e-07	8.12998e-08	6.94504e-08	5.86816e-08	3.98331e-08	3.67168e-08	3.14518e-08	2.3347e-08	2.02307e-08	1.36086e-08
5.13408e-07	2.87843e-07	1.89889e-07	1.7486e-07	1.62872e-07	1.47591e-07	1.303e-07	9.93114e-08	7.79235e-08	6.52819e-08	5.49147e-08	4.02121e-08	3.56254e-08	2.95433e-08	2.24811e-08	1.94023e-08	1.78441e-08
5.00942e-07	2.68881e-07	1.8583e-07	1.73138e-07	1.62934e-07	1.50444e-07	1.32449e-07	1.00204e-07	7.66167e-08	6.38744e-08	5.25145e-08	3.82769e-08	3.32881e-08	2.72186e-08	2.09103e-08	1.65749e-08	1.88117e-08
4.91505e-07	2.54725e-07	1.88022e-07	1.75166e-07	1.70856e-07	1.53275e-07	1.34412e-07	1.02707e-07	8.11803e-08	6.76209e-08	5.7266e-08	4.5089e-08	3.9723e-08	3.32638e-08	2.37257e-08	1.86614e-08	1.65251e-08
6.35307e-07	2.64832e-07	1.83321e-07	1.53356e-07	1.45953e-07	1.29261e-07	1.15271e-07	9.11011e-08	7.48743e-08	6.25063e-08	5.27024e-08	4.32881e-08	3.82856e-08	3.43514e-08	2.4824e-08	2.22976e-08	2.04374e-08
6.57939e-07	2.73581e-07	1.7575e-07	1.46991e-07	1.40216e-07	1.24277e-07	1.11205e-07	8.79255e-08	7.08935e-08	6.16295e-08	5.34718e-08	4.20207e-08	3.74328e-08	3.41018e-08	2.71507e-08	2.4046e-08	2.20348e-08
7.18268e-07	2.88745e-07	1.75796e-07	1.45881e-07	1.358e-07	1.19397e-07	1.0811e-07	8.63521e-08	6.91194e-08	5.94158e-08	5.08685e-08	3.83871e-08	3.60115e-08	3.30576e-08	2.52143e-08	2.1808e-08	1.84142e-08
7.68654e-07	2.87936e-07	1.76479e-07	1.42617e-07	1.35552e-07	1.19903e-07	1.10111e-07	8.76364e-08	7.2515e-08	6.03851e-08	5.33586e-08	4.15682e-08	3.78224e-08	3.59872e-08	2.64342e-08	2.18337e-08	1.92192e-08
7.73933e-07	2.6795e-07	1.62364e-07	1.31643e-07	1.25258e-07	1.11707e-07	1.03173e-07	7.96672e-08	6.43572e-08	5.60234e-08	4.90221e-08	3.71562e-08	3.38881e-08	3.0444e-08	2.26759e-08	1.67806e-08	1.62276e-08
7.4687e-07	2.38964e-07	1.53225e-07	1.27168e-07	1.26024e-07	1.14121e-07	1.02884e-07	8.17286e-08	6.52119e-08	5.71044e-08	4.90724e-08	3.83755e-08	3.56981e-08	3.1437e-08	2.35557e-08	1.66298e-08	1.34496e-08
9.13743e-07	2.81177e-07	2.00918e-07	1.63787e-07	1.54068e-07	1.33547e-07	1.19904e-07	9.03433e-08	7.52169e-08	6.50446e-08	5.73117e-08	4.4084e-08	4.21476e-08	3.72564e-08	3.13718e-08	2.38149e-08	1.81189e-08
9.91563e-07	2.93947e-07	2.10907e-07	1.6447e-07	1.54386e-07	1.32771e-07	1.1733e-07	8.66613e-08	6.99502e-08	5.87843e-08	5.03722e-08	3.57484e-08	3.48179e-08	2.86943e-08	2.00433e-08	1.4498e-08	8.36183e-09
1.03965e-06	3.12308e-07	2.18651e-07	1.70213e-07	1.58405e-07	1.35846e-07	1.19209e-07	8.67537e-08	6.83819e-08	6.19939e-08	4.97586e-08	3.71209e-08	3.6379e-08	3.12987e-08	2.04844e-08	1.53287e-08	1.02988e-08
1.14233e-06	3.41432e-07	2.36658e-07	1.83001e-07	1.66553e-07	1.40649e-07	1.25207e-07	9.14692e-08	7.22298e-08	6.3943e-08	5.37699e-08	4.05664e-08	3.7737e-08	3.32478e-08	2.48604e-08	1.90383e-08	1.75167e-08
1.27272e-06	3.72586e-07	2.5581e-07	1.91801e-07	1.75101e-07	1.46567e-07	1.28358e-07	9.28823e-08	7.34909e-08	6.16071e-08	5.38229e-08	3.96127e-08	3.70724e-08	3.46705e-08	2.61695e-08	1.98315e-08	1.58451e-08
1.44333e-06	3.99369e-07	2.75523e-07	2.00433e-07	1.84248e-07	1.52833e-07	1.30172e-07	9.32996e-08	7.40713e-08	6.27405e-08	5.39123e-08	4.25438e-08	3.85573e-08	3.30491e-08	2.45856e-08	1.8587e-08	1.39591e-08
1.66776e-06	4.44854e-07	2.9965e-07	2.10159e-07	1.91572e-07	1.55302e-07	1.30414e-07	9.18683e-08	7.14322e-08	5.90824e-08	5.26938e-08	3.85457e-08	3.29871e-08	2.91262e-08	2.1241e-08	1.52548e-08	1.24252e-08
1.869e-06	4.85877e-07	3.25289e-07	2.21307e-07	1.97437e-07	1.5806e-07	1.31574e-07	9.32289e-08	7.12202e-08	5.87947e-08	5.00163e-08	3.69998e-08	3.20698e-08	2.91269e-08	2.04367e-08	1.52552e-08	1.2589e-08
2.02725e-06	5.38258e-07	3.51092e-07	2.34241e-07	2.08761e-07	1.66264e-07	1.35376e-07	9.50171e-08	7.15364e-08	6.10725e-08	4.97283e-08	3.68246e-08	3.16808e-08	2.80587e-08	1.82865e-08	1.34822e-08	1.03381e-08
2.12186e-06	5.74282e-07	3.6585e-07	2.42818e-07	2.14708e-07	1.68474e-07	1.34905e-07	9.17644e-08	6.72385e-08	5.9428e-08	4.72657e-08	3.3984e-08	2.85003e-08	2.47019e-08	1.66901e-08	1.18101e-08	8.03693e-09
2.13613e-06	5.82488e-07	3.75387e-07	2.5056e-07	2.21391e-07	1.75757e-07	1.44185e-07	9.96327e-08	7.56585e-08	6.17091e-08	4.98855e-08	3.60997e-08	3.0364e-08	2.60622e-08	1.74335e-08	1.32449e-08	9.40857e-09
1.99258e-06	5.67508e-07	3.75198e-07	2.59302e-07	2.30158e-07	1.87668e-07	1.51833e-07	1.08714e-07	8.14822e-08	6.66147e-08	5.31559e-08	3.8389e-08	3.60243e-08	2.9559e-08	1.96976e-08	1.59493e-08	1.1723e-08
1.8437e-06	5.39584e-07	3.78733e-07	2.69628e-07	2.39843e-07	1.94674e-07	1.53455e-07	1.06865e-07	8.01867e-08	6.48411e-08	5.20742e-08	3.43388e-08	3.15464e-08	2.70056e-08	1.71065e-08	1.33707e-08	1.23519e-08
1.83305e-06	5.5625e-07	3.9916e-07	2.91439e-07	2.57918e-07	2.09202e-07	1.62134e-07	1.12224e-07	8.28658e-08	6.48537e-08	5.01497e-08	3.7106e-08	3.06785e-08	2.50811e-08	1.75719e-08	1.29431e-08	1.26538e-08
1.80966e-06	5.68e-07	4.05962e-07	2.95245e-07	2.61031e-07	2.14528e-07	1.68088e-07	1.17006e-07	8.83522e-08	6.97484e-08	5.47799e-08	3.95597e-08	3.49686e-08	2.87421e-08	1.98365e-08	1.3673e-08	1.1044e-08
1.68624e-06	5.24152e-07	3.76274e-07	2.7573e-07	2.42258e-07	1.96231e-07	1.55237e-07	1.06292e-07	7.88573e-08	6.33223e-08	4.85421e-08	3.35229e-08	2.87554e-08	2.38622e-08	1.41513e-08	1.0516e-08	6.95615e-09
1.58527e-06	4.67372e-07	3.46105e-07	2.54346e-07	2.2729e-07	1.86775e-07	1.51015e-07	1.0723e-07	8.16709e-08	6.73568e-08	5.36968e-08	3.89802e-08	3.30055e-08	3.15212e-08	2.03517e-08	1.66537e-08	1.31066e-08
1.51887e-06	4.10008e-07	3.00204e-07	2.17747e-07	1.98815e-07	1.65291e-07	1.35994e-07	9.61055e-08	7.29974e-08	6.05062e-08	4.75118e-08	3.35363e-08	3.17374e-08	2.73473e-08	1.79254e-08	1.45165e-08	1.34095e-08
1.45182e-06	3.85431e-07	2.67416e-07	1.94106e-07	1.79426e-07	1.48746e-07	1.24343e-07	9.08954e-08	7.11087e-08	6.01021e-08	4.92843e-08	3.65544e-08	3.39128e-08	3.02901e-08	2.02898e-08	1.56734e-08	1.27299e-08
1.35706e-06	3.56189e-07	2.37296e-07	1.71371e-07	1.59396e-07	1.33019e-07	1.14478e-07	8.73333e-08	6.88553e-08	6.08428e-08	4.98742e-08	3.83396e-08	3.36101e-08	3.08679e-08	2.08679e-08	1.52453e-08	1.25409e-08
1.21331e-06	3.084e-07	2.00996e-07	1.45037e-07	1.37339e-07	1.15441e-07	1.02108e-07	7.78326e-08	6.30157e-08	5.29282e-08	4.51424e-08	3.46398e-08	3.08915e-08	2.83256e-08	2.31686e-08	1.75211e-08	1.61376e-08
1.06924e-06	2.60107e-07	1.78587e-07	1.32122e-07	1.30211e-07	1.08022e-07	9.879e-08	7.73314e-08	6.33066e-08	5.45772e-08	4.91183e-08	3.59236e-08	3.30684e-08	2.96345e-08	2.03391e-08	1.72952e-08	1.25154e-08
9.17815e-07	2.22341e-07	1.54105e-07	1.16849e-07	1.17026e-07	9.99447e-08	9.17187e-08	7.16442e-08	5.97077e-08	5.11169e-08	4.64253e-08	3.46398e-08	3.22499e-08	3.10676e-08	2.13323e-08	1.91688e-08	1.33201e-08
