1.25324e-05	7.03372e-06	5.3242e-06	4.1843e-06	3.47127e-06	2.92142e-06	2.22197e-06	1.53578e-06	1.13112e-06	8.65639e-07	6.3695e-07	4.59814e-07	3.36655e-07	2.26251e-07	1.40802e-07	8.39332e-08	3.42628e-08
1.34068e-05	7.81598e-06	5.84023e-06	4.59351e-06	3.78775e-06	3.18404e-06	2.41153e-06	1.66072e-06	1.22122e-06	9.31525e-07	6.83463e-07	4.94026e-07	3.5988e-07	2.39259e-07	1.4843e-07	8.51077e-08	2.95395e-08
1.52431e-05	8.7095e-06	6.48554e-06	5.06516e-06	4.16762e-06	3.49091e-06	2.62875e-06	1.79966e-06	1.31953e-06	1.00469e-06	7.34189e-07	5.27531e-07	3.82552e-07	2.56491e-07	1.61447e-07	9.42994e-08	3.75202e-08
1.72422e-05	9.7834e-06	7.21321e-06	5.60832e-06	4.59631e-06	3.83709e-06	2.87182e-06	1.95438e-06	1.4244e-06	1.08062e-06	7.8627e-07	5.60808e-07	4.02771e-07	2.66683e-07	1.64692e-07	9.40089e-08	3.73308e-08
1.94477e-05	1.09702e-05	8.01584e-06	6.23085e-06	5.09623e-06	4.25005e-06	3.17331e-06	2.15482e-06	1.56514e-06	1.18404e-06	8.59896e-07	6.1001e-07	4.34204e-07	2.87306e-07	1.77927e-07	1.00677e-07	4.39862e-08
2.14893e-05	1.18338e-05	8.65458e-06	6.76094e-06	5.55264e-06	4.64597e-06	3.47492e-06	2.36218e-06	1.71297e-06	1.29382e-06	9.38926e-07	6.62423e-07	4.70776e-07	3.10273e-07	1.88629e-07	1.05592e-07	4.54522e-08
2.28494e-05	1.24907e-05	9.08033e-06	7.12933e-06	5.87885e-06	4.93883e-06	3.71221e-06	2.53867e-06	1.85031e-06	1.40256e-06	1.01904e-06	7.20304e-07	5.1081e-07	3.37711e-07	2.04847e-07	1.08567e-07	4.521e-08
2.36351e-05	1.30539e-05	9.33916e-06	7.30793e-06	6.01534e-06	5.06192e-06	3.81473e-06	2.61729e-06	1.91269e-06	1.44773e-06	1.05101e-06	7.40118e-07	5.23678e-07	3.37471e-07	1.9684e-07	1.05208e-07	4.0588e-08
2.37191e-05	1.30772e-05	9.29015e-06	7.22395e-06	5.93631e-06	4.99299e-06	3.77282e-06	2.6006e-06	1.90905e-06	1.45259e-06	1.05797e-06	7.49217e-07	5.33214e-07	3.45512e-07	2.01568e-07	1.06499e-07	4.27991e-08
2.37276e-05	1.30894e-05	9.21948e-06	7.11291e-06	5.81783e-06	4.88048e-06	3.6841e-06	2.54895e-06	1.87935e-06	1.44157e-06	1.05927e-06	7.5627e-07	5.46372e-07	3.62564e-07	2.21037e-07	1.22547e-07	4.90617e-08
2.37696e-05	1.30051e-05	9.07317e-06	6.9399e-06	5.63866e-06	4.71042e-06	3.54281e-06	2.44639e-06	1.804e-06	1.38496e-06	1.02269e-06	7.3477e-07	5.32101e-07	3.50924e-07	2.13201e-07	1.16432e-07	4.78734e-08
2.29715e-05	1.23598e-05	8.61231e-06	6.58137e-06	5.34544e-06	4.45929e-06	3.34688e-06	2.3085e-06	1.70491e-06	1.30543e-06	9.65941e-07	6.92079e-07	5.01086e-07	3.35198e-07	2.0275e-07	1.10575e-07	4.46417e-08
2.17746e-05	1.14638e-05	8.01697e-06	6.12921e-06	4.98443e-06	4.15539e-06	3.1164e-06	2.14723e-06	1.58785e-06	1.22047e-06	9.03763e-07	6.54047e-07	4.78065e-07	3.20116e-07	1.94204e-07	1.12539e-07	5.24182e-08
2.0142e-05	1.06119e-05	7.42768e-06	5.68595e-06	4.62614e-06	3.86175e-06	2.89686e-06	2.00525e-06	1.483e-06	1.14478e-06	8.50335e-07	6.19573e-07	4.53706e-07	3.06958e-07	1.88243e-07	1.05468e-07	3.9601e-08
1.86819e-05	9.63327e-06	6.7879e-06	5.20121e-06	4.24228e-06	3.53676e-06	2.6606e-06	1.84465e-06	1.37216e-06	1.06132e-06	7.93838e-07	5.85023e-07	4.35762e-07	2.98232e-07	1.86084e-07	1.0572e-07	4.36545e-08
1.75545e-05	8.7444e-06	6.16659e-06	4.72509e-06	3.86196e-06	3.22407e-06	2.43351e-06	1.68956e-06	1.26061e-06	9.84506e-07	7.39866e-07	5.48011e-07	4.07059e-07	2.79013e-07	1.78255e-07	1.02412e-07	3.83887e-08
1.63963e-05	7.82541e-06	5.52753e-06	4.2292e-06	3.46902e-06	2.89824e-06	2.19357e-06	1.52574e-06	1.14199e-06	8.89835e-07	6.71575e-07	4.99545e-07	3.7304e-07	2.5699e-07	1.68329e-07	1.00934e-07	4.55361e-08
1.48908e-05	6.90745e-06	4.89222e-06	3.74552e-06	3.08078e-06	2.57584e-06	1.95532e-06	1.36113e-06	1.02251e-06	7.99071e-07	6.05415e-07	4.4997e-07	3.36701e-07	2.32284e-07	1.61759e-07	1.04101e-07	5.6382e-08
1.36498e-05	6.12079e-06	4.36008e-06	3.33343e-06	2.75184e-06	2.30289e-06	1.75244e-06	1.22423e-06	9.2382e-07	7.24259e-07	5.50433e-07	4.10877e-07	3.10832e-07	2.14827e-07	1.43243e-07	8.95144e-08	4.17835e-08
1.281e-05	5.49673e-06	3.92532e-06	2.99898e-06	2.4818e-06	2.07576e-06	1.58444e-06	1.10671e-06	8.33384e-07	6.53547e-07	4.99457e-07	3.77718e-07	2.89833e-07	1.97995e-07	1.33659e-07	8.61303e-08	4.09248e-08
1.21903e-05	4.96463e-06	3.55678e-06	2.71589e-06	2.25104e-06	1.87767e-06	1.43574e-06	9.99861e-07	7.56888e-07	5.94388e-07	4.59568e-07	3.51226e-07	2.70248e-07	1.91858e-07	1.27169e-07	7.85287e-08	2.70349e-08
1.19002e-05	4.5076e-06	3.22057e-06	2.44457e-06	2.02325e-06	1.67999e-06	1.28599e-06	8.94525e-07	6.74079e-07	5.27628e-07	4.0272e-07	3.10011e-07	2.38806e-07	1.68144e-07	1.14554e-07	7.32126e-08	3.35758e-08
1.17919e-05	4.11615e-06	2.92938e-06	2.18558e-06	1.8146e-06	1.50259e-06	1.1485e-06	8.00735e-07	6.0253e-07	4.71817e-07	3.56798e-07	2.75165e-07	2.13521e-07	1.56359e-07	1.12544e-07	8.40194e-08	4.9952e-08
1.20404e-05	3.76804e-06	2.64345e-06	1.95956e-06	1.63482e-06	1.35154e-06	1.0396e-06	7.26061e-07	5.49848e-07	4.34129e-07	3.33649e-07	2.58207e-07	2.03801e-07	1.49369e-07	1.07298e-07	7.40657e-08	3.68939e-08
1.20627e-05	3.34157e-06	2.32777e-06	1.71597e-06	1.44361e-06	1.19224e-06	9.21033e-07	6.42314e-07	4.88724e-07	3.8506e-07	2.97305e-07	2.34286e-07	1.8056e-07	1.29549e-07	8.92194e-08	5.40796e-08	2.28289e-08
1.136e-05	3.01107e-06	2.08352e-06	1.52516e-06	1.28883e-06	1.06494e-06	8.22912e-07	5.69863e-07	4.3765e-07	3.4319e-07	2.67279e-07	2.11344e-07	1.66178e-07	1.19612e-07	8.2742e-08	5.14912e-08	1.55054e-08
1.05045e-05	2.91413e-06	1.97894e-06	1.43846e-06	1.20873e-06	9.97033e-07	7.6969e-07	5.38282e-07	4.09611e-07	3.19992e-07	2.48213e-07	1.96182e-07	1.54504e-07	1.1155e-07	8.5263e-08	5.79657e-08	2.65019e-08
1.00283e-05	2.88957e-06	1.94532e-06	1.40643e-06	1.1736e-06	9.64763e-07	7.41977e-07	5.13661e-07	3.92218e-07	3.09977e-07	2.37583e-07	1.86981e-07	1.42186e-07	9.96137e-08	6.95781e-08	4.1613e-08	1.15143e-08
1.00184e-05	2.97806e-06	1.98647e-06	1.44089e-06	1.19872e-06	9.85216e-07	7.5779e-07	5.24934e-07	3.99278e-07	3.1363e-07	2.40064e-07	1.87203e-07	1.46715e-07	1.0509e-07	7.63685e-08	5.00581e-08	1.91647e-08
1.01152e-05	3.1398e-06	2.07846e-06	1.51305e-06	1.25068e-06	1.03367e-06	7.90829e-07	5.44049e-07	4.0761e-07	3.18491e-07	2.4221e-07	1.83971e-07	1.4674e-07	1.048e-07	7.69493e-08	5.37067e-08	2.39244e-08
1.0341e-05	3.33238e-06	2.2335e-06	1.62662e-06	1.34215e-06	1.1078e-06	8.44511e-07	5.77391e-07	4.31118e-07	3.41342e-07	2.55391e-07	1.97455e-07	1.52889e-07	1.1158e-07	7.955e-08	5.90597e-08	1.4645e-08
1.05604e-05	3.4973e-06	2.34752e-06	1.72281e-06	1.41245e-06	1.16421e-06	8.90743e-07	6.09459e-07	4.54777e-07	3.54245e-07	2.69127e-07	2.06368e-07	1.58216e-07	1.11012e-07	7.48031e-08	4.747e-08	2.20432e-08
1.05495e-05	3.57182e-06	2.44181e-06	1.78555e-06	1.47815e-06	1.21774e-06	9.30626e-07	6.4265e-07	4.81997e-07	3.7875e-07	2.87723e-07	2.18968e-07	1.69314e-07	1.22664e-07	8.95364e-08	6.34784e-08	3.49081e-08
1.02764e-05	3.56034e-06	2.46214e-06	1.81176e-06	1.49982e-06	1.24124e-06	9.48664e-07	6.57315e-07	4.95228e-07	3.8695e-07	2.94329e-07	2.24989e-07	1.74196e-07	1.24451e-07	8.82657e-08	5.8949e-08	2.65769e-08
9.70905e-06	3.46196e-06	2.42488e-06	1.79259e-06	1.48194e-06	1.22902e-06	9.38701e-07	6.51701e-07	4.87324e-07	3.81884e-07	2.89652e-07	2.193e-07	1.68228e-07	1.18431e-07	8.05914e-08	5.12613e-08	1.79667e-08
9.17284e-06	3.33046e-06	2.3761e-06	1.76169e-06	1.46249e-06	1.21495e-06	9.32655e-07	6.48604e-07	4.9072e-07	3.84286e-07	2.97346e-07	2.27097e-07	1.76216e-07	1.26875e-07	8.92505e-08	6.25095e-08	3.4468e-08
8.58987e-06	3.16097e-06	2.29762e-06	1.7107e-06	1.42257e-06	1.18022e-06	9.07995e-07	6.31802e-07	4.76604e-07	3.72326e-07	2.857e-07	2.19464e-07	1.69529e-07	1.19959e-07	8.38236e-08	5.87359e-08	3.03906e-08
8.1365e-06	2.99326e-06	2.20883e-06	1.65022e-06	1.37538e-06	1.14067e-06	8.78172e-07	6.11449e-07	4.60102e-07	3.56948e-07	2.71647e-07	2.07558e-07	1.58329e-07	1.11083e-07	7.82809e-08	5.53648e-08	3.01255e-08
7.57694e-06	2.81896e-06	2.1233e-06	1.59006e-06	1.3313e-06	1.10526e-06	8.53552e-07	6.02611e-07	4.58966e-07	3.59309e-07	2.75902e-07	2.12937e-07	1.6612e-07	1.17914e-07	8.36974e-08	5.57183e-08	2.41408e-08
7.24605e-06	2.64355e-06	2.0277e-06	1.51995e-06	1.27598e-06	1.0616e-06	8.25148e-07	5.80046e-07	4.40091e-07	3.45273e-07	2.65517e-07	2.06277e-07	1.59133e-07	1.14035e-07	8.18393e-08	5.58053e-08	2.76375e-08
7.01535e-06	2.47618e-06	1.90855e-06	1.44077e-06	1.20135e-06	1.00524e-06	7.7885e-07	5.42119e-07	4.08085e-07	3.17825e-07	2.42614e-07	1.89056e-07	1.46457e-07	1.04338e-07	6.86076e-08	4.83183e-08	2.78395e-08
6.78588e-06	2.36652e-06	1.86585e-06	1.39721e-06	1.17684e-06	9.77273e-07	7.57026e-07	5.21161e-07	3.92301e-07	3.03894e-07	2.29628e-07	1.72382e-07	1.29908e-07	8.62226e-08	5.5693e-08	3.8143e-08	1.37749e-08
6.66523e-06	2.3314e-06	1.84131e-06	1.37691e-06	1.16071e-06	9.61643e-07	7.44192e-07	5.19191e-07	3.91306e-07	3.0905e-07	2.3312e-07	1.79195e-07	1.40258e-07	9.73057e-08	7.03374e-08	4.93788e-08	2.40644e-08
6.61386e-06	2.30784e-06	1.81248e-06	1.34515e-06	1.12827e-06	9.2998e-07	7.16511e-07	4.93713e-07	3.69631e-07	2.85471e-07	2.1088e-07	1.59849e-07	1.20521e-07	8.07136e-08	5.68265e-08	3.56286e-08	1.36101e-08
6.63738e-06	2.3447e-06	1.83209e-06	1.3558e-06	1.1369e-06	9.36544e-07	7.20544e-07	4.96376e-07	3.75764e-07	2.90225e-07	2.20052e-07	1.68337e-07	1.30902e-07	9.20913e-08	6.59436e-08	4.49725e-08	1.73981e-08
6.66018e-06	2.376e-06	1.83425e-06	1.35306e-06	1.13059e-06	9.29663e-07	7.10924e-07	4.8865e-07	3.66585e-07	2.82372e-07	2.12679e-07	1.62984e-07	1.28882e-07	9.1561e-08	6.41508e-08	4.41013e-08	1.67921e-08
6.78051e-06	2.4208e-06	1.8486e-06	1.35242e-06	1.12514e-06	9.22843e-07	7.0526e-07	4.80796e-07	3.60723e-07	2.79639e-07	2.11333e-07	1.62344e-07	1.27926e-07	9.10078e-08	6.49479e-08	4.74609e-08	1.88505e-08
6.83293e-06	2.4163e-06	1.79407e-06	1.31244e-06	1.08136e-06	8.82617e-07	6.66915e-07	4.5341e-07	3.34802e-07	2.6065e-07	1.96207e-07	1.50703e-07	1.14745e-07	7.83187e-08	5.93546e-08	3.51633e-08	9.72198e-09
6.78211e-06	2.26564e-06	1.69904e-06	1.22137e-06	1.00782e-06	8.1633e-07	6.18696e-07	4.15457e-07	3.0878e-07	2.36724e-07	1.75235e-07	1.33077e-07	1.00187e-07	6.40514e-08	4.23095e-08	2.51383e-08	3.11861e-09
6.50242e-06	2.04049e-06	1.54278e-06	1.10623e-06	9.17287e-07	7.41294e-07	5.6563e-07	3.80079e-07	2.84917e-07	2.1882e-07	1.61991e-07	1.23949e-07	9.42905e-08	6.37105e-08	4.43676e-08	3.16785e-08	9.40633e-09
6.25408e-06	1.87755e-06	1.43936e-06	1.0327e-06	8.63438e-07	6.99477e-07	5.37209e-07	3.66342e-07	2.77657e-07	2.17356e-07	1.61574e-07	1.26108e-07	1.00275e-07	6.95184e-08	5.15644e-08	3.97591e-08	1.79415e-08
6.10732e-06	1.79392e-06	1.38075e-06	9.86857e-07	8.26688e-07	6.71241e-07	5.18067e-07	3.55462e-07	2.69835e-07	2.11353e-07	1.63742e-07	1.30057e-07	1.0079e-07	7.05141e-08	5.21565e-08	3.57558e-08	9.97424e-09
6.06669e-06	1.73624e-06	1.33471e-06	9.5528e-07	8.00856e-07	6.47871e-07	5.02588e-07	3.45298e-07	2.63737e-07	2.07515e-07	1.60409e-07	1.27797e-07	1.00538e-07	6.9845e-08	4.94419e-08	3.07686e-08	1.32569e-09
6.11763e-06	1.67633e-06	1.2977e-06	9.2327e-07	7.77437e-07	6.32096e-07	4.90871e-07	3.39432e-07	2.60972e-07	2.08245e-07	1.62311e-07	1.31061e-07	1.04318e-07	7.42803e-08	5.42551e-08	3.70202e-08	1.25379e-08
6.30814e-06	1.58829e-06	1.25115e-06	8.83768e-07	7.4851e-07	6.06055e-07	4.71264e-07	3.2463e-07	2.49949e-07	1.97717e-07	1.53464e-07	1.23226e-07	9.80759e-08	7.16252e-08	5.23711e-08	3.53139e-08	1.19691e-08
6.62612e-06	1.51381e-06	1.18437e-06	8.29453e-07	7.0475e-07	5.65375e-07	4.49914e-07	3.0852e-07	2.26908e-07	1.76052e-07	1.35372e-07	1.06762e-07	8.32155e-08	5.99465e-08	4.53386e-08	3.29024e-08	1.40902e-08
7.03314e-06	1.51705e-06	1.17143e-06	8.16212e-07	6.98662e-07	5.65682e-07	4.36578e-07	3.04482e-07	2.27765e-07	1.86111e-07	1.43157e-07	1.13914e-07	9.08081e-08	6.32828e-08	4.89268e-08	3.38258e-08	6.86869e-09
7.27122e-06	1.5676e-06	1.17094e-06	8.08987e-07	6.8542e-07	5.50174e-07	4.2662e-07	2.99745e-07	2.2663e-07	1.85407e-07	1.42013e-07	1.13454e-07	9.03616e-08	5.96308e-08	4.49472e-08	2.67158e-08	3.4468e-09
7.27611e-06	1.63505e-06	1.18365e-06	8.07167e-07	6.79209e-07	5.42425e-07	4.19657e-07	2.86788e-07	2.21458e-07	1.77984e-07	1.39069e-07	1.13336e-07	9.13407e-08	6.53426e-08	4.43698e-08	2.72608e-08	5.54307e-09
7.13063e-06	1.66292e-06	1.19008e-06	8.01212e-07	6.67626e-07	5.29356e-07	4.0726e-07	2.77866e-07	2.13725e-07	1.70265e-07	1.32929e-07	1.08093e-07	8.64394e-08	6.39646e-08	4.7399e-08	3.13258e-08	7.52525e-09
6.96645e-06	1.65348e-06	1.17852e-06	7.90255e-07	6.51864e-07	5.12854e-07	3.90537e-07	2.58511e-07	1.98091e-07	1.5521e-07	1.16925e-07	9.63559e-08	7.54205e-08	5.17324e-08	3.40169e-08	2.30315e-08	-3.21986e-09
6.83152e-06	1.62413e-06	1.16094e-06	7.76762e-07	6.39928e-07	5.03005e-07	3.82598e-07	2.57128e-07	1.96066e-07	1.53779e-07	1.20066e-07	9.67954e-08	7.97495e-08	5.5014e-08	4.4635e-08	3.19074e-08	1.32074e-08
6.77581e-06	1.57774e-06	1.13113e-06	7.53952e-07	6.22468e-07	4.88661e-07	3.70183e-07	2.46124e-07	1.87939e-07	1.47747e-07	1.14349e-07	9.28582e-08	7.48649e-08	5.37022e-08	4.09112e-08	3.03677e-08	1.11748e-08
6.67208e-06	1.53955e-06	1.09839e-06	7.30479e-07	6.01609e-07	4.70832e-07	3.58604e-07	2.41489e-07	1.83835e-07	1.43783e-07	1.12645e-07	9.20122e-08	7.41452e-08	5.14041e-08	3.89919e-08	3.37265e-08	1.42305e-08
6.64017e-06	1.48026e-06	1.06738e-06	7.07655e-07	5.88795e-07	4.62093e-07	3.5605e-07	2.41988e-07	1.87249e-07	1.48067e-07	1.16751e-07	9.63962e-08	7.97156e-08	5.6974e-08	4.58999e-08	3.55961e-08	1.53294e-08
6.47837e-06	1.4152e-06	1.02974e-06	6.79269e-07	5.64626e-07	4.39604e-07	3.37437e-07	2.26709e-07	1.77728e-07	1.41185e-07	1.06208e-07	9.41359e-08	7.63189e-08	5.06857e-08	3.96747e-08	2.8689e-08	7.3743e-09
6.29527e-06	1.34548e-06	9.86691e-07	6.47755e-07	5.38577e-07	4.19714e-07	3.22242e-07	2.1636e-07	1.65206e-07	1.31162e-07	1.01942e-07	8.11824e-08	6.8416e-08	4.48656e-08	3.26548e-08	2.129e-08	5.99808e-09
6.10264e-06	1.26762e-06	9.54969e-07	6.24043e-07	5.21493e-07	4.05569e-07	3.13322e-07	2.07413e-07	1.60437e-07	1.27668e-07	1.02387e-07	8.60462e-08	6.82788e-08	4.98295e-08	3.67344e-08	2.58366e-08	7.18525e-09
5.85998e-06	1.19226e-06	9.06188e-07	5.92815e-07	4.98573e-07	3.83255e-07	2.9481e-07	1.9678e-07	1.53201e-07	1.21594e-07	9.55803e-08	8.04521e-08	6.50208e-08	4.79732e-08	3.82245e-08	3.1115e-08	1.51787e-08
5.64695e-06	1.12047e-06	8.6194e-07	5.58e-07	4.69782e-07	3.70527e-07	2.85958e-07	1.93913e-07	1.51269e-07	1.15343e-07	9.39891e-08	7.45928e-08	6.24953e-08	4.09648e-08	2.72257e-08	1.72623e-08	3.2201e-09
5.45675e-06	1.06589e-06	8.34882e-07	5.38261e-07	4.5449e-07	3.52106e-07	2.70659e-07	1.81016e-07	1.41125e-07	1.10908e-07	8.61451e-08	7.05753e-08	5.70891e-08	3.93727e-08	3.52182e-08	2.57728e-08	1.26907e-08
5.29757e-06	1.03502e-06	8.21123e-07	5.3975e-07	4.57408e-07	3.59371e-07	2.80274e-07	1.93626e-07	1.53749e-07	1.25123e-07	1.00753e-07	8.57262e-08	7.30737e-08	5.45243e-08	5.28197e-08	3.82352e-08	1.09225e-08
5.14641e-06	9.90037e-07	7.90401e-07	5.26606e-07	4.39288e-07	3.50708e-07	2.70399e-07	1.8663e-07	1.46021e-07	1.17143e-07	9.37697e-08	7.97409e-08	6.63813e-08	4.86906e-08	3.96621e-08	2.74768e-08	7.86676e-09
5.01913e-06	9.34313e-07	7.72495e-07	4.9505e-07	4.25462e-07	3.24823e-07	2.53239e-07	1.70531e-07	1.30856e-07	1.01308e-07	7.87307e-08	6.56363e-08	5.2605e-08	3.83362e-08	2.35498e-08	1.45466e-08	-1.76781e-10
4.91324e-06	9.19022e-07	7.58113e-07	4.93598e-07	4.21774e-07	3.23724e-07	2.55436e-07	1.72955e-07	1.35616e-07	1.08177e-07	8.64838e-08	7.36293e-08	6.28583e-08	4.74657e-08	3.98389e-08	3.1164e-08	1.36879e-08
4.84073e-06	9.097e-07	7.58751e-07	4.77851e-07	4.13804e-07	3.25601e-07	2.56478e-07	1.67908e-07	1.38297e-07	1.08256e-07	8.6928e-08	7.41994e-08	6.14961e-08	4.431e-08	3.40438e-08	2.62527e-08	6.66734e-09
4.77412e-06	9.03185e-07	7.50707e-07	4.93396e-07	4.20118e-07	3.25323e-07	2.60822e-07	1.75359e-07	1.40418e-07	1.1159e-07	9.00217e-08	8.04879e-08	6.69133e-08	4.95378e-08	4.51687e-08	2.60254e-08	2.07092e-09
4.73391e-06	8.96972e-07	7.42019e-07	4.85264e-07	4.16759e-07	3.24376e-07	2.56377e-07	1.75636e-07	1.41125e-07	1.11893e-07	8.95671e-08	7.93514e-08	6.18371e-08	4.46005e-08	3.55591e-08	2.23886e-08	2.28558e-09
4.72804e-06	8.85329e-07	7.35504e-07	4.77031e-07	4.1085e-07	3.18302e-07	2.49697e-07	1.72871e-07	1.37463e-07	1.07864e-07	8.74962e-08	7.41868e-08	5.93115e-08	4.48656e-08	3.54455e-08	2.9258e-08	1.41555e-08
4.74758e-06	8.84019e-07	7.39286e-07	4.75541e-07	4.082e-07	3.18787e-07	2.51572e-07	1.70089e-07	1.32106e-07	1.05387e-07	8.23042e-08	7.02073e-08	5.80852e-08	4.22128e-08	3.49774e-08	2.82976e-08	1.18191e-08
4.76794e-06	8.85433e-07	7.38667e-07	4.7669e-07	4.08655e-07	3.1789e-07	2.49817e-07	1.67462e-07	1.3097e-07	1.02344e-07	7.77458e-08	6.52322e-08	5.29207e-08	3.33611e-08	2.46862e-08	1.56199e-08	-1.62891e-09
4.80844e-06	9.30119e-07	7.63726e-07	5.05632e-07	4.28654e-07	3.34339e-07	2.61415e-07	1.75447e-07	1.37779e-07	1.08508e-07	8.45287e-08	7.22169e-08	5.93621e-08	4.16456e-08	3.06092e-08	2.20351e-08	3.19477e-09
4.88159e-06	9.7146e-07	8.00008e-07	5.36685e-07	4.5296e-07	3.56064e-07	2.78578e-07	1.87983e-07	1.43557e-07	1.15497e-07	9.22236e-08	7.86988e-08	6.57297e-08	4.54109e-08	2.89438e-08	2.12911e-08	2.7782e-09
5.04369e-06	1.00495e-06	8.321e-07	5.38944e-07	4.5704e-07	3.50309e-07	2.68102e-07	1.71789e-07	1.28451e-07	9.86109e-08	7.44033e-08	5.91615e-08	4.65715e-08	3.07362e-08	2.41697e-08	1.95353e-08	1.12767e-08
5.12609e-06	1.06789e-06	8.76143e-07	5.63078e-07	4.76827e-07	3.64942e-07	2.76065e-07	1.7754e-07	1.31421e-07	9.89796e-08	7.39885e-08	5.80896e-08	4.49184e-08	2.69485e-08	2.31727e-08	1.48634e-08	7.27383e-09
5.23102e-06	1.14336e-06	9.10024e-07	6.00369e-07	4.96881e-07	3.84578e-07	2.90461e-07	1.93969e-07	1.4823e-07	1.13325e-07	8.6301e-08	7.16396e-08	5.59554e-08	3.7089e-08	2.69738e-08	1.55579e-08	-2.90448e-10
5.38261e-06	1.19351e-06	9.24823e-07	6.03301e-07	4.95454e-07	3.79916e-07	2.83661e-07	1.8449e-07	1.39444e-07	1.0714e-07	8.10371e-08	6.8497e-08	5.38605e-08	3.6509e-08	2.75301e-08	1.95868e-08	6.99619e-09
5.5476e-06	1.25436e-06	9.50066e-07	6.22083e-07	5.13109e-07	3.96608e-07	3.01917e-07	1.98007e-07	1.49083e-07	1.16892e-07	8.89195e-08	7.55582e-08	6.16791e-08	4.23697e-08	3.41609e-08	2.53208e-08	1.10502e-08
5.74295e-06	1.29668e-06	9.55294e-07	6.22512e-07	5.15963e-07	3.98894e-07	3.00869e-07	1.96239e-07	1.48704e-07	1.15819e-07	8.9753e-08	7.52551e-08	5.98227e-08	4.01723e-08	3.25823e-08	2.65963e-08	1.38538e-08
6.06788e-06	1.3369e-06	9.64715e-07	6.22411e-07	5.09825e-07	3.89889e-07	2.91789e-07	1.88283e-07	1.40079e-07	1.06398e-07	8.23651e-08	6.6617e-08	5.57688e-08	3.70277e-08	2.85411e-08	2.35527e-08	1.10123e-08
6.38133e-06	1.35549e-06	9.73795e-07	6.27134e-07	5.17529e-07	3.98805e-07	2.97636e-07	1.96403e-07	1.46696e-07	1.13672e-07	8.76061e-08	7.206e-08	5.73853e-08	4.0829e-08	3.21656e-08	2.19868e-08	-1.61649e-09
6.63393e-06	1.36725e-06	9.9481e-07	6.33003e-07	5.33541e-07	4.09984e-07	3.15687e-07	2.02763e-07	1.56391e-07	1.24264e-07	9.67595e-08	8.06582e-08	6.61102e-08	5.05266e-08	3.74687e-08	2.5257e-08	-2.02056e-09
6.72731e-06	1.41222e-06	1.00224e-06	6.44979e-07	5.31117e-07	4.09237e-07	3.1495e-07	1.99245e-07	1.50876e-07	1.1794e-07	9.22409e-08	7.64927e-08	6.2942e-08	4.61836e-08	3.77602e-08	3.22161e-08	1.25909e-08
6.64461e-06	1.46104e-06	1.02216e-06	6.51217e-07	5.37634e-07	4.09616e-07	3.07726e-07	1.99245e-07	1.49424e-07	1.15263e-07	8.84143e-08	7.18958e-08	5.64003e-08	3.86442e-08	3.0246e-08	2.38306e-08	7.57729e-10
6.45104e-06	1.45543e-06	1.01395e-06	6.50384e-07	5.29602e-07	4.06484e-07	3.03609e-07	1.95898e-07	1.46103e-07	1.127e-07	8.6078e-08	7.17443e-08	5.70444e-08	3.94272e-08	3.10543e-08	2.31739e-08	6.76904e-09
6.30901e-06	1.42207e-06	1.00484e-06	6.45506e-07	5.27353e-07	4.06537e-07	3.08262e-07	2.0145e-07	1.52514e-07	1.19453e-07	9.21501e-08	7.79431e-08	6.31425e-08	4.64602e-08	3.58397e-08	2.91718e-08	1.29568e-08
6.1574e-06	1.37843e-06	9.85339e-07	6.32432e-07	5.18993e-07	4.00149e-07	3.00323e-07	1.97467e-07	1.48381e-07	1.14613e-07	8.57958e-08	6.9998e-08	5.56397e-08	3.79098e-08	2.5812e-08	1.62398e-08	-1.97e-09
6.03054e-06	1.34253e-06	9.62972e-07	6.16021e-07	5.04698e-07	3.88298e-07	2.91107e-07	1.92097e-07	1.43287e-07	1.08949e-07	8.19989e-08	6.85618e-08	5.16266e-08	3.58785e-08	2.62553e-08	1.64553e-08	-8.71388e-10
5.9144e-06	1.30794e-06	9.45633e-07	6.01207e-07	4.91273e-07	3.75114e-07	2.81357e-07	1.81741e-07	1.3725e-07	1.02003e-07	7.63664e-08	6.16286e-08	4.58426e-08	2.93115e-08	2.19868e-08	1.33613e-08	-1.35128e-09
5.78898e-06	1.29278e-06	9.44053e-07	6.06527e-07	5.00328e-07	3.8414e-07	2.90874e-07	1.93415e-07	1.48317e-07	1.17438e-07	9.1056e-08	7.47645e-08	5.86497e-08	4.04006e-08	3.07646e-08	2.0876e-08	3.54879e-09
5.67741e-06	1.25654e-06	9.26737e-07	5.94658e-07	4.89e-07	3.76433e-07	2.85249e-07	1.88469e-07	1.46779e-07	1.16128e-07	8.83683e-08	7.39833e-08	5.86133e-08	4.08815e-08	3.41248e-08	2.75954e-08	1.50922e-08
5.5927e-06	1.22722e-06	9.17696e-07	5.8805e-07	4.91753e-07	3.78356e-07	2.87515e-07	1.92986e-07	1.46751e-07	1.15115e-07	9.04877e-08	7.23523e-08	5.81824e-08	3.92261e-08	2.82261e-08	1.94615e-08	5.97358e-09
5.51791e-06	1.21029e-06	9.05774e-07	5.83226e-07	4.85893e-07	3.73456e-07	2.85128e-07	1.88603e-07	1.49049e-07	1.16592e-07	9.28494e-08	7.81617e-08	6.36003e-08	4.58438e-08	3.53616e-08	2.62812e-08	7.38804e-09
5.45796e-06	1.18407e-06	8.90063e-07	5.70218e-07	4.75348e-07	3.66763e-07	2.83385e-07	1.89437e-07	1.47837e-07	1.16996e-07	9.20032e-08	7.7947e-08	6.53305e-08	4.72835e-08	3.68897e-08	2.92491e-08	1.19345e-08
5.37881e-06	1.16134e-06	8.74908e-07	5.61074e-07	4.66419e-07	3.59665e-07	2.7606e-07	1.8455e-07	1.43884e-07	1.12639e-07	8.78735e-08	7.24912e-08	5.48736e-08	3.73696e-08	2.84155e-08	2.03834e-08	5.69574e-09
5.28999e-06	1.14507e-06	8.62234e-07	5.50532e-07	4.57084e-07	3.51651e-07	2.67259e-07	1.72927e-07	1.31817e-07	1.02819e-07	8.01359e-08	6.78598e-08	5.2502e-08	3.4353e-08	2.7495e-08	1.65703e-08	-6.1507e-09
5.23512e-06	1.13815e-06	8.56977e-07	5.48487e-07	4.56691e-07	3.52089e-07	2.71155e-07	1.79183e-07	1.37087e-07	1.0752e-07	8.16156e-08	6.74194e-08	5.34884e-08	3.72967e-08	2.64474e-08	1.68359e-08	-9.09366e-10
5.20819e-06	1.12991e-06	8.45345e-07	5.38042e-07	4.46234e-07	3.42288e-07	2.62567e-07	1.72072e-07	1.30393e-07	9.93609e-08	7.41639e-08	6.14454e-08	4.7186e-08	3.07795e-08	2.36688e-08	1.53834e-08	9.21997e-10
5.24697e-06	1.15087e-06	8.38638e-07	5.55484e-07	4.51576e-07	3.61094e-07	2.75437e-07	1.87367e-07	1.49022e-07	1.19481e-07	9.1505e-08	8.03147e-08	6.78994e-08	5.07224e-08	4.04668e-08	3.35329e-08	1.2668e-08
5.32557e-06	1.11766e-06	8.30934e-07	5.30615e-07	4.41346e-07	3.46936e-07	2.62605e-07	1.72843e-07	1.37087e-07	1.0387e-07	8.24619e-08	6.87456e-08	5.56482e-08	3.98732e-08	3.53643e-08	2.89734e-08	1.31227e-08
5.34929e-06	1.09825e-06	8.30753e-07	5.3539e-07	4.50943e-07	3.50633e-07	2.71086e-07	1.78341e-07	1.39983e-07	1.09733e-07	8.52805e-08	6.80779e-08	5.82641e-08	4.09857e-08	3.24728e-08	2.49072e-08	1.24031e-08
5.34638e-06	1.0849e-06	8.34605e-07	5.37449e-07	4.53861e-07	3.52212e-07	2.76315e-07	1.83507e-07	1.43911e-07	1.16036e-07	9.00927e-08	7.17912e-08	6.24195e-08	4.48758e-08	3.41147e-08	2.69786e-08	1.22768e-08
5.31784e-06	1.08584e-06	8.33607e-07	5.3534e-07	4.5251e-07	3.54409e-07	2.77477e-07	1.82964e-07	1.41612e-07	1.13926e-07	8.80971e-08	7.36227e-08	6.13838e-08	4.17056e-08	3.28517e-08	2.62081e-08	9.96539e-09
5.28873e-06	1.10865e-06	8.49543e-07	5.5022e-07	4.63914e-07	3.62085e-07	2.84532e-07	1.93591e-07	1.52908e-07	1.23251e-07	9.96817e-08	8.18219e-08	6.96837e-08	5.13818e-08	4.09993e-08	3.29157e-08	1.06982e-08
5.26801e-06	1.13261e-06	8.62944e-07	5.66134e-07	4.75421e-07	3.72783e-07	2.96191e-07	2.04605e-07	1.6137e-07	1.29427e-07	1.06881e-07	8.93371e-08	7.51655e-08	5.59162e-08	4.662e-08	3.45198e-08	1.34138e-08
5.29015e-06	1.13611e-06	8.64785e-07	5.65846e-07	4.73993e-07	3.72894e-07	2.95225e-07	2.01036e-07	1.5905e-07	1.27283e-07	1.01604e-07	8.65985e-08	7.20728e-08	5.15094e-08	4.05078e-08	2.73462e-08	1.35152e-09
5.37953e-06	1.14776e-06	8.7255e-07	5.72959e-07	4.80497e-07	3.798e-07	2.97406e-07	2.04729e-07	1.62288e-07	1.3052e-07	1.02352e-07	8.71438e-08	7.36788e-08	5.20539e-08	4.14561e-08	3.15279e-08	1.43619e-08
5.52016e-06	1.17855e-06	8.8946e-07	5.87108e-07	4.96299e-07	3.91885e-07	3.07897e-07	2.14473e-07	1.67597e-07	1.34174e-07	1.07357e-07	8.97481e-08	7.52975e-08	5.61857e-08	4.45014e-08	3.35498e-08	1.20759e-08
5.72627e-06	1.22083e-06	9.13208e-07	6.00131e-07	5.0739e-07	4.00374e-07	3.15539e-07	2.19551e-07	1.68873e-07	1.32519e-07	1.05778e-07	8.80681e-08	7.13564e-08	5.1891e-08	4.02067e-08	3.10487e-08	1.02696e-08
5.99727e-06	1.29434e-06	9.5157e-07	6.32797e-07	5.33537e-07	4.24197e-07	3.3503e-07	2.30187e-07	1.78612e-07	1.42397e-07	1.13458e-07	9.29313e-08	7.31754e-08	5.1171e-08	4.04846e-08	2.74234e-08	3.62529e-09
6.30687e-06	1.3501e-06	9.91196e-07	6.55812e-07	5.52005e-07	4.36185e-07	3.36975e-07	2.24831e-07	1.73433e-07	1.343e-07	1.0214e-07	8.1727e-08	6.3449e-08	4.1293e-08	2.75497e-08	1.63833e-08	-8.64007e-09
6.69033e-06	1.4836e-06	1.06379e-06	7.12539e-07	5.97446e-07	4.73851e-07	3.65339e-07	2.47316e-07	1.90533e-07	1.50224e-07	1.14954e-07	9.28981e-08	7.38612e-08	5.20578e-08	3.5939e-08	1.87211e-08	-2.61489e-09
7.04318e-06	1.64778e-06	1.12591e-06	7.57895e-07	6.24255e-07	4.94581e-07	3.75291e-07	2.48547e-07	1.86407e-07	1.43608e-07	1.07996e-07	8.57377e-08	6.67635e-08	4.48964e-08	3.17079e-08	2.04017e-08	4.86357e-09
7.53157e-06	1.83578e-06	1.23619e-06	8.24428e-07	6.75004e-07	5.30582e-07	3.98413e-07	2.59714e-07	1.92916e-07	1.48211e-07	1.06993e-07	8.57839e-08	6.31095e-08	4.20014e-08	2.78788e-08	1.6169e-08	-9.474e-10
8.19493e-06	2.04011e-06	1.3427e-06	8.90159e-07	7.20237e-07	5.63188e-07	4.16688e-07	2.66662e-07	1.94606e-07	1.46362e-07	1.06001e-07	8.38934e-08	5.87039e-08	3.79106e-08	2.29535e-08	1.26705e-08	-1.68014e-09
8.95931e-06	2.22448e-06	1.4298e-06	9.40347e-07	7.56424e-07	5.87711e-07	4.32515e-07	2.75651e-07	2.0166e-07	1.52505e-07	1.11612e-07	8.694e-08	6.37838e-08	4.09434e-08	2.66303e-08	1.29109e-08	-1.1117e-09
9.54011e-06	2.3255e-06	1.46143e-06	9.57705e-07	7.69486e-07	5.97943e-07	4.39791e-07	2.83168e-07	2.08204e-07	1.61133e-07	1.21782e-07	9.74001e-08	7.41302e-08	5.46755e-08	3.69514e-08	2.17413e-08	-2.65292e-09
9.70673e-06	2.37723e-06	1.41848e-06	9.07802e-07	7.20249e-07	5.52946e-07	4.03873e-07	2.51301e-07	1.8408e-07	1.37058e-07	1.03517e-07	7.76568e-08	6.05639e-08	4.07171e-08	2.70984e-08	1.57032e-08	-1.03593e-09
1.00459e-05	2.67148e-06	1.46537e-06	9.13093e-07	7.06054e-07	5.43662e-07	3.94509e-07	2.52002e-07	1.86851e-07	1.42507e-07	1.08333e-07	8.69192e-08	6.54294e-08	4.50135e-08	3.02196e-08	1.91399e-08	7.8202e-09
9.52273e-06	2.75608e-06	1.54343e-06	9.60382e-07	7.31e-07	5.57797e-07	4.00867e-07	2.56304e-07	1.88059e-07	1.46837e-07	1.12461e-07	9.27409e-08	7.42584e-08	5.49295e-08	4.60483e-08	3.4173e-08	1.1092e-08
8.40703e-06	2.56974e-06	1.5829e-06	1.01937e-06	7.8058e-07	5.97809e-07	4.26359e-07	2.68489e-07	1.96895e-07	1.48799e-07	1.14978e-07	9.34886e-08	7.54226e-08	5.36549e-08	4.28911e-08	3.23799e-08	1.00816e-08
7.4264e-06	2.30931e-06	1.5157e-06	9.98054e-07	7.71572e-07	5.93703e-07	4.21293e-07	2.63297e-07	1.88342e-07	1.43391e-07	1.03899e-07	8.02613e-08	6.21699e-08	4.27395e-08	3.30116e-08	2.81098e-08	1.42886e-08
6.51075e-06	1.99762e-06	1.3479e-06	9.04189e-07	7.11254e-07	5.51771e-07	3.97784e-07	2.50126e-07	1.80732e-07	1.36717e-07	1.00283e-07	7.84274e-08	6.00334e-08	4.11087e-08	3.17601e-08	2.68078e-08	1.37955e-08
5.89831e-06	1.66681e-06	1.18237e-06	8.02726e-07	6.54976e-07	5.18293e-07	3.89014e-07	2.56033e-07	1.93964e-07	1.49708e-07	1.1446e-07	9.10883e-08	7.23021e-08	5.05091e-08	3.73449e-08	2.71496e-08	8.78035e-09
5.32595e-06	1.37107e-06	1.00614e-06	6.86535e-07	5.74349e-07	4.59257e-07	3.5628e-07	2.39394e-07	1.82518e-07	1.40599e-07	1.07373e-07	8.61864e-08	6.97754e-08	4.941e-08	3.80398e-08	2.95753e-08	1.07386e-08
4.84231e-06	1.1448e-06	8.75057e-07	6.02115e-07	5.16587e-07	4.25186e-07	3.3482e-07	2.27664e-07	1.86492e-07	1.43287e-07	1.13169e-07	9.36379e-08	7.7682e-08	6.28127e-08	5.32493e-08	4.55303e-08	2.65173e-08
4.3267e-06	9.85295e-07	7.86851e-07	5.37458e-07	4.75542e-07	3.81007e-07	3.0944e-07	2.27108e-07	1.69968e-07	1.38625e-07	1.03947e-07	9.23367e-08	7.83516e-08	4.77917e-08	3.96811e-08	3.38193e-08	6.44297e-10
4.07618e-06	8.29425e-07	7.25163e-07	4.97069e-07	4.38286e-07	3.59164e-07	2.9126e-07	2.08209e-07	1.64687e-07	1.3227e-07	1.09884e-07	8.4744e-08	6.95209e-08	5.00404e-08	3.89989e-08	3.20127e-08	7.83263e-09
3.82619e-06	7.22927e-07	6.73164e-07	4.59283e-07	4.06488e-07	3.28288e-07	2.68786e-07	1.90017e-07	1.51271e-07	1.21191e-07	9.72763e-08	7.92233e-08	6.50109e-08	4.60357e-08	3.67249e-08	2.98777e-08	6.21557e-09
3.6227e-06	6.46757e-07	6.39998e-07	4.35294e-07	3.88527e-07	3.13714e-07	2.58685e-07	1.83026e-07	1.45961e-07	1.17828e-07	8.10026e-08	6.92665e-08	5.51934e-08	3.57639e-08	3.13803e-08	2.84494e-08	1.29235e-08
3.47764e-06	5.96339e-07	6.235e-07	4.26059e-07	3.78269e-07	3.04126e-07	2.53114e-07	1.77746e-07	1.40845e-07	1.14796e-07	8.97825e-08	7.43071e-08	5.8857e-08	4.60219e-08	3.75578e-08	2.78051e-08	5.81116e-09
3.40889e-06	5.68925e-07	6.21062e-07	4.23634e-07	3.80416e-07	3.05402e-07	2.54857e-07	1.82711e-07	1.46227e-07	1.23298e-07	9.85497e-08	8.19248e-08	6.99108e-08	5.55092e-08	4.67041e-08	3.26057e-08	1.38457e-08
3.38165e-06	5.68404e-07	6.1124e-07	4.18079e-07	3.74991e-07	2.99816e-07	2.46457e-07	1.71522e-07	1.3864e-07	1.10861e-07	8.48134e-08	7.10189e-08	5.48369e-08	3.59516e-08	2.5492e-08	1.76221e-08	-3.2844e-10
3.44912e-06	6.15968e-07	6.33186e-07	4.34512e-07	3.87569e-07	3.10915e-07	2.56291e-07	1.78247e-07	1.42471e-07	1.11837e-07	8.86938e-08	7.44442e-08	6.1003e-08	4.0096e-08	2.96867e-08	2.41662e-08	1.00177e-08
3.61417e-06	6.78394e-07	6.60064e-07	4.53955e-07	3.97223e-07	3.16389e-07	2.54882e-07	1.73669e-07	1.35141e-07	1.05189e-07	8.05563e-08	6.65344e-08	5.25505e-08	3.41957e-08	2.57699e-08	1.96433e-08	4.38342e-09
3.94192e-06	8.16056e-07	7.23585e-07	5.08666e-07	4.37746e-07	3.5211e-07	2.79459e-07	1.89907e-07	1.48219e-07	1.16827e-07	9.08666e-08	7.47979e-08	6.09904e-08	4.33173e-08	3.43355e-08	2.71981e-08	8.66599e-09
4.67695e-06	9.64136e-07	8.25493e-07	5.68115e-07	4.91283e-07	3.92231e-07	3.07719e-07	2.11344e-07	1.65955e-07	1.31998e-07	1.04106e-07	8.83653e-08	7.31177e-08	5.45478e-08	4.58186e-08	3.54725e-08	1.49065e-08
5.40761e-06	1.16646e-06	9.15161e-07	6.26121e-07	5.27223e-07	4.16349e-07	3.1625e-07	2.05945e-07	1.56148e-07	1.20045e-07	8.93863e-08	7.27496e-08	5.57591e-08	3.63306e-08	2.93196e-08	1.75337e-08	-5.4319e-10
6.35056e-06	1.41399e-06	1.04333e-06	7.0213e-07	5.81554e-07	4.54928e-07	3.42083e-07	2.22948e-07	1.66305e-07	1.28205e-07	9.63215e-08	7.76383e-08	5.83992e-08	3.85539e-08	2.40646e-08	1.24049e-08	-1.12807e-08
7.29149e-06	1.68703e-06	1.16847e-06	7.73219e-07	6.286e-07	4.85422e-07	3.60447e-07	2.28057e-07	1.65753e-07	1.25872e-07	9.34184e-08	7.36357e-08	5.52931e-08	3.57504e-08	2.58969e-08	1.7812e-08	2.13492e-09
7.60511e-06	1.89754e-06	1.25812e-06	8.31801e-07	6.6542e-07	5.11167e-07	3.78843e-07	2.387e-07	1.74452e-07	1.31831e-07	9.761e-08	7.71582e-08	5.81213e-08	3.66716e-08	2.60984e-08	1.62073e-08	2.04644e-09
7.59683e-06	1.9441e-06	1.31607e-06	8.62127e-07	6.94303e-07	5.38327e-07	3.94063e-07	2.51655e-07	1.84879e-07	1.41094e-07	1.0619e-07	8.48282e-08	6.71551e-08	4.61849e-08	3.53967e-08	2.55937e-08	4.63618e-09
7.5805e-06	1.93807e-06	1.34513e-06	8.78244e-07	7.08381e-07	5.47045e-07	4.01412e-07	2.57422e-07	1.88926e-07	1.42752e-07	1.08606e-07	8.646e-08	6.746e-08	4.23962e-08	2.96622e-08	1.85326e-08	-1.97074e-09
7.42641e-06	1.92548e-06	1.33976e-06	8.77928e-07	7.03631e-07	5.48207e-07	3.9809e-07	2.52874e-07	1.84226e-07	1.37775e-07	1.05258e-07	8.0851e-08	6.24826e-08	3.99454e-08	2.89421e-08	2.14634e-08	6.20278e-09
7.32505e-06	1.89161e-06	1.33628e-06	8.81465e-07	7.13497e-07	5.5532e-07	4.10698e-07	2.63599e-07	1.9355e-07	1.45822e-07	1.08062e-07	8.61315e-08	6.56788e-08	4.54913e-08	3.06981e-08	1.87978e-08	4.99002e-09
6.74617e-06	1.86055e-06	1.30148e-06	8.73174e-07	7.05986e-07	5.55195e-07	4.10241e-07	2.6305e-07	1.92241e-07	1.44575e-07	1.0713e-07	8.31523e-08	6.26358e-08	3.94537e-08	2.57845e-08	1.44019e-08	-5.43231e-10
6.25527e-06	1.76315e-06	1.25087e-06	8.49083e-07	6.93807e-07	5.44633e-07	4.10455e-07	2.63075e-07	1.99075e-07	1.47784e-07	1.0905e-07	8.41377e-08	6.39623e-08	4.04644e-08	2.39906e-08	1.15847e-08	-7.4789e-09
5.88211e-06	1.63126e-06	1.19136e-06	8.17454e-07	6.68359e-07	5.3205e-07	3.99631e-07	2.60542e-07	1.92008e-07	1.47528e-07	1.08871e-07	8.33144e-08	6.11056e-08	3.81263e-08	2.50133e-08	1.52733e-08	2.13497e-09
5.59913e-06	1.55431e-06	1.16003e-06	8.07608e-07	6.66582e-07	5.37129e-07	4.06665e-07	2.69809e-07	2.04937e-07	1.57575e-07	1.21418e-07	9.71373e-08	7.76441e-08	5.29461e-08	4.00222e-08	2.87028e-08	9.46233e-09
5.45437e-06	1.52183e-06	1.15454e-06	8.06332e-07	6.70398e-07	5.36763e-07	4.09028e-07	2.72702e-07	2.06605e-07	1.60228e-07	1.20168e-07	9.58234e-08	7.49154e-08	4.72232e-08	3.41351e-08	2.05038e-08	-1.14963e-09
5.44761e-06	1.53238e-06	1.15885e-06	8.06706e-07	6.65298e-07	5.31319e-07	4.01433e-07	2.63044e-07	1.96452e-07	1.49557e-07	1.10114e-07	8.59337e-08	6.54294e-08	4.28153e-08	3.23926e-08	2.28036e-08	6.73371e-09
5.48994e-06	1.59525e-06	1.19374e-06	8.33316e-07	6.84357e-07	5.46743e-07	4.16216e-07	2.77566e-07	2.07944e-07	1.60102e-07	1.16138e-07	9.05806e-08	7.03042e-08	4.76906e-08	3.76977e-08	2.69847e-08	1.02709e-08
5.51965e-06	1.65131e-06	1.22698e-06	8.5441e-07	7.02049e-07	5.61551e-07	4.24312e-07	2.82007e-07	2.08884e-07	1.58678e-07	1.1657e-07	8.84731e-08	6.77414e-08	4.38639e-08	2.81224e-08	2.06938e-08	4.72497e-09
5.58183e-06	1.7065e-06	1.25708e-06	8.76582e-07	7.25194e-07	5.7944e-07	4.39018e-07	2.95639e-07	2.17904e-07	1.68987e-07	1.25376e-07	9.67481e-08	7.95411e-08	5.34401e-08	3.42371e-08	1.65627e-08	-8.57821e-09
5.69364e-06	1.74879e-06	1.27977e-06	8.92397e-07	7.34523e-07	5.91331e-07	4.48327e-07	3.02696e-07	2.26918e-07	1.73691e-07	1.30711e-07	1.00263e-07	8.08065e-08	5.17485e-08	3.52739e-08	2.27663e-08	-2.13513e-09
5.84582e-06	1.77928e-06	1.29865e-06	9.01845e-07	7.42047e-07	5.96576e-07	4.54491e-07	3.06229e-07	2.28945e-07	1.78383e-07	1.34163e-07	1.059e-07	8.1554e-08	5.45294e-08	3.94062e-08	2.72773e-08	6.68351e-09
6.0327e-06	1.76417e-06	1.30531e-06	9.1776e-07	7.48983e-07	6.04832e-07	4.57269e-07	3.06143e-07	2.30309e-07	1.77886e-07	1.31921e-07	1.02229e-07	7.71991e-08	5.05395e-08	3.40131e-08	2.08349e-08	-8.46537e-10
6.17995e-06	1.6912e-06	1.28697e-06	9.09435e-07	7.55976e-07	6.09971e-07	4.64244e-07	3.1172e-07	2.35268e-07	1.80497e-07	1.38247e-07	1.07672e-07	8.28827e-08	5.68429e-08	4.1833e-08	2.76823e-08	3.33552e-09
6.2159e-06	1.58563e-06	1.24827e-06	8.90074e-07	7.49191e-07	6.05314e-07	4.62347e-07	3.08842e-07	2.30933e-07	1.75187e-07	1.33819e-07	1.05656e-07	8.04862e-08	5.36743e-08	3.79688e-08	2.62307e-08	6.44395e-09
6.1067e-06	1.51631e-06	1.22099e-06	8.77881e-07	7.4391e-07	6.01536e-07	4.62145e-07	3.09209e-07	2.30479e-07	1.75377e-07	1.2898e-07	9.92242e-08	7.3322e-08	4.70408e-08	3.00718e-08	1.72849e-08	4.67502e-10
5.83827e-06	1.49023e-06	1.19425e-06	8.67662e-07	7.31736e-07	5.95659e-07	4.56384e-07	3.02934e-07	2.24585e-07	1.70204e-07	1.2108e-07	9.1148e-08	6.60299e-08	3.94208e-08	2.7822e-08	1.90281e-08	2.33745e-09
5.58996e-06	1.48115e-06	1.19239e-06	8.65679e-07	7.30448e-07	5.97718e-07	4.61843e-07	3.06345e-07	2.31054e-07	1.78442e-07	1.30948e-07	1.05185e-07	7.95618e-08	5.34582e-08	3.63632e-08	1.4328e-08	-5.81204e-09
5.36177e-06	1.46237e-06	1.18299e-06	8.5945e-07	7.24383e-07	5.90529e-07	4.53617e-07	3.07192e-07	2.30081e-07	1.7522e-07	1.33664e-07	1.03606e-07	7.71738e-08	5.33192e-08	3.83848e-08	1.81058e-08	-9.05921e-09
5.26615e-06	1.46193e-06	1.18583e-06	8.59155e-07	7.23428e-07	5.8976e-07	4.6073e-07	3.1147e-07	2.38249e-07	1.8201e-07	1.41072e-07	1.12782e-07	7.65693e-08	5.06798e-08	4.52087e-08	1.54908e-08	-9.99444e-09
5.21995e-06	1.48337e-06	1.17246e-06	8.47148e-07	7.1191e-07	5.79124e-07	4.47398e-07	2.99917e-07	2.26706e-07	1.74863e-07	1.31763e-07	1.01956e-07	7.91489e-08	5.52298e-08	4.04463e-08	2.71285e-08	6.78527e-09
5.31026e-06	1.51874e-06	1.18381e-06	8.40674e-07	7.08728e-07	5.72941e-07	4.44293e-07	3.00912e-07	2.23498e-07	1.72277e-07	1.29811e-07	1.02507e-07	8.14191e-08	5.67432e-08	4.15182e-08	2.8239e-08	4.49802e-09
5.49215e-06	1.57201e-06	1.1742e-06	8.33068e-07	6.9229e-07	5.58588e-07	4.27046e-07	2.8412e-07	2.13694e-07	1.63483e-07	1.21788e-07	9.41172e-08	7.07932e-08	4.72165e-08	3.1006e-08	1.61347e-08	-7.68201e-09
5.75893e-06	1.5756e-06	1.16678e-06	8.10952e-07	6.73873e-07	5.38032e-07	4.11503e-07	2.70772e-07	2.03465e-07	1.53391e-07	1.1426e-07	8.7006e-08	6.45153e-08	4.02052e-08	2.45376e-08	1.18139e-08	-7.32841e-09
5.89947e-06	1.53926e-06	1.1339e-06	7.84898e-07	6.4533e-07	5.19231e-07	3.92917e-07	2.58087e-07	1.8968e-07	1.44446e-07	1.04278e-07	7.74664e-08	5.58223e-08	3.0514e-08	1.61731e-08	7.79592e-09	-7.64429e-09
5.79719e-06	1.48289e-06	1.11684e-06	7.78582e-07	6.47485e-07	5.24488e-07	4.01946e-07	2.69598e-07	2.00329e-07	1.56343e-07	1.16035e-07	9.03841e-08	6.82841e-08	4.3998e-08	2.8974e-08	1.99646e-08	3.07051e-09
5.7502e-06	1.47047e-06	1.11131e-06	7.76295e-07	6.4602e-07	5.17526e-07	3.9439e-07	2.59654e-07	1.94895e-07	1.4952e-07	1.09768e-07	8.42431e-08	6.34951e-08	3.92722e-08	2.65732e-08	1.59338e-08	1.56684e-09
5.82052e-06	1.49711e-06	1.12514e-06	7.89229e-07	6.56954e-07	5.25121e-07	4.01211e-07	2.6541e-07	2.0022e-07	1.54439e-07	1.15861e-07	9.3457e-08	7.30243e-08	4.82196e-08	3.62405e-08	2.32505e-08	7.27843e-09
5.74123e-06	1.48654e-06	1.12494e-06	7.95064e-07	6.58899e-07	5.27599e-07	4.02644e-07	2.66959e-07	2.03015e-07	1.55639e-07	1.15743e-07	9.13916e-08	6.95168e-08	4.59359e-08	3.03796e-08	1.42168e-08	-9.83167e-09
5.65673e-06	1.45925e-06	1.11653e-06	7.89188e-07	6.57699e-07	5.26614e-07	4.05575e-07	2.69474e-07	2.06794e-07	1.58533e-07	1.18119e-07	9.2352e-08	7.10332e-08	4.73007e-08	3.34252e-08	1.21064e-08	-7.67073e-09
5.63786e-06	1.41576e-06	1.09718e-06	7.74649e-07	6.45394e-07	5.18931e-07	4.01011e-07	2.67497e-07	2.03715e-07	1.56793e-07	1.18944e-07	9.21395e-08	7.2602e-08	4.47491e-08	3.21244e-08	1.63276e-08	-6.25553e-09
5.62382e-06	1.39509e-06	1.07447e-06	7.58012e-07	6.32747e-07	5.10123e-07	3.93299e-07	2.64217e-07	1.99272e-07	1.56392e-07	1.19553e-07	9.40375e-08	7.34759e-08	4.77328e-08	3.31867e-08	1.75159e-08	-4.66333e-09
5.61867e-06	1.37729e-06	1.04977e-06	7.37501e-07	6.17304e-07	4.96411e-07	3.84352e-07	2.5508e-07	1.94786e-07	1.5044e-07	1.12261e-07	8.82494e-08	6.75741e-08	4.27914e-08	2.71206e-08	1.46851e-08	-5.78809e-09
5.65161e-06	1.36155e-06	1.02587e-06	7.18323e-07	5.99992e-07	4.81422e-07	3.73442e-07	2.5079e-07	1.93261e-07	1.48143e-07	1.15171e-07	9.00336e-08	6.78664e-08	4.77087e-08	3.14562e-08	1.81988e-08	2.71719e-09
5.67527e-06	1.33857e-06	9.98863e-07	6.98473e-07	5.88646e-07	4.75368e-07	3.68611e-07	2.489e-07	1.91547e-07	1.4955e-07	1.13189e-07	9.08448e-08	7.14195e-08	4.61933e-08	3.34538e-08	2.17759e-08	3.56403e-09
5.73484e-06	1.30249e-06	9.72688e-07	6.76765e-07	5.72698e-07	4.62615e-07	3.61935e-07	2.45077e-07	1.88089e-07	1.47089e-07	1.10033e-07	8.8155e-08	7.0208e-08	4.67759e-08	3.41372e-08	2.51005e-08	9.25154e-09
5.86406e-06	1.25888e-06	9.56257e-07	6.68537e-07	5.70398e-07	4.61465e-07	3.63628e-07	2.50423e-07	1.93473e-07	1.51879e-07	1.14962e-07	9.17949e-08	7.19775e-08	4.85832e-08	3.03455e-08	1.86547e-08	2.26233e-09
5.91116e-06	1.21815e-06	9.39611e-07	6.56421e-07	5.58531e-07	4.51213e-07	3.54108e-07	2.39042e-07	1.82558e-07	1.38195e-07	1.03172e-07	8.41001e-08	6.19565e-08	3.69565e-08	1.99823e-08	6.85035e-09	-1.1868e-08
5.92554e-06	1.20463e-06	9.38587e-07	6.65407e-07	5.72649e-07	4.66962e-07	3.66178e-07	2.49899e-07	1.93415e-07	1.466e-07	1.09808e-07	8.49975e-08	6.06547e-08	3.68428e-08	2.00708e-08	7.82356e-09	-1.10592e-08
5.99458e-06	1.21512e-06	9.52376e-07	6.82571e-07	5.86729e-07	4.86034e-07	3.79575e-07	2.61362e-07	2.03236e-07	1.57154e-07	1.14965e-07	8.72219e-08	6.37765e-08	3.83721e-08	2.53413e-08	1.57735e-08	-3.66532e-09
5.96483e-06	1.21954e-06	9.72725e-07	6.98572e-07	6.04866e-07	4.94742e-07	3.88751e-07	2.66469e-07	2.05119e-07	1.59201e-07	1.17619e-07	8.98003e-08	6.85288e-08	4.21638e-08	2.5e-08	1.23357e-08	-8.51871e-09
5.89278e-06	1.23334e-06	9.97738e-07	7.20127e-07	6.23095e-07	5.10819e-07	4.03461e-07	2.78268e-07	2.16537e-07	1.678e-07	1.26191e-07	9.8688e-08	7.67967e-08	5.18592e-08	3.68184e-08	2.39389e-08	4.61336e-09
5.84052e-06	1.26041e-06	1.02865e-06	7.46556e-07	6.43671e-07	5.31042e-07	4.20713e-07	2.92879e-07	2.24993e-07	1.77848e-07	1.36088e-07	1.06259e-07	8.23959e-08	5.56131e-08	3.90303e-08	2.37241e-08	4.71448e-09
5.80271e-06	1.29186e-06	1.0551e-06	7.66925e-07	6.60499e-07	5.44681e-07	4.31202e-07	2.99333e-07	2.2984e-07	1.79268e-07	1.37393e-07	1.07867e-07	8.34724e-08	5.55893e-08	3.89681e-08	2.54057e-08	6.10496e-09
5.75901e-06	1.33467e-06	1.08887e-06	7.9568e-07	6.84236e-07	5.66017e-07	4.46736e-07	3.09621e-07	2.40318e-07	1.88356e-07	1.45242e-07	1.1631e-07	8.7694e-08	6.17448e-08	4.36321e-08	2.76177e-08	8.86041e-09
5.70345e-06	1.36834e-06	1.11502e-06	8.17504e-07	7.00015e-07	5.75574e-07	4.51146e-07	3.09351e-07	2.37505e-07	1.86048e-07	1.40582e-07	1.09386e-07	7.97836e-08	5.18366e-08	3.40521e-08	1.79235e-08	-2.93248e-09
5.64433e-06	1.40295e-06	1.15291e-06	8.49542e-07	7.25629e-07	5.97431e-07	4.68766e-07	3.25071e-07	2.48205e-07	1.94977e-07	1.47702e-07	1.1399e-07	8.61184e-08	5.69446e-08	3.82369e-08	2.20573e-08	2.09829e-09
5.58513e-06	1.4517e-06	1.20078e-06	8.92428e-07	7.64113e-07	6.32512e-07	4.96739e-07	3.46922e-07	2.6716e-07	2.11794e-07	1.61396e-07	1.26267e-07	9.81165e-08	6.69448e-08	4.59487e-08	2.98698e-08	8.07736e-09
5.51639e-06	1.48577e-06	1.23781e-06	9.28328e-07	7.94552e-07	6.56453e-07	5.1532e-07	3.60966e-07	2.79067e-07	2.1977e-07	1.67893e-07	1.37631e-07	1.06877e-07	7.14195e-08	4.88434e-08	3.08684e-08	1.04412e-08
5.44118e-06	1.50455e-06	1.26667e-06	9.59109e-07	8.23289e-07	6.83828e-07	5.39969e-07	3.78008e-07	2.93205e-07	2.29207e-07	1.77912e-07	1.40623e-07	1.09048e-07	7.54247e-08	5.31146e-08	3.44828e-08	1.28299e-08
5.37321e-06	1.51775e-06	1.28187e-06	9.72077e-07	8.35128e-07	6.96359e-07	5.47908e-07	3.82063e-07	2.92605e-07	2.2743e-07	1.7142e-07	1.30742e-07	9.87486e-08	6.58577e-08	4.68588e-08	3.05271e-08	1.27291e-08
5.33138e-06	1.53526e-06	1.30317e-06	9.93983e-07	8.5449e-07	7.15187e-07	5.6505e-07	3.96774e-07	3.05544e-07	2.38244e-07	1.80551e-07	1.38456e-07	1.04819e-07	6.97401e-08	4.95146e-08	3.3233e-08	1.2919e-08
5.29178e-06	1.5549e-06	1.32452e-06	1.01904e-06	8.77361e-07	7.39957e-07	5.87941e-07	4.20769e-07	3.24219e-07	2.57692e-07	1.98749e-07	1.52067e-07	1.17924e-07	7.9914e-08	5.44937e-08	3.54696e-08	1.44862e-08
5.26328e-06	1.5542e-06	1.3282e-06	1.02394e-06	8.87321e-07	7.50461e-07	5.98192e-07	4.25863e-07	3.32373e-07	2.63102e-07	2.02806e-07	1.57591e-07	1.20174e-07	8.27961e-08	5.79446e-08	3.77449e-08	1.25521e-08
5.27213e-06	1.56575e-06	1.33932e-06	1.03611e-06	9.00862e-07	7.62982e-07	6.09655e-07	4.35673e-07	3.40833e-07	2.72538e-07	2.10689e-07	1.6512e-07	1.24962e-07	8.6485e-08	5.75766e-08	2.78972e-08	1.49156e-09
5.33983e-06	1.58764e-06	1.35272e-06	1.0472e-06	9.09013e-07	7.6965e-07	6.18165e-07	4.43307e-07	3.48578e-07	2.77399e-07	2.12615e-07	1.64783e-07	1.26836e-07	8.6879e-08	5.7932e-08	3.50398e-08	1.1503e-08
5.43739e-06	1.61965e-06	1.37139e-06	1.0625e-06	9.26948e-07	7.84687e-07	6.28824e-07	4.56313e-07	3.60975e-07	2.88568e-07	2.22594e-07	1.73307e-07	1.3345e-07	9.2064e-08	6.06639e-08	3.64691e-08	3.99454e-09
5.50217e-06	1.66046e-06	1.38898e-06	1.07901e-06	9.30157e-07	7.94933e-07	6.34794e-07	4.59965e-07	3.62134e-07	2.90168e-07	2.25937e-07	1.75221e-07	1.35135e-07	9.29892e-08	6.23973e-08	3.70136e-08	9.56944e-09
5.73552e-06	1.70129e-06	1.41894e-06	1.09563e-06	9.50257e-07	8.06007e-07	6.45109e-07	4.64706e-07	3.66028e-07	2.93391e-07	2.26873e-07	1.77964e-07	1.37221e-07	9.50876e-08	6.35982e-08	3.68366e-08	7.39514e-09
5.92941e-06	1.76978e-06	1.4553e-06	1.12121e-06	9.67257e-07	8.18134e-07	6.52436e-07	4.68585e-07	3.68221e-07	2.92268e-07	2.25393e-07	1.76114e-07	1.34143e-07	9.22859e-08	6.07949e-08	3.55617e-08	6.29567e-09
6.1663e-06	1.85146e-06	1.50545e-06	1.15645e-06	9.93919e-07	8.39148e-07	6.66528e-07	4.76398e-07	3.71043e-07	2.95636e-07	2.26423e-07	1.75566e-07	1.33558e-07	9.0716e-08	6.27655e-08	3.75329e-08	9.34213e-09
6.40106e-06	1.92559e-06	1.5553e-06	1.18864e-06	1.02045e-06	8.57943e-07	6.78731e-07	4.82061e-07	3.71723e-07	2.94898e-07	2.25342e-07	1.73991e-07	1.33182e-07	9.00104e-08	5.60669e-08	3.50939e-08	9.72163e-09
6.79439e-06	1.98207e-06	1.61781e-06	1.21664e-06	1.04407e-06	8.7707e-07	6.87366e-07	4.91353e-07	3.74023e-07	2.98374e-07	2.25216e-07	1.75255e-07	1.33739e-07	9.45615e-08	6.37531e-08	3.90761e-08	1.13651e-08
6.91906e-06	2.07177e-06	1.6542e-06	1.25757e-06	1.07012e-06	8.97654e-07	7.04781e-07	4.97585e-07	3.86833e-07	3.06698e-07	2.34931e-07	1.83265e-07	1.41459e-07	9.88193e-08	6.78474e-08	4.05289e-08	9.38006e-09
7.11833e-06	2.11837e-06	1.66375e-06	1.25337e-06	1.06264e-06	8.84946e-07	6.90273e-07	4.81252e-07	3.6989e-07	2.9089e-07	2.20007e-07	1.68415e-07	1.28366e-07	9.2918e-08	6.43852e-08	4.19585e-08	1.36406e-08
7.2742e-06	2.15113e-06	1.67115e-06	1.25319e-06	1.06091e-06	8.80724e-07	6.86241e-07	4.78193e-07	3.66312e-07	2.88817e-07	2.18933e-07	1.67594e-07	1.27898e-07	9.1894e-08	6.17683e-08	3.75465e-08	5.7015e-09
7.38267e-06	2.1656e-06	1.66726e-06	1.25425e-06	1.05521e-06	8.77617e-07	6.82658e-07	4.79192e-07	3.6854e-07	2.90832e-07	2.22859e-07	1.71546e-07	1.31826e-07	9.35351e-08	6.47249e-08	4.13253e-08	1.25657e-08
7.48931e-06	2.16014e-06	1.65664e-06	1.23822e-06	1.04468e-06	8.68907e-07	6.76224e-07	4.73339e-07	3.64419e-07	2.86041e-07	2.2028e-07	1.69069e-07	1.27731e-07	9.04126e-08	6.12485e-08	3.20717e-08	5.23362e-09
7.61841e-06	2.1464e-06	1.64831e-06	1.23346e-06	1.04311e-06	8.67674e-07	6.76005e-07	4.72415e-07	3.63881e-07	2.85815e-07	2.18913e-07	1.6799e-07	1.28761e-07	8.8622e-08	6.02908e-08	3.28319e-08	4.52592e-09
7.7045e-06	2.10357e-06	1.61579e-06	1.20917e-06	1.02563e-06	8.51492e-07	6.65474e-07	4.65891e-07	3.58736e-07	2.82364e-07	2.16283e-07	1.6689e-07	1.25967e-07	8.6536e-08	6.00253e-08	3.51833e-08	8.02781e-09
7.75837e-06	2.05669e-06	1.5757e-06	1.1766e-06	9.9914e-07	8.3182e-07	6.51783e-07	4.57484e-07	3.50847e-07	2.74779e-07	2.08812e-07	1.60822e-07	1.22174e-07	8.11757e-08	5.28445e-08	3.04172e-08	6.75095e-09
7.8229e-06	2.03905e-06	1.56038e-06	1.15799e-06	9.91997e-07	8.25841e-07	6.45651e-07	4.51909e-07	3.48559e-07	2.7507e-07	2.08293e-07	1.59848e-07	1.21517e-07	8.36157e-08	5.45006e-08	3.08597e-08	3.9823e-09
7.84697e-06	2.01448e-06	1.53159e-06	1.1411e-06	9.71365e-07	8.1284e-07	6.3391e-07	4.46294e-07	3.43953e-07	2.73307e-07	2.07186e-07	1.59865e-07	1.22544e-07	8.74611e-08	6.05072e-08	3.63473e-08	8.91299e-09
7.82441e-06	1.99803e-06	1.52769e-06	1.13807e-06	9.71099e-07	8.0887e-07	6.35364e-07	4.468e-07	3.47303e-07	2.74229e-07	2.09955e-07	1.62128e-07	1.2353e-07	8.46924e-08	5.31745e-08	2.87744e-08	4.39961e-09
7.77778e-06	1.96877e-06	1.51018e-06	1.12186e-06	9.59341e-07	7.94806e-07	6.22661e-07	4.37393e-07	3.36907e-07	2.6435e-07	2.00314e-07	1.54053e-07	1.18653e-07	7.71468e-08	5.2784e-08	3.18853e-08	1.54496e-08
7.71671e-06	1.97442e-06	1.52166e-06	1.13825e-06	9.74196e-07	8.10901e-07	6.37605e-07	4.51274e-07	3.46389e-07	2.78826e-07	2.09973e-07	1.61626e-07	1.23028e-07	8.29372e-08	5.39977e-08	2.53237e-08	7.83858e-09
7.6286e-06	1.95796e-06	1.51278e-06	1.13226e-06	9.70289e-07	8.09485e-07	6.36391e-07	4.50086e-07	3.5089e-07	2.80924e-07	2.15573e-07	1.68011e-07	1.3074e-07	8.97643e-08	6.2342e-08	3.83458e-08	9.72236e-09
7.53144e-06	1.93638e-06	1.49627e-06	1.12017e-06	9.59189e-07	8.00888e-07	6.28186e-07	4.4317e-07	3.4333e-07	2.71999e-07	2.08784e-07	1.59743e-07	1.18704e-07	8.05477e-08	5.11025e-08	3.05452e-08	8.20522e-09
7.4505e-06	1.93518e-06	1.49817e-06	1.12448e-06	9.61831e-07	8.01431e-07	6.32978e-07	4.47987e-07	3.48488e-07	2.78067e-07	2.15536e-07	1.67341e-07	1.27326e-07	8.69197e-08	5.78537e-08	3.24289e-08	5.67665e-09
7.38704e-06	1.92471e-06	1.48718e-06	1.11561e-06	9.54562e-07	7.96728e-07	6.28312e-07	4.44232e-07	3.45403e-07	2.75033e-07	2.13525e-07	1.66001e-07	1.27276e-07	8.62243e-08	5.93203e-08	3.46288e-08	7.86386e-09
7.33841e-06	1.91939e-06	1.48622e-06	1.11797e-06	9.57861e-07	8.00521e-07	6.32952e-07	4.49062e-07	3.52647e-07	2.81493e-07	2.20175e-07	1.74231e-07	1.36025e-07	9.59593e-08	6.81703e-08	4.29984e-08	1.55002e-08
7.29931e-06	1.91576e-06	1.47832e-06	1.10986e-06	9.492e-07	7.93815e-07	6.29352e-07	4.48264e-07	3.52163e-07	2.82689e-07	2.19802e-07	1.73995e-07	1.35889e-07	9.59238e-08	6.29883e-08	4.19122e-08	1.6158e-08
7.3164e-06	1.93065e-06	1.49162e-06	1.12137e-06	9.59012e-07	8.04465e-07	6.36935e-07	4.54713e-07	3.57578e-07	2.87119e-07	2.23804e-07	1.76798e-07	1.37845e-07	9.70213e-08	6.22029e-08	3.60827e-08	7.10529e-09
7.36995e-06	1.96265e-06	1.49999e-06	1.13934e-06	9.66622e-07	8.13867e-07	6.38911e-07	4.54194e-07	3.54401e-07	2.86128e-07	2.19612e-07	1.68824e-07	1.32324e-07	9.18527e-08	5.93724e-08	3.46423e-08	1.85855e-09
7.43819e-06	2.00448e-06	1.53971e-06	1.15578e-06	9.86965e-07	8.25545e-07	6.50673e-07	4.6145e-07	3.57533e-07	2.83341e-07	2.1963e-07	1.67741e-07	1.31492e-07	9.16907e-08	5.969e-08	3.58696e-08	5.94245e-09
7.54381e-06	2.05312e-06	1.58151e-06	1.19175e-06	1.01846e-06	8.52096e-07	6.72002e-07	4.76116e-07	3.72086e-07	2.97287e-07	2.32426e-07	1.8328e-07	1.45881e-07	1.04208e-07	7.26496e-08	4.80959e-08	2.27204e-08
7.62577e-06	2.09769e-06	1.61806e-06	1.22084e-06	1.0416e-06	8.68915e-07	6.89091e-07	4.87534e-07	3.82153e-07	3.01148e-07	2.37313e-07	1.86032e-07	1.44512e-07	1.00665e-07	6.88927e-08	3.99651e-08	9.62146e-09
7.65183e-06	2.13213e-06	1.63734e-06	1.23702e-06	1.05359e-06	8.80193e-07	6.94591e-07	4.92781e-07	3.85453e-07	3.07988e-07	2.3907e-07	1.87258e-07	1.46471e-07	1.04155e-07	7.48729e-08	4.78165e-08	1.84211e-08
7.63042e-06	2.15053e-06	1.65034e-06	1.24967e-06	1.05996e-06	8.87485e-07	6.97909e-07	4.96738e-07	3.8808e-07	3.0969e-07	2.41896e-07	1.90879e-07	1.50976e-07	1.08936e-07	7.28898e-08	4.80706e-08	2.13675e-08
7.53533e-06	2.14937e-06	1.65334e-06	1.24557e-06	1.05915e-06	8.84458e-07	6.94214e-07	4.90922e-07	3.83067e-07	3.06456e-07	2.37824e-07	1.86969e-07	1.44194e-07	1.02721e-07	6.90876e-08	4.50384e-08	2.22031e-08
7.45651e-06	2.14172e-06	1.65924e-06	1.24358e-06	1.06415e-06	8.87318e-07	6.94323e-07	4.92287e-07	3.84081e-07	3.09571e-07	2.40498e-07	1.85194e-07	1.4285e-07	1.0086e-07	6.75307e-08	4.10419e-08	9.76103e-09
7.35214e-06	2.13094e-06	1.64085e-06	1.2328e-06	1.05183e-06	8.75231e-07	6.86244e-07	4.83753e-07	3.74839e-07	2.98293e-07	2.30029e-07	1.78227e-07	1.39891e-07	1.00139e-07	7.03629e-08	4.70097e-08	1.69174e-08
7.25025e-06	2.11431e-06	1.62994e-06	1.2232e-06	1.03731e-06	8.66443e-07	6.77658e-07	4.80048e-07	3.69908e-07	2.91946e-07	2.27361e-07	1.73372e-07	1.35428e-07	9.36275e-08	6.37122e-08	3.66924e-08	9.83689e-09
7.21283e-06	2.12436e-06	1.63518e-06	1.23074e-06	1.04492e-06	8.74649e-07	6.89316e-07	4.90163e-07	3.84157e-07	3.05677e-07	2.39828e-07	1.87837e-07	1.47427e-07	1.05677e-07	7.27146e-08	4.22557e-08	1.21886e-08
7.20765e-06	2.12041e-06	1.62994e-06	1.22923e-06	1.04276e-06	8.72879e-07	6.88001e-07	4.87609e-07	3.83285e-07	3.06246e-07	2.39537e-07	1.91845e-07	1.49791e-07	1.07827e-07	7.13491e-08	4.45063e-08	2.03692e-08
7.25174e-06	2.13037e-06	1.62957e-06	1.23624e-06	1.04391e-06	8.73941e-07	6.8905e-07	4.88431e-07	3.79428e-07	3.02655e-07	2.35074e-07	1.84701e-07	1.45303e-07	1.02794e-07	7.01353e-08	4.49109e-08	1.87887e-08
7.33563e-06	2.15426e-06	1.64725e-06	1.24215e-06	1.05326e-06	8.80058e-07	6.90889e-07	4.89935e-07	3.82043e-07	3.04218e-07	2.36091e-07	1.91736e-07	1.54157e-07	1.04238e-07	8.25157e-08	5.65193e-08	2.31135e-08
7.44007e-06	2.20396e-06	1.66093e-06	1.25388e-06	1.05877e-06	8.81338e-07	6.86244e-07	4.84752e-07	3.75585e-07	2.97952e-07	2.24213e-07	1.76419e-07	1.36326e-07	8.92148e-08	6.12467e-08	3.24314e-08	6.35984e-09
7.56567e-06	2.2702e-06	1.7101e-06	1.28478e-06	1.08551e-06	9.06398e-07	7.05133e-07	4.98053e-07	3.86421e-07	3.06891e-07	2.36945e-07	1.89645e-07	1.43583e-07	1.04564e-07	7.71653e-08	4.89316e-08	1.90163e-08
7.71477e-06	2.35114e-06	1.76582e-06	1.32057e-06	1.11418e-06	9.28801e-07	7.25749e-07	5.14465e-07	3.99795e-07	3.18203e-07	2.46396e-07	1.91875e-07	1.48442e-07	1.03151e-07	6.95049e-08	4.09544e-08	1.01027e-08
7.83029e-06	2.41645e-06	1.79948e-06	1.34569e-06	1.13419e-06	9.45227e-07	7.39322e-07	5.24112e-07	4.08775e-07	3.21621e-07	2.49539e-07	1.95537e-07	1.49109e-07	1.05247e-07	7.41054e-08	4.52902e-08	1.5691e-08
7.95042e-06	2.44533e-06	1.81692e-06	1.35857e-06	1.14406e-06	9.49147e-07	7.42673e-07	5.24365e-07	4.09192e-07	3.25541e-07	2.50689e-07	1.96346e-07	1.52775e-07	1.09913e-07	8.18814e-08	5.56328e-08	3.27601e-08
8.05213e-06	2.46844e-06	1.82009e-06	1.36328e-06	1.14591e-06	9.53939e-07	7.42205e-07	5.25262e-07	4.07548e-07	3.22746e-07	2.48224e-07	1.93691e-07	1.50891e-07	1.08535e-07	7.61032e-08	5.21811e-08	2.24301e-08
8.15522e-06	2.48776e-06	1.82506e-06	1.37129e-06	1.14847e-06	9.60726e-07	7.46668e-07	5.28374e-07	4.08214e-07	3.23698e-07	2.50664e-07	1.9604e-07	1.51734e-07	1.11967e-07	7.9736e-08	5.34102e-08	2.37463e-08
8.23165e-06	2.50559e-06	1.84224e-06	1.38774e-06	1.16251e-06	9.7485e-07	7.55266e-07	5.3591e-07	4.15965e-07	3.29945e-07	2.58402e-07	2.04107e-07	1.60559e-07	1.20059e-07	8.46294e-08	5.70392e-08	2.3367e-08
8.24399e-06	2.50594e-06	1.84497e-06	1.38162e-06	1.15832e-06	9.65734e-07	7.47098e-07	5.24808e-07	4.0499e-07	3.21511e-07	2.46542e-07	1.92348e-07	1.48699e-07	1.05442e-07	7.34264e-08	4.67845e-08	2.08001e-08
8.23548e-06	2.52822e-06	1.85898e-06	1.39209e-06	1.16802e-06	9.71942e-07	7.53155e-07	5.25011e-07	4.04509e-07	3.19993e-07	2.45391e-07	1.90982e-07	1.48256e-07	1.05771e-07	7.37425e-08	4.36108e-08	1.54136e-08
8.2557e-06	2.55958e-06	1.87912e-06	1.41222e-06	1.18218e-06	9.82943e-07	7.60937e-07	5.30801e-07	4.07116e-07	3.2192e-07	2.4866e-07	1.95377e-07	1.5173e-07	1.08626e-07	7.89753e-08	5.01972e-08	2.45549e-08
8.31757e-06	2.61048e-06	1.92675e-06	1.45304e-06	1.21152e-06	1.00515e-06	7.78727e-07	5.49628e-07	4.25071e-07	3.35955e-07	2.63706e-07	2.06529e-07	1.62427e-07	1.18792e-07	8.57146e-08	6.02999e-08	3.75531e-08
8.3727e-06	2.62768e-06	1.94332e-06	1.45355e-06	1.21265e-06	1.00348e-06	7.76123e-07	5.38678e-07	4.123e-07	3.22982e-07	2.48748e-07	1.91331e-07	1.51022e-07	1.05945e-07	7.58143e-08	5.24226e-08	2.60596e-08
8.43946e-06	2.66006e-06	1.97636e-06	1.48476e-06	1.24512e-06	1.03367e-06	8.01234e-07	5.63322e-07	4.33757e-07	3.44426e-07	2.68321e-07	2.11941e-07	1.67927e-07	1.18564e-07	8.16685e-08	5.21065e-08	1.7942e-08
8.45855e-06	2.67847e-06	1.98325e-06	1.49346e-06	1.25081e-06	1.04073e-06	8.06418e-07	5.64081e-07	4.38195e-07	3.50862e-07	2.68966e-07	2.16202e-07	1.68129e-07	1.21523e-07	8.95458e-08	6.04643e-08	1.83972e-08
8.4015e-06	2.64169e-06	1.96342e-06	1.47433e-06	1.23414e-06	1.02482e-06	7.9168e-07	5.51991e-07	4.25945e-07	3.36402e-07	2.59047e-07	2.03072e-07	1.56783e-07	1.10697e-07	7.61917e-08	5.06385e-08	1.44519e-08
8.29453e-06	2.61689e-06	1.95328e-06	1.47498e-06	1.23847e-06	1.03083e-06	7.9784e-07	5.60049e-07	4.34906e-07	3.43588e-07	2.69074e-07	2.09342e-07	1.6238e-07	1.1509e-07	7.7283e-08	3.99439e-08	5.46241e-09
8.10526e-06	2.56542e-06	1.92253e-06	1.45693e-06	1.22417e-06	1.02066e-06	7.89614e-07	5.55369e-07	4.29471e-07	3.39925e-07	2.67171e-07	2.12877e-07	1.6517e-07	1.19715e-07	8.55376e-08	5.49641e-08	2.11916e-08
7.89303e-06	2.50168e-06	1.88083e-06	1.42181e-06	1.19391e-06	9.9608e-07	7.76123e-07	5.4543e-07	4.18723e-07	3.33072e-07	2.58396e-07	2.02496e-07	1.55485e-07	1.09549e-07	7.60292e-08	4.61132e-08	1.3643e-08
7.69134e-06	2.43949e-06	1.83604e-06	1.40004e-06	1.17507e-06	9.82501e-07	7.61089e-07	5.35353e-07	4.1096e-07	3.27129e-07	2.52896e-07	1.98311e-07	1.52261e-07	1.06691e-07	7.3513e-08	4.51775e-08	1.37821e-08
7.53819e-06	2.37892e-06	1.8105e-06	1.37286e-06	1.16313e-06	9.71297e-07	7.53521e-07	5.27906e-07	4.09731e-07	3.26227e-07	2.56152e-07	2.02855e-07	1.55464e-07	1.11044e-07	7.70933e-08	4.92249e-08	1.96369e-08
7.39394e-06	2.33059e-06	1.78344e-06	1.35512e-06	1.14566e-06	9.57464e-07	7.46934e-07	5.25352e-07	4.05356e-07	3.22965e-07	2.52383e-07	1.96482e-07	1.50747e-07	1.06618e-07	7.44127e-08	4.71386e-08	1.67918e-08
7.25408e-06	2.28939e-06	1.76108e-06	1.34202e-06	1.13371e-06	9.52114e-07	7.42995e-07	5.27781e-07	4.08932e-07	3.26349e-07	2.55475e-07	2.0238e-07	1.58983e-07	1.13778e-07	7.9953e-08	5.15148e-08	1.74751e-08
7.10935e-06	2.23863e-06	1.73484e-06	1.32264e-06	1.11931e-06	9.37841e-07	7.34663e-07	5.23177e-07	4.07268e-07	3.26194e-07	2.55475e-07	2.01813e-07	1.59139e-07	1.15542e-07	8.16812e-08	5.15628e-08	1.52615e-08
6.95568e-06	2.16643e-06	1.69222e-06	1.28101e-06	1.08682e-06	9.10452e-07	7.13628e-07	5.07321e-07	3.97706e-07	3.1553e-07	2.45265e-07	1.95837e-07	1.54212e-07	1.08338e-07	7.49564e-08	4.58994e-08	1.98645e-08
6.8315e-06	2.12352e-06	1.65667e-06	1.26892e-06	1.07885e-06	9.09164e-07	7.17909e-07	5.1602e-07	4.07597e-07	3.28685e-07	2.59483e-07	2.07617e-07	1.66233e-07	1.20714e-07	8.53606e-08	5.28652e-08	2.0787e-08
6.68559e-06	2.05964e-06	1.61275e-06	1.23505e-06	1.05232e-06	8.89971e-07	7.04253e-07	5.05285e-07	3.97178e-07	3.23374e-07	2.52933e-07	2.05341e-07	1.62629e-07	1.18147e-07	8.38433e-08	5.23847e-08	1.85363e-08
6.58785e-06	2.00535e-06	1.57902e-06	1.20975e-06	1.03147e-06	8.69572e-07	6.9145e-07	4.96257e-07	3.95279e-07	3.18451e-07	2.52459e-07	2.0178e-07	1.59371e-07	1.16342e-07	7.95084e-08	4.88329e-08	1.52998e-08
6.5474e-06	1.96069e-06	1.55834e-06	1.18544e-06	1.01627e-06	8.57222e-07	6.78712e-07	4.89556e-07	3.85381e-07	3.09529e-07	2.45271e-07	1.91609e-07	1.50288e-07	1.06944e-07	7.46257e-08	4.5266e-08	1.92444e-08
6.56981e-06	1.97748e-06	1.55665e-06	1.18597e-06	1.01484e-06	8.54302e-07	6.76158e-07	4.84486e-07	3.79008e-07	3.0394e-07	2.36117e-07	1.87905e-07	1.47797e-07	1.0525e-07	7.43981e-08	4.57086e-08	2.16594e-08
6.68937e-06	2.03213e-06	1.59846e-06	1.22177e-06	1.04774e-06	8.8442e-07	7.00688e-07	5.04463e-07	3.96887e-07	3.19796e-07	2.50695e-07	2.0046e-07	1.5728e-07	1.12255e-07	7.72304e-08	4.50005e-08	1.11901e-08
6.85461e-06	2.08383e-06	1.63185e-06	1.2492e-06	1.0714e-06	9.04198e-07	7.18232e-07	5.17777e-07	4.07409e-07	3.25895e-07	2.56518e-07	2.04324e-07	1.61335e-07	1.15742e-07	8.22101e-08	5.39133e-08	2.78164e-08
7.02798e-06	2.13674e-06	1.67074e-06	1.28382e-06	1.10195e-06	9.32039e-07	7.39638e-07	5.3582e-07	4.1932e-07	3.39575e-07	2.66165e-07	2.10558e-07	1.63409e-07	1.16614e-07	8.07814e-08	4.93741e-08	1.73853e-08
7.17168e-06	2.17061e-06	1.69577e-06	1.30829e-06	1.12543e-06	9.53432e-07	7.58396e-07	5.50665e-07	4.3358e-07	3.49813e-07	2.76262e-07	2.1648e-07	1.70089e-07	1.22218e-07	8.54365e-08	5.15249e-08	1.53373e-08
7.29703e-06	2.19714e-06	1.71467e-06	1.32668e-06	1.14049e-06	9.69666e-07	7.70377e-07	5.52942e-07	4.35855e-07	3.48216e-07	2.70794e-07	2.12642e-07	1.67628e-07	1.17012e-07	7.87244e-08	4.77328e-08	1.52492e-08
7.42512e-06	2.23643e-06	1.73309e-06	1.34772e-06	1.15713e-06	9.86091e-07	7.84361e-07	5.65814e-07	4.46198e-07	3.56814e-07	2.79202e-07	2.19331e-07	1.71067e-07	1.2011e-07	8.09119e-08	4.75558e-08	1.45158e-08
7.57393e-06	2.27211e-06	1.76047e-06	1.36856e-06	1.17878e-06	1.00394e-06	7.96227e-07	5.74752e-07	4.50422e-07	3.57817e-07	2.77691e-07	2.15317e-07	1.65019e-07	1.1692e-07	7.64844e-08	3.89566e-08	3.1231e-09
7.71236e-06	2.2888e-06	1.7846e-06	1.38419e-06	1.19498e-06	1.01527e-06	8.10257e-07	5.81873e-07	4.53329e-07	3.60544e-07	2.79771e-07	2.16751e-07	1.65529e-07	1.11132e-07	7.31862e-08	3.62264e-08	1.08742e-08
7.8189e-06	2.31844e-06	1.81124e-06	1.40848e-06	1.21762e-06	1.03636e-06	8.25953e-07	5.96348e-07	4.68099e-07	3.74393e-07	2.91157e-07	2.25091e-07	1.75311e-07	1.2476e-07	8.43364e-08	4.99444e-08	1.91179e-08
7.86814e-06	2.33015e-06	1.82625e-06	1.42117e-06	1.23108e-06	1.04599e-06	8.3174e-07	5.99234e-07	4.68288e-07	3.72594e-07	2.89975e-07	2.21126e-07	1.71092e-07	1.18769e-07	8.01785e-08	4.87444e-08	1.76264e-08
7.87222e-06	2.31181e-06	1.83185e-06	1.42377e-06	1.23381e-06	1.04651e-06	8.29009e-07	5.97249e-07	4.62193e-07	3.68927e-07	2.82085e-07	2.17232e-07	1.66237e-07	1.14584e-07	7.55254e-08	4.16888e-08	1.1949e-08
7.86069e-06	2.32082e-06	1.8305e-06	1.42562e-06	1.23372e-06	1.04969e-06	8.30762e-07	5.94993e-07	4.62726e-07	3.67632e-07	2.82197e-07	2.20824e-07	1.68365e-07	1.17651e-07	7.95676e-08	4.60235e-08	1.35795e-08
7.79841e-06	2.29758e-06	1.8197e-06	1.40648e-06	1.21973e-06	1.03089e-06	8.23433e-07	5.80628e-07	4.50551e-07	3.56585e-07	2.79384e-07	2.1958e-07	1.68411e-07	1.16712e-07	8.52678e-08	5.7313e-08	2.72468e-08
7.72002e-06	2.30779e-06	1.80967e-06	1.4054e-06	1.21159e-06	1.02332e-06	8.1205e-07	5.80238e-07	4.49766e-07	3.58377e-07	2.77393e-07	2.14856e-07	1.6724e-07	1.19611e-07	8.50929e-08	6.10064e-08	3.44671e-08
7.64797e-06	2.30695e-06	1.80627e-06	1.39966e-06	1.2066e-06	1.01699e-06	8.044e-07	5.73107e-07	4.42496e-07	3.53686e-07	2.71185e-07	2.09331e-07	1.6131e-07	1.14439e-07	7.80124e-08	4.41522e-08	1.50461e-08
7.59446e-06	2.29231e-06	1.79066e-06	1.38029e-06	1.18382e-06	9.99064e-07	7.85118e-07	5.5672e-07	4.29612e-07	3.38779e-07	2.59401e-07	1.9823e-07	1.50386e-07	9.93931e-08	6.58364e-08	3.75648e-08	9.84954e-09
7.60586e-06	2.30738e-06	1.79609e-06	1.38201e-06	1.18434e-06	9.97345e-07	7.85806e-07	5.5768e-07	4.31042e-07	3.44422e-07	2.654e-07	2.05722e-07	1.56843e-07	1.10062e-07	7.68219e-08	4.63764e-08	2.04698e-08
7.67121e-06	2.31548e-06	1.79751e-06	1.38101e-06	1.18032e-06	9.93539e-07	7.81988e-07	5.53242e-07	4.29702e-07	3.42803e-07	2.60835e-07	2.02309e-07	1.53581e-07	1.10289e-07	7.45587e-08	4.23431e-08	1.35791e-08
7.77162e-06	2.33391e-06	1.80807e-06	1.3868e-06	1.18486e-06	9.97813e-07	7.81961e-07	5.54706e-07	4.31286e-07	3.43368e-07	2.58205e-07	2.05421e-07	1.58794e-07	1.0821e-07	7.1546e-08	3.45529e-08	6.65015e-09
7.91952e-06	2.36726e-06	1.81783e-06	1.39269e-06	1.18303e-06	9.93008e-07	7.73326e-07	5.44111e-07	4.1882e-07	3.30965e-07	2.52352e-07	1.92993e-07	1.46758e-07	9.91453e-08	6.53257e-08	3.66137e-08	8.95115e-09
8.10953e-06	2.41585e-06	1.84209e-06	1.40089e-06	1.19173e-06	9.94829e-07	7.75103e-07	5.44871e-07	4.19779e-07	3.30265e-07	2.51701e-07	1.93023e-07	1.47066e-07	1.0136e-07	6.73755e-08	4.27592e-08	1.71947e-08
8.22411e-06	2.44785e-06	1.85218e-06	1.40544e-06	1.1888e-06	9.92541e-07	7.69344e-07	5.38169e-07	4.14079e-07	3.25731e-07	2.47939e-07	1.89011e-07	1.43876e-07	9.82351e-08	6.549e-08	4.03181e-08	1.42359e-08
8.26074e-06	2.48104e-06	1.8696e-06	1.40974e-06	1.19019e-06	9.94753e-07	7.73017e-07	5.43745e-07	4.18957e-07	3.30935e-07	2.53053e-07	1.93845e-07	1.47774e-07	1.00703e-07	6.61239e-08	3.60584e-08	5.72736e-09
8.23655e-06	2.48119e-06	1.85912e-06	1.39764e-06	1.17363e-06	9.78532e-07	7.59147e-07	5.33024e-07	4.07224e-07	3.20833e-07	2.4768e-07	1.88459e-07	1.44486e-07	9.94639e-08	6.41894e-08	4.06352e-08	1.68407e-08
8.16898e-06	2.4618e-06	1.84541e-06	1.38088e-06	1.16483e-06	9.66622e-07	7.46605e-07	5.26917e-07	4.04101e-07	3.18937e-07	2.46416e-07	1.87233e-07	1.42034e-07	9.54687e-08	6.35067e-08	3.7348e-08	1.20616e-08
8.07172e-06	2.45062e-06	1.82981e-06	1.36623e-06	1.15665e-06	9.58949e-07	7.47636e-07	5.24375e-07	4.02764e-07	3.18297e-07	2.46624e-07	1.87671e-07	1.42435e-07	9.88166e-08	6.54142e-08	4.0002e-08	1.43749e-08
7.9799e-06	2.41327e-06	1.80203e-06	1.34003e-06	1.13387e-06	9.42752e-07	7.28032e-07	5.10304e-07	3.98956e-07	3.15612e-07	2.40739e-07	1.82289e-07	1.39555e-07	9.48239e-08	6.28366e-08	3.57296e-08	1.13662e-08
7.94143e-06	2.39748e-06	1.77976e-06	1.31779e-06	1.11222e-06	9.22954e-07	7.18722e-07	5.02377e-07	3.87276e-07	3.04567e-07	2.33299e-07	1.77923e-07	1.35468e-07	8.91448e-08	5.60837e-08	2.64742e-08	-1.70679e-09
7.84787e-06	2.38809e-06	1.76269e-06	1.30156e-06	1.09481e-06	9.07406e-07	7.06478e-07	4.9603e-07	3.83056e-07	3.01499e-07	2.32433e-07	1.75605e-07	1.3367e-07	8.76887e-08	5.21884e-08	2.2036e-08	-6.23277e-09
7.94182e-06	2.39351e-06	1.76235e-06	1.29099e-06	1.08764e-06	8.97239e-07	7.00238e-07	4.91896e-07	3.80538e-07	3.02354e-07	2.31895e-07	1.76886e-07	1.37605e-07	9.41767e-08	6.13685e-08	3.61459e-08	7.32022e-09
7.93466e-06	2.40928e-06	1.75156e-06	1.28863e-06	1.07556e-06	8.89782e-07	6.89461e-07	4.81592e-07	3.7207e-07	2.94584e-07	2.2792e-07	1.74682e-07	1.38651e-07	9.84728e-08	6.86111e-08	4.24916e-08	1.24529e-08
8.01286e-06	2.42194e-06	1.7486e-06	1.28219e-06	1.06416e-06	8.79491e-07	6.77843e-07	4.75284e-07	3.65142e-07	2.89261e-07	2.22079e-07	1.73949e-07	1.3525e-07	9.38456e-08	6.30863e-08	4.11262e-08	1.60813e-08
8.09892e-06	2.44782e-06	1.76065e-06	1.27807e-06	1.06464e-06	8.75307e-07	6.76376e-07	4.73678e-07	3.65888e-07	2.91904e-07	2.26554e-07	1.79663e-07	1.41394e-07	1.04326e-07	6.36805e-08	4.88887e-08	2.08349e-08
8.16511e-06	2.48034e-06	1.75715e-06	1.27451e-06	1.0577e-06	8.7116e-07	6.72293e-07	4.70758e-07	3.65761e-07	2.91954e-07	2.28072e-07	1.80675e-07	1.41698e-07	1.01874e-07	6.85605e-08	4.38064e-08	1.05945e-08
8.19714e-06	2.47685e-06	1.74953e-06	1.25626e-06	1.04181e-06	8.5335e-07	6.57535e-07	4.57939e-07	3.55904e-07	2.83236e-07	2.20733e-07	1.73831e-07	1.34286e-07	9.2933e-08	6.01011e-08	3.30468e-08	1.378e-09
8.21261e-06	2.47325e-06	1.71806e-06	1.23519e-06	1.01851e-06	8.29578e-07	6.37412e-07	4.42135e-07	3.43662e-07	2.73875e-07	2.13798e-07	1.69625e-07	1.29839e-07	8.93701e-08	5.8181e-08	3.42613e-08	5.765e-09
8.24238e-06	2.48636e-06	1.7032e-06	1.22714e-06	1.00789e-06	8.25006e-07	6.35221e-07	4.4378e-07	3.47143e-07	2.82023e-07	2.2397e-07	1.78774e-07	1.41656e-07	1.00645e-07	7.27054e-08	4.49052e-08	1.78255e-08
8.3502e-06	2.46415e-06	1.6852e-06	1.19995e-06	9.86169e-07	8.01201e-07	6.15651e-07	4.29292e-07	3.37307e-07	2.70202e-07	2.12528e-07	1.70316e-07	1.35348e-07	9.59545e-08	6.933e-08	4.39697e-08	2.01391e-08
8.44274e-06	2.46394e-06	1.67578e-06	1.18858e-06	9.76396e-07	7.95671e-07	6.11128e-07	4.26382e-07	3.37265e-07	2.72599e-07	2.15758e-07	1.72166e-07	1.36818e-07	9.60201e-08	6.48183e-08	3.53991e-08	5.63857e-09
8.53415e-06	2.447e-06	1.65521e-06	1.17749e-06	9.68343e-07	7.91853e-07	6.08119e-07	4.31288e-07	3.40464e-07	2.77529e-07	2.22003e-07	1.7539e-07	1.37816e-07	9.82452e-08	6.41483e-08	3.36924e-08	8.63486e-09
8.59976e-06	2.41349e-06	1.63071e-06	1.15244e-06	9.49657e-07	7.75026e-07	5.98283e-07	4.23424e-07	3.33447e-07	2.73079e-07	2.15543e-07	1.74631e-07	1.39068e-07	9.91428e-08	6.82697e-08	4.20617e-08	1.05439e-08
8.57464e-06	2.36619e-06	1.59038e-06	1.11769e-06	9.22463e-07	7.55607e-07	5.82973e-07	4.11034e-07	3.28896e-07	2.66859e-07	2.13608e-07	1.7448e-07	1.42481e-07	1.03403e-07	7.25935e-08	4.89772e-08	2.25164e-08
8.50306e-06	2.31699e-06	1.55346e-06	1.09369e-06	9.04576e-07	7.42035e-07	5.76776e-07	4.07965e-07	3.26953e-07	2.70442e-07	2.1957e-07	1.78521e-07	1.47712e-07	1.0981e-07	8.05057e-08	5.38306e-08	2.38559e-08
8.37283e-06	2.23906e-06	1.49917e-06	1.05244e-06	8.72225e-07	7.14513e-07	5.58647e-07	3.978e-07	3.17851e-07	2.63312e-07	2.12642e-07	1.74425e-07	1.42162e-07	1.04324e-07	7.45891e-08	4.88243e-08	1.59039e-08
8.18513e-06	2.16674e-06	1.46248e-06	1.03013e-06	8.58597e-07	7.04551e-07	5.59305e-07	4.06233e-07	3.30455e-07	2.75284e-07	2.25196e-07	1.88521e-07	1.55373e-07	1.17067e-07	8.51833e-08	5.54994e-08	1.58028e-08
7.9579e-06	2.09542e-06	1.41834e-06	1.00422e-06	8.44223e-07	6.97838e-07	5.57927e-07	4.09241e-07	3.35664e-07	2.83831e-07	2.34425e-07	1.97219e-07	1.62225e-07	1.22769e-07	8.85461e-08	5.67889e-08	1.41972e-08
7.73698e-06	2.00064e-06	1.35815e-06	9.56636e-07	8.0332e-07	6.63531e-07	5.29584e-07	3.86167e-07	3.12941e-07	2.60752e-07	2.10966e-07	1.76717e-07	1.43417e-07	9.94083e-08	6.82445e-08	4.05952e-08	1.33885e-08
7.61398e-06	1.96936e-06	1.34435e-06	9.56145e-07	8.06781e-07	6.73106e-07	5.42692e-07	4.03391e-07	3.33784e-07	2.81636e-07	2.34267e-07	1.97467e-07	1.63472e-07	1.24978e-07	9.33225e-08	6.39933e-08	3.14404e-08
7.54799e-06	1.93576e-06	1.32994e-06	9.43236e-07	8.00405e-07	6.67118e-07	5.39001e-07	3.99659e-07	3.2732e-07	2.74058e-07	2.23944e-07	1.83338e-07	1.48331e-07	1.08306e-07	7.57396e-08	4.52845e-08	2.34766e-08
7.56474e-06	1.9436e-06	1.34458e-06	9.62137e-07	8.24998e-07	6.90691e-07	5.6259e-07	4.22821e-07	3.48967e-07	2.94051e-07	2.42282e-07	2.00526e-07	1.64433e-07	1.23398e-07	8.81646e-08	5.4613e-08	1.95065e-08
7.61201e-06	1.95845e-06	1.36826e-06	9.89595e-07	8.49052e-07	7.1024e-07	5.82819e-07	4.37446e-07	3.6196e-07	3.03161e-07	2.5024e-07	2.06941e-07	1.6909e-07	1.24665e-07	8.689e-08	5.07332e-08	1.80657e-08
7.69088e-06	1.98078e-06	1.39615e-06	1.01461e-06	8.75699e-07	7.37111e-07	6.04023e-07	4.5546e-07	3.75231e-07	3.14938e-07	2.57213e-07	2.1218e-07	1.70105e-07	1.23353e-07	8.39718e-08	4.77762e-08	1.56388e-08
7.75603e-06	2.0163e-06	1.43169e-06	1.05731e-06	9.12575e-07	7.7655e-07	6.37921e-07	4.79127e-07	3.96025e-07	3.3295e-07	2.75425e-07	2.24954e-07	1.83802e-07	1.31941e-07	8.85506e-08	4.76636e-08	8.4075e-09
7.8106e-06	2.05665e-06	1.47824e-06	1.09942e-06	9.53968e-07	8.15065e-07	6.69777e-07	5.0794e-07	4.19353e-07	3.51046e-07	2.87062e-07	2.33647e-07	1.86111e-07	1.30863e-07	8.45028e-08	4.30479e-08	3.88126e-09
7.84841e-06	2.09752e-06	1.52211e-06	1.14383e-06	9.92819e-07	8.51822e-07	6.99118e-07	5.35869e-07	4.40956e-07	3.7104e-07	3.00149e-07	2.45113e-07	1.94376e-07	1.39467e-07	9.47986e-08	5.2583e-08	1.49822e-08
7.88716e-06	2.15291e-06	1.57929e-06	1.19004e-06	1.03699e-06	8.93696e-07	7.38286e-07	5.60763e-07	4.60515e-07	3.87412e-07	3.10858e-07	2.55885e-07	2.00534e-07	1.47925e-07	1.02359e-07	5.71219e-08	2.32887e-08
7.83608e-06	2.18365e-06	1.61847e-06	1.22835e-06	1.07128e-06	9.22029e-07	7.60513e-07	5.7596e-07	4.68746e-07	3.89258e-07	3.1211e-07	2.48755e-07	1.96627e-07	1.40453e-07	9.34078e-08	5.51622e-08	1.29466e-08
7.68867e-06	2.19387e-06	1.66823e-06	1.2682e-06	1.11496e-06	9.57026e-07	7.92639e-07	6.0045e-07	4.88697e-07	4.04986e-07	3.24892e-07	2.6026e-07	2.04693e-07	1.4149e-07	9.28768e-08	5.4568e-08	1.89521e-08
7.32761e-06	2.18467e-06	1.6719e-06	1.2858e-06	1.12526e-06	9.68292e-07	7.95633e-07	6.08612e-07	4.94159e-07	3.98139e-07	3.24812e-07	2.52105e-07	1.94733e-07	1.37728e-07	9.43134e-08	5.8674e-08	2.51839e-08
7.04838e-06	2.18889e-06	1.70464e-06	1.32094e-06	1.15312e-06	9.95032e-07	8.13995e-07	6.09646e-07	4.87598e-07	3.99077e-07	3.1311e-07	2.45082e-07	1.87535e-07	1.29001e-07	7.95954e-08	4.28824e-08	1.5019e-08
6.87461e-06	2.24555e-06	1.76996e-06	1.38061e-06	1.20781e-06	1.041e-06	8.47952e-07	6.35019e-07	5.08647e-07	4.1732e-07	3.30329e-07	2.58887e-07	1.99279e-07	1.38546e-07	8.80405e-08	4.48293e-08	7.93932e-09
6.81147e-06	2.34708e-06	1.85058e-06	1.44636e-06	1.25512e-06	1.0802e-06	8.70379e-07	6.42402e-07	5.09014e-07	4.14399e-07	3.25221e-07	2.52415e-07	1.92238e-07	1.31884e-07	8.36536e-08	4.54994e-08	9.11504e-09
6.86694e-06	2.47429e-06	1.96666e-06	1.52889e-06	1.31819e-06	1.12415e-06	8.96308e-07	6.5244e-07	5.12402e-07	4.16599e-07	3.19102e-07	2.52389e-07	1.94741e-07	1.36397e-07	9.16435e-08	5.64223e-08	2.13148e-08
6.99013e-06	2.5948e-06	2.04857e-06	1.57629e-06	1.34673e-06	1.13724e-06	8.96943e-07	6.37771e-07	4.93085e-07	3.88119e-07	2.97755e-07	2.24343e-07	1.68984e-07	1.12083e-07	6.84306e-08	3.27805e-08	3.60294e-09
7.17431e-06	2.70886e-06	2.11482e-06	1.60686e-06	1.35515e-06	1.13248e-06	8.79235e-07	6.13028e-07	4.64831e-07	3.62181e-07	2.7254e-07	2.04844e-07	1.54303e-07	1.01942e-07	6.09577e-08	2.93411e-08	3.0087e-09
7.46878e-06	2.85359e-06	2.1547e-06	1.61809e-06	1.34967e-06	1.12072e-06	8.58494e-07	5.92307e-07	4.44239e-07	3.4426e-07	2.57945e-07	1.91882e-07	1.43276e-07	9.63012e-08	6.15377e-08	3.7671e-08	1.12887e-08
7.81693e-06	2.95517e-06	2.17129e-06	1.60052e-06	1.31985e-06	1.08702e-06	8.24678e-07	5.60779e-07	4.16391e-07	3.1971e-07	2.36531e-07	1.767e-07	1.3511e-07	8.9399e-08	5.63674e-08	3.56104e-08	1.88734e-08
8.07927e-06	3.03464e-06	2.17284e-06	1.57996e-06	1.29047e-06	1.05543e-06	7.91634e-07	5.30781e-07	3.91412e-07	2.9688e-07	2.17278e-07	1.60102e-07	1.18082e-07	7.52914e-08	4.51546e-08	2.52193e-08	5.91611e-09
8.1356e-06	2.97875e-06	2.12482e-06	1.5347e-06	1.25198e-06	1.01613e-06	7.59007e-07	5.07332e-07	3.72943e-07	2.81508e-07	2.05155e-07	1.51607e-07	1.09701e-07	6.96787e-08	4.30309e-08	2.78361e-08	4.63934e-09
7.99884e-06	2.83877e-06	2.02389e-06	1.4666e-06	1.19883e-06	9.77043e-07	7.32858e-07	4.90114e-07	3.63521e-07	2.78317e-07	2.05565e-07	1.55163e-07	1.15102e-07	7.51669e-08	5.43715e-08	3.46632e-08	1.28691e-08
7.74016e-06	2.63024e-06	1.89168e-06	1.37777e-06	1.13417e-06	9.25944e-07	6.97378e-07	4.66764e-07	3.46628e-07	2.65859e-07	1.96392e-07	1.481e-07	1.11691e-07	7.40689e-08	5.30328e-08	3.46135e-08	1.21109e-08
7.48004e-06	2.44123e-06	1.77859e-06	1.29718e-06	1.07453e-06	8.80995e-07	6.67851e-07	4.47476e-07	3.34286e-07	2.58248e-07	1.89505e-07	1.4248e-07	1.04746e-07	6.70998e-08	4.08313e-08	2.25141e-08	-3.16032e-10
7.2053e-06	2.26747e-06	1.67274e-06	1.22007e-06	1.01876e-06	8.3204e-07	6.36775e-07	4.36441e-07	3.24392e-07	2.47244e-07	1.86985e-07	1.44979e-07	1.10785e-07	7.28119e-08	5.13096e-08	3.26389e-08	1.31087e-08
6.92575e-06	2.10578e-06	1.57577e-06	1.14709e-06	9.62874e-07	7.8655e-07	6.01049e-07	4.09771e-07	3.07584e-07	2.36051e-07	1.77752e-07	1.40817e-07	1.07483e-07	7.24561e-08	5.46454e-08	2.8808e-08	7.82455e-09
6.63451e-06	1.96755e-06	1.47282e-06	1.07709e-06	9.05236e-07	7.44122e-07	5.6851e-07	3.86212e-07	2.89476e-07	2.26894e-07	1.71592e-07	1.33292e-07	1.02222e-07	7.2745e-08	5.2255e-08	3.64799e-08	1.57245e-08
6.4473e-06	1.8758e-06	1.41428e-06	1.03422e-06	8.76887e-07	7.24638e-07	5.56716e-07	3.85216e-07	2.96977e-07	2.34914e-07	1.82243e-07	1.46662e-07	1.14708e-07	8.2438e-08	6.19612e-08	3.95252e-08	1.60275e-08
6.35511e-06	1.80783e-06	1.35278e-06	9.73936e-07	8.18477e-07	6.71588e-07	5.21083e-07	3.57244e-07	2.74717e-07	2.15019e-07	1.65887e-07	1.29459e-07	1.02245e-07	7.16561e-08	5.22031e-08	3.51644e-08	1.58126e-08
6.45537e-06	1.79268e-06	1.32788e-06	9.35802e-07	7.88331e-07	6.42617e-07	4.97042e-07	3.40812e-07	2.607e-07	2.03681e-07	1.56319e-07	1.22001e-07	9.42564e-08	6.61577e-08	4.42147e-08	2.76816e-08	9.51791e-09
6.67785e-06	1.78736e-06	1.31017e-06	9.10842e-07	7.62722e-07	6.19113e-07	4.77805e-07	3.25678e-07	2.50739e-07	1.96908e-07	1.51065e-07	1.18987e-07	9.03081e-08	6.4941e-08	4.00162e-08	2.00081e-08	4.5628e-09
6.75719e-06	1.79496e-06	1.27484e-06	8.86003e-07	7.40419e-07	5.99841e-07	4.61727e-07	3.16143e-07	2.41266e-07	1.89936e-07	1.46152e-07	1.15956e-07	8.79847e-08	6.07462e-08	3.91198e-08	2.72511e-08	1.00612e-08
6.9659e-06	1.76433e-06	1.24084e-06	8.58531e-07	7.18946e-07	5.8156e-07	4.51858e-07	3.10137e-07	2.35604e-07	1.83215e-07	1.43011e-07	1.10099e-07	8.39232e-08	5.37664e-08	3.60592e-08	1.85667e-08	-2.21183e-09
7.11642e-06	1.71792e-06	1.19196e-06	8.1025e-07	6.74987e-07	5.43567e-07	4.18959e-07	2.82331e-07	2.18086e-07	1.68769e-07	1.29651e-07	1.09264e-07	7.58847e-08	4.68655e-08	3.5958e-08	2.1499e-08	2.45197e-09
7.13989e-06	1.70183e-06	1.1598e-06	7.88498e-07	6.61843e-07	5.34479e-07	4.12753e-07	2.81964e-07	2.16216e-07	1.70349e-07	1.30966e-07	1.03754e-07	8.14206e-08	5.07963e-08	3.37841e-08	1.78842e-08	-4.30991e-09
7.08829e-06	1.68049e-06	1.13099e-06	7.58867e-07	6.29907e-07	5.04196e-07	3.89279e-07	2.69294e-07	2.10496e-07	1.66384e-07	1.30261e-07	1.05273e-07	8.46584e-08	5.8318e-08	4.10652e-08	2.79203e-08	7.19179e-09
7.00616e-06	1.65178e-06	1.11012e-06	7.43643e-07	6.14585e-07	4.91974e-07	3.76744e-07	2.63322e-07	2.04853e-07	1.64598e-07	1.28943e-07	1.0819e-07	8.67796e-08	6.15142e-08	4.39712e-08	3.11805e-08	1.02755e-08
6.78756e-06	1.5628e-06	1.06857e-06	7.12753e-07	5.95627e-07	4.7026e-07	3.63423e-07	2.43908e-07	1.90913e-07	1.51138e-07	1.17669e-07	9.43251e-08	7.36097e-08	4.91026e-08	3.6413e-08	3.00683e-08	1.95905e-08
6.49962e-06	1.46877e-06	1.04905e-06	7.01302e-07	5.86148e-07	4.66405e-07	3.59972e-07	2.4564e-07	1.95222e-07	1.54512e-07	1.22232e-07	9.81041e-08	7.84884e-08	5.44869e-08	4.22523e-08	3.1724e-08	1.73913e-08
6.29403e-06	1.4009e-06	1.03103e-06	6.96304e-07	5.8631e-07	4.67329e-07	3.63552e-07	2.46935e-07	1.96696e-07	1.5969e-07	1.27095e-07	1.04358e-07	8.41233e-08	5.89596e-08	4.1594e-08	2.58841e-08	8.15197e-09
6.20269e-06	1.33293e-06	1.00985e-06	6.87382e-07	5.79687e-07	4.59973e-07	3.59609e-07	2.48515e-07	1.95382e-07	1.60423e-07	1.26968e-07	1.03941e-07	8.25561e-08	6.01476e-08	4.41976e-08	3.37327e-08	1.78459e-08
6.11759e-06	1.25432e-06	9.73914e-07	6.65715e-07	5.65239e-07	4.49598e-07	3.52434e-07	2.41065e-07	1.88274e-07	1.51307e-07	1.17916e-07	9.75305e-08	7.54259e-08	5.05409e-08	3.34665e-08	2.06385e-08	5.45978e-09
6.05193e-06	1.20662e-06	9.61755e-07	6.57036e-07	5.67124e-07	4.51872e-07	3.55261e-07	2.45494e-07	1.9796e-07	1.58237e-07	1.27866e-07	1.07063e-07	8.94947e-08	6.42046e-08	4.74457e-08	3.18495e-08	1.0389e-08
6.01088e-06	1.18824e-06	9.51456e-07	6.54858e-07	5.61878e-07	4.50925e-07	3.5572e-07	2.46815e-07	1.99851e-07	1.61835e-07	1.29594e-07	1.08488e-07	8.76472e-08	7.04969e-08	5.44588e-08	4.27936e-08	1.89702e-08
6.04109e-06	1.21494e-06	9.39424e-07	6.41765e-07	5.50136e-07	4.41307e-07	3.45824e-07	2.36679e-07	1.8696e-07	1.51319e-07	1.2076e-07	9.96158e-08	8.20232e-08	6.02346e-08	4.65851e-08	3.25439e-08	1.22845e-08
6.13959e-06	1.2617e-06	9.50004e-07	6.46804e-07	5.48758e-07	4.41953e-07	3.43705e-07	2.34714e-07	1.83669e-07	1.45047e-07	1.14172e-07	9.29277e-08	7.52597e-08	5.2132e-08	3.56646e-08	1.9172e-08	2.06001e-09
6.26733e-06	1.31315e-06	9.7614e-07	6.57492e-07	5.59094e-07	4.46555e-07	3.46388e-07	2.34708e-07	1.85472e-07	1.4814e-07	1.16634e-07	9.74623e-08	7.73557e-08	5.85128e-08	4.28925e-08	2.99136e-08	7.94915e-09
6.3763e-06	1.34138e-06	9.84923e-07	6.59101e-07	5.58438e-07	4.39994e-07	3.36868e-07	2.24351e-07	1.72093e-07	1.35695e-07	1.03973e-07	8.63307e-08	7.00781e-08	4.8012e-08	4.39678e-08	2.54278e-08	6.95094e-09
6.54102e-06	1.39888e-06	1.01654e-06	6.71452e-07	5.66402e-07	4.47247e-07	3.38203e-07	2.22057e-07	1.6895e-07	1.30769e-07	9.93757e-08	8.0734e-08	6.22441e-08	4.11885e-08	3.74096e-08	2.25722e-08	1.16526e-08
6.76996e-06	1.4885e-06	1.06128e-06	7.00591e-07	5.82741e-07	4.60266e-07	3.47762e-07	2.25729e-07	1.7074e-07	1.35379e-07	1.03304e-07	8.35629e-08	7.24541e-08	5.34211e-08	4.13265e-08	2.88906e-08	9.73131e-09
7.0435e-06	1.59448e-06	1.1123e-06	7.29014e-07	6.08839e-07	4.79893e-07	3.62068e-07	2.30645e-07	1.74974e-07	1.40586e-07	1.07841e-07	8.82264e-08	7.26815e-08	5.03754e-08	3.96962e-08	2.58322e-08	6.18002e-09
7.42807e-06	1.74311e-06	1.1789e-06	7.76678e-07	6.33733e-07	4.97169e-07	3.69427e-07	2.35669e-07	1.74869e-07	1.34996e-07	1.02404e-07	8.43696e-08	6.91159e-08	4.71894e-08	3.58407e-08	2.39612e-08	7.30462e-09
7.86085e-06	1.93752e-06	1.25512e-06	8.22857e-07	6.66464e-07	5.22571e-07	3.84921e-07	2.42278e-07	1.78837e-07	1.37587e-07	1.04603e-07	8.52543e-08	6.97098e-08	4.82888e-08	3.50571e-08	2.84729e-08	1.10833e-08
8.52746e-06	2.09137e-06	1.31003e-06	8.61806e-07	6.89794e-07	5.36283e-07	3.89091e-07	2.39814e-07	1.74906e-07	1.31774e-07	1.00078e-07	8.30806e-08	6.77636e-08	4.74042e-08	3.68896e-08	2.82075e-08	1.02239e-08
8.66833e-06	2.1398e-06	1.35358e-06	8.88649e-07	7.05439e-07	5.42248e-07	3.83922e-07	2.30866e-07	1.6443e-07	1.23471e-07	9.2205e-08	7.47144e-08	5.89298e-08	4.05545e-08	2.55535e-08	1.96896e-08	7.7343e-09
8.72262e-06	2.17316e-06	1.4036e-06	9.12637e-07	7.16391e-07	5.3958e-07	3.70984e-07	2.13813e-07	1.5079e-07	1.11336e-07	7.97422e-08	6.23784e-08	4.79338e-08	2.99128e-08	2.65639e-08	1.97902e-08	8.78302e-09
9.17133e-06	2.40617e-06	1.49268e-06	9.51928e-07	7.25509e-07	5.42284e-07	3.69105e-07	2.11255e-07	1.45516e-07	1.06215e-07	7.72759e-08	5.94071e-08	4.50134e-08	2.94192e-08	1.79447e-08	1.28267e-08	-3.28565e-10
9.25178e-06	2.6099e-06	1.57087e-06	9.89499e-07	7.46417e-07	5.54616e-07	3.71496e-07	2.18566e-07	1.51199e-07	1.13744e-07	8.47676e-08	6.75942e-08	5.53112e-08	3.67099e-08	2.71059e-08	1.68196e-08	5.07999e-09
8.92183e-06	2.65699e-06	1.59257e-06	9.95665e-07	7.55775e-07	5.66269e-07	3.79594e-07	2.24258e-07	1.65976e-07	1.27508e-07	9.95173e-08	8.26594e-08	7.19304e-08	5.0877e-08	3.99459e-08	2.88e-08	8.30258e-09
8.49276e-06	2.57134e-06	1.53193e-06	9.49186e-07	7.0941e-07	5.23644e-07	3.53068e-07	2.04746e-07	1.48612e-07	1.13026e-07	8.63368e-08	6.92514e-08	5.5439e-08	3.86696e-08	2.93813e-08	2.18622e-08	2.59061e-09
7.96953e-06	2.37411e-06	1.38501e-06	8.46956e-07	6.31979e-07	4.6166e-07	3.08906e-07	1.73718e-07	1.2446e-07	9.32974e-08	6.81376e-08	5.54123e-08	4.37233e-08	2.57159e-08	1.72871e-08	1.3534e-08	5.44646e-09
7.16336e-06	1.9966e-06	1.14347e-06	6.88958e-07	5.21268e-07	3.83274e-07	2.6167e-07	1.4665e-07	1.04949e-07	8.00541e-08	5.80787e-08	4.52018e-08	3.31337e-08	1.65668e-08	7.64526e-09	1.26368e-11	-1.06907e-08
6.01562e-06	1.43271e-06	8.62338e-07	5.16971e-07	4.06907e-07	3.08178e-07	2.2848e-07	1.42881e-07	1.0856e-07	8.2453e-08	6.21462e-08	5.10261e-08	3.78589e-08	2.21265e-08	1.13223e-08	-2.62839e-09	-1.45951e-08
4.77094e-06	9.57883e-07	6.33429e-07	3.84528e-07	3.21346e-07	2.50607e-07	1.9857e-07	1.34048e-07	1.06525e-07	8.47781e-08	6.54569e-08	5.86711e-08	4.70456e-08	2.95567e-08	1.97129e-08	8.15053e-09	-6.5836e-09
3.89185e-06	7.2608e-07	5.40119e-07	3.35532e-07	2.9137e-07	2.33965e-07	1.91711e-07	1.36189e-07	1.11777e-07	8.76422e-08	6.95476e-08	6.32929e-08	5.52691e-08	3.34218e-08	2.38565e-08	1.36341e-08	-1.89538e-09
3.49936e-06	6.20786e-07	5.26447e-07	3.34458e-07	2.98105e-07	2.37516e-07	1.94996e-07	1.37364e-07	1.16136e-07	9.69169e-08	8.0326e-08	7.12787e-08	6.15618e-08	4.46298e-08	3.35734e-08	2.85317e-08	6.9118e-09
3.18287e-06	5.46017e-07	5.07493e-07	3.19405e-07	2.8438e-07	2.22e-07	1.80127e-07	1.23888e-07	9.85419e-08	7.90711e-08	6.12428e-08	5.22339e-08	4.24164e-08	2.65718e-08	1.26984e-08	1.02851e-08	-5.43313e-09
2.94361e-06	5.20823e-07	5.15832e-07	3.34694e-07	3.00187e-07	2.32816e-07	1.96263e-07	1.47617e-07	1.23016e-07	1.03217e-07	8.55024e-08	7.67841e-08	6.69034e-08	6.4629e-08	5.61382e-08	3.38876e-08	1.32417e-08
2.74589e-06	4.41249e-07	4.65583e-07	2.94107e-07	2.69167e-07	2.13398e-07	1.75709e-07	1.19485e-07	9.85369e-08	8.03179e-08	6.37287e-08	5.38738e-08	4.57118e-08	3.02219e-08	2.40688e-08	2.09355e-08	6.16566e-09
2.59161e-06	3.93428e-07	4.49424e-07	2.80563e-07	2.55408e-07	2.04819e-07	1.70769e-07	1.16794e-07	9.73745e-08	8.17203e-08	6.64072e-08	5.85738e-08	5.17638e-08	3.77773e-08	3.07778e-08	2.55976e-08	1.51362e-08
2.50579e-06	3.71497e-07	4.45913e-07	2.82274e-07	2.62325e-07	2.12154e-07	1.81503e-07	1.33936e-07	1.14087e-07	9.61845e-08	7.88882e-08	7.43904e-08	6.14529e-08	4.4662e-08	3.15982e-08	1.87618e-08	-6.02653e-09
2.43368e-06	3.43706e-07	4.4292e-07	2.70391e-07	2.53954e-07	2.14132e-07	1.86729e-07	1.43281e-07	1.23711e-07	1.07439e-07	9.104e-08	8.19815e-08	6.45341e-08	4.60001e-08	3.18122e-08	1.86477e-08	1.26339e-11
2.37709e-06	2.99568e-07	4.05109e-07	2.48427e-07	2.37663e-07	1.84754e-07	1.60763e-07	1.16861e-07	1.01107e-07	8.74498e-08	7.15441e-08	6.64275e-08	5.65354e-08	3.96695e-08	2.48756e-08	2.2273e-08	6.2031e-09
2.32503e-06	2.73996e-07	3.76955e-07	2.32585e-07	2.19851e-07	1.6769e-07	1.47086e-07	1.0551e-07	9.2208e-08	8.26322e-08	6.89002e-08	6.41502e-08	5.56861e-08	4.11582e-08	3.62945e-08	2.97506e-08	1.7484e-08
2.34367e-06	2.69726e-07	3.8029e-07	2.3803e-07	2.31878e-07	1.81056e-07	1.59794e-07	1.27479e-07	1.13179e-07	1.04083e-07	9.09447e-08	8.44008e-08	7.81728e-08	6.31901e-08	5.40312e-08	4.44807e-08	2.17792e-08
2.29217e-06	2.43412e-07	3.60628e-07	2.09734e-07	2.0309e-07	1.58308e-07	1.41419e-07	1.03939e-07	9.13064e-08	7.9571e-08	6.41975e-08	6.11152e-08	5.16915e-08	3.85286e-08	3.1505e-08	2.51636e-08	9.67636e-09
2.23898e-06	2.15654e-07	3.21952e-07	1.83114e-07	1.80625e-07	1.36843e-07	1.24147e-07	8.81714e-08	7.44151e-08	6.11642e-08	4.52731e-08	3.96898e-08	2.62619e-08	1.17478e-08	3.96645e-09	-2.42534e-09	-1.15835e-08
2.47922e-06	2.53534e-07	3.61774e-07	1.77852e-07	1.81777e-07	1.24028e-07	1.11383e-07	7.95053e-08	6.93589e-08	5.6739e-08	4.98738e-08	4.68072e-08	3.92983e-08	2.4369e-08	1.68476e-08	1.46643e-08	4.42958e-09
2.38016e-06	3.04687e-07	3.89566e-07	2.01535e-07	1.95906e-07	1.39244e-07	1.2135e-07	8.42609e-08	7.22218e-08	6.28959e-08	5.11597e-08	4.644e-08	3.74044e-08	1.9737e-08	9.84326e-09	-6.80195e-09	-2.08728e-08
2.42322e-06	3.45179e-07	4.06865e-07	2.12998e-07	1.99407e-07	1.43728e-07	1.19624e-07	8.07042e-08	6.77436e-08	5.72817e-08	4.68198e-08	4.21126e-08	3.37456e-08	1.9422e-08	1.03357e-08	-1.61535e-09	-9.36396e-09
2.42973e-06	3.89023e-07	4.3323e-07	2.30446e-07	2.15037e-07	1.57316e-07	1.31357e-07	8.86651e-08	7.63736e-08	6.30221e-08	5.19043e-08	4.7172e-08	3.7518e-08	2.28162e-08	1.16226e-08	9.96946e-10	-1.43358e-08
2.43121e-06	4.47111e-07	4.73537e-07	2.64443e-07	2.40403e-07	1.81684e-07	1.57013e-07	1.11393e-07	9.60602e-08	8.49802e-08	7.62096e-08	6.68459e-08	5.70531e-08	4.25784e-08	3.27099e-08	1.14333e-08	-5.46427e-09
2.41309e-06	4.70621e-07	4.74419e-07	2.697e-07	2.34578e-07	1.81461e-07	1.45268e-07	1.01287e-07	8.52221e-08	7.41418e-08	6.49293e-08	5.85058e-08	4.91797e-08	3.34301e-08	2.40535e-08	4.51792e-09	-7.13024e-09
2.4414e-06	4.69286e-07	5.11029e-07	2.88002e-07	2.60493e-07	1.92931e-07	1.66444e-07	1.1805e-07	1.00686e-07	8.59728e-08	7.41741e-08	6.6628e-08	5.54981e-08	3.85761e-08	2.85945e-08	1.42846e-08	-5.94352e-09
2.40518e-06	4.98334e-07	5.15761e-07	2.93133e-07	2.61294e-07	1.96898e-07	1.62309e-07	1.09535e-07	9.05558e-08	7.35702e-08	5.73671e-08	4.80415e-08	3.64444e-08	1.87774e-08	1.67457e-08	-1.61526e-09	-2.92009e-08
2.41328e-06	5.02839e-07	5.12607e-07	2.88703e-07	2.56146e-07	1.92317e-07	1.5658e-07	1.01888e-07	8.14825e-08	6.3336e-08	4.72591e-08	3.6293e-08	2.64247e-08	1.42471e-08	3.00338e-09	-8.4549e-10	-1.94715e-08
2.44575e-06	5.22815e-07	5.24329e-07	3.01832e-07	2.70966e-07	2.03821e-07	1.6681e-07	1.25445e-07	9.54749e-08	7.8944e-08	6.37256e-08	5.81228e-08	4.74346e-08	3.72763e-08	2.49098e-08	2.22724e-08	9.86801e-09
2.54391e-06	5.40722e-07	5.45518e-07	3.20327e-07	2.87631e-07	2.17026e-07	1.78714e-07	1.27303e-07	1.02506e-07	8.37918e-08	6.89642e-08	6.08248e-08	4.96441e-08	3.36934e-08	2.36106e-08	1.614e-08	3.71006e-09
2.67728e-06	5.58047e-07	5.57315e-07	3.27789e-07	2.92065e-07	2.23443e-07	1.81044e-07	1.247e-07	9.95634e-08	8.01428e-08	6.69182e-08	5.79461e-08	4.65512e-08	3.15852e-08	2.35091e-08	1.41711e-08	-4.54282e-09
2.8192e-06	5.70203e-07	5.68019e-07	3.35378e-07	3.02718e-07	2.34043e-07	1.86227e-07	1.27861e-07	1.02799e-07	8.46521e-08	7.19694e-08	5.76588e-08	4.68186e-08	3.15994e-08	2.03554e-08	1.39068e-08	5.90596e-09
2.98694e-06	5.83087e-07	5.82974e-07	3.48313e-07	3.13647e-07	2.41576e-07	1.95755e-07	1.33742e-07	1.0921e-07	8.59393e-08	6.78933e-08	5.91227e-08	4.93047e-08	3.44767e-08	2.52139e-08	1.90682e-08	4.50519e-09
2.97304e-06	6.08667e-07	5.96149e-07	3.61437e-07	3.27831e-07	2.52568e-07	2.04488e-07	1.41377e-07	1.08945e-07	8.93844e-08	6.83728e-08	5.70152e-08	4.60488e-08	2.96308e-08	1.97622e-08	1.34272e-08	1.43863e-09
2.82677e-06	6.59713e-07	6.24476e-07	3.83374e-07	3.39757e-07	2.65372e-07	2.13274e-07	1.4795e-07	1.1756e-07	9.43384e-08	7.58872e-08	6.38094e-08	5.35237e-08	3.60316e-08	2.81185e-08	2.35499e-08	1.04119e-08
2.6359e-06	6.86569e-07	6.41426e-07	4.04829e-07	3.58145e-07	2.81059e-07	2.29971e-07	1.60697e-07	1.28262e-07	1.04372e-07	8.24499e-08	7.00818e-08	5.81554e-08	3.93003e-08	2.6074e-08	1.46272e-08	2.52411e-10
2.52432e-06	6.93457e-07	6.5495e-07	4.20474e-07	3.73687e-07	2.92988e-07	2.42465e-07	1.7166e-07	1.393e-07	1.14613e-07	9.40529e-08	8.04347e-08	6.52388e-08	4.58401e-08	3.4216e-08	2.41569e-08	1.04756e-08
2.46423e-06	6.93053e-07	6.63482e-07	4.31202e-07	3.82712e-07	3.06581e-07	2.4711e-07	1.77201e-07	1.42442e-07	1.17011e-07	9.62111e-08	8.39812e-08	6.71193e-08	4.84526e-08	3.5882e-08	2.40307e-08	5.85622e-09
2.53853e-06	6.86407e-07	6.68573e-07	4.22858e-07	3.71475e-07	2.92364e-07	2.34015e-07	1.62615e-07	1.25281e-07	1.01502e-07	8.41474e-08	6.88502e-08	5.62035e-08	4.2282e-08	3.35731e-08	2.34381e-08	1.04001e-08
2.60649e-06	7.04253e-07	6.89928e-07	4.45513e-07	3.87189e-07	3.08292e-07	2.49552e-07	1.70504e-07	1.34823e-07	1.04985e-07	8.67096e-08	6.73104e-08	5.28335e-08	3.29042e-08	1.66477e-08	6.18453e-09	-5.8185e-09
2.78298e-06	7.30644e-07	7.14134e-07	4.68457e-07	4.16808e-07	3.33375e-07	2.69962e-07	1.8528e-07	1.47515e-07	1.20945e-07	9.81117e-08	8.27885e-08	6.84119e-08	4.39755e-08	3.21738e-08	2.06372e-08	7.20723e-09
2.93348e-06	7.17385e-07	7.38741e-07	4.81383e-07	4.31552e-07	3.38883e-07	2.72719e-07	1.87497e-07	1.50515e-07	1.20942e-07	9.79199e-08	8.20543e-08	6.66179e-08	4.96289e-08	3.66663e-08	2.73767e-08	9.03721e-09
2.94806e-06	7.13561e-07	7.33781e-07	4.81799e-07	4.29179e-07	3.42821e-07	2.66673e-07	1.8501e-07	1.42437e-07	1.14025e-07	9.20508e-08	7.81921e-08	6.33236e-08	4.37724e-08	3.50129e-08	2.81214e-08	1.28364e-08
2.84311e-06	6.9849e-07	7.27142e-07	4.79262e-07	4.25607e-07	3.31284e-07	2.59441e-07	1.74395e-07	1.36063e-07	1.03196e-07	8.19281e-08	6.82082e-08	5.44252e-08	3.68683e-08	2.60893e-08	2.41834e-08	1.57268e-08
2.74151e-06	7.02964e-07	7.32701e-07	4.90357e-07	4.35072e-07	3.45846e-07	2.73622e-07	1.886e-07	1.46341e-07	1.18231e-07	9.44766e-08	8.02136e-08	6.55214e-08	4.76611e-08	3.6844e-08	2.65822e-08	1.62825e-08
2.62236e-06	6.96468e-07	7.27482e-07	4.82934e-07	4.26436e-07	3.38837e-07	2.67129e-07	1.83114e-07	1.42331e-07	1.14145e-07	9.19418e-08	7.66687e-08	6.35918e-08	4.43552e-08	3.65924e-08	2.52701e-08	1.36322e-08
2.53091e-06	6.97516e-07	7.31773e-07	4.83616e-07	4.27661e-07	3.39594e-07	2.72329e-07	1.87935e-07	1.50939e-07	1.20014e-07	9.69151e-08	8.30304e-08	7.00924e-08	5.0313e-08	3.36136e-08	2.29728e-08	7.54822e-09
2.42577e-06	6.96196e-07	7.211e-07	4.69933e-07	4.13963e-07	3.27308e-07	2.61544e-07	1.79521e-07	1.44202e-07	1.16066e-07	9.28782e-08	7.99904e-08	6.56888e-08	4.50127e-08	2.91459e-08	1.26859e-08	-8.69708e-09
2.34779e-06	6.90506e-07	6.9693e-07	4.44917e-07	3.81983e-07	2.95623e-07	2.31704e-07	1.56943e-07	1.1625e-07	9.05763e-08	6.667e-08	5.47926e-08	4.1754e-08	1.89079e-08	1.17638e-08	1.35057e-08	9.60543e-09
2.39969e-06	7.20438e-07	7.03221e-07	4.39261e-07	3.80327e-07	2.90127e-07	2.25916e-07	1.50068e-07	1.17528e-07	9.06543e-08	6.76815e-08	5.73564e-08	4.19822e-08	2.16853e-08	1.26603e-08	7.54822e-09	-4.10229e-09
2.55155e-06	7.70392e-07	7.19118e-07	4.54609e-07	3.88857e-07	2.98869e-07	2.32915e-07	1.54515e-07	1.21052e-07	9.68797e-08	7.60016e-08	6.38459e-08	5.09328e-08	2.99412e-08	1.86059e-08	8.73495e-09	-8.33102e-09
2.65606e-06	8.27215e-07	7.55605e-07	4.84562e-07	4.1535e-07	3.23113e-07	2.52487e-07	1.71371e-07	1.39106e-07	1.12775e-07	9.17698e-08	7.92855e-08	6.71295e-08	4.99874e-08	3.41328e-08	2.39334e-08	1.18657e-09
2.77536e-06	8.82239e-07	7.98927e-07	5.08874e-07	4.31368e-07	3.32429e-07	2.56501e-07	1.69212e-07	1.36796e-07	1.08079e-07	8.6203e-08	7.23555e-08	5.84575e-08	3.81722e-08	2.63065e-08	1.7281e-08	-4.29185e-10
2.98677e-06	9.94559e-07	8.56746e-07	5.48728e-07	4.55931e-07	3.51129e-07	2.66196e-07	1.74775e-07	1.40136e-07	1.0917e-07	8.44526e-08	6.94557e-08	5.46985e-08	3.37811e-08	2.10185e-08	7.37225e-09	-1.15128e-08
3.24961e-06	1.12793e-06	9.16088e-07	5.88002e-07	4.81922e-07	3.7049e-07	2.77034e-07	1.80132e-07	1.41074e-07	1.10738e-07	8.64872e-08	7.11112e-08	6.11887e-08	4.21516e-08	2.93761e-08	1.82796e-08	4.75926e-09
3.534e-06	1.22537e-06	9.63402e-07	6.15387e-07	5.04987e-07	3.8479e-07	2.83354e-07	1.8044e-07	1.36734e-07	1.04668e-07	7.84856e-08	6.47755e-08	5.21386e-08	3.3202e-08	2.31278e-08	1.44801e-08	2.09564e-09
3.86393e-06	1.34579e-06	1.02082e-06	6.5535e-07	5.32421e-07	4.08582e-07	3.0223e-07	1.95927e-07	1.5198e-07	1.20215e-07	9.44223e-08	7.99288e-08	6.74048e-08	4.57151e-08	3.47061e-08	2.17402e-08	6.53974e-09
4.23233e-06	1.41888e-06	1.0364e-06	6.57829e-07	5.27182e-07	4.02697e-07	2.95672e-07	1.8443e-07	1.37856e-07	1.13047e-07	8.73924e-08	6.62071e-08	5.84299e-08	3.39621e-08	2.28518e-08	1.64381e-08	1.1994e-09
4.70802e-06	1.47383e-06	1.04427e-06	6.61052e-07	5.30556e-07	4.04682e-07	2.94742e-07	1.87012e-07	1.40307e-07	1.08235e-07	8.4194e-08	6.89159e-08	5.47615e-08	3.55691e-08	2.24374e-08	1.50383e-08	-7.95475e-10
5.05455e-06	1.49965e-06	1.03438e-06	6.50202e-07	5.22045e-07	3.97942e-07	2.90758e-07	1.87753e-07	1.40404e-07	1.11035e-07	8.79545e-08	7.35985e-08	6.03535e-08	4.16162e-08	2.97222e-08	2.13005e-08	1.04672e-08
5.21933e-06	1.45659e-06	9.9135e-07	6.18595e-07	4.96477e-07	3.76847e-07	2.76511e-07	1.77564e-07	1.31765e-07	1.06132e-07	8.39963e-08	7.14574e-08	5.80347e-08	4.14173e-08	2.75526e-08	2.4863e-08	8.73804e-09
5.11947e-06	1.37265e-06	9.36119e-07	5.76609e-07	4.64555e-07	3.52842e-07	2.59565e-07	1.65025e-07	1.27724e-07	1.03089e-07	8.1534e-08	7.24676e-08	6.14946e-08	4.43847e-08	3.53562e-08	3.00275e-08	1.54431e-08
4.80134e-06	1.24849e-06	8.71644e-07	5.40155e-07	4.42294e-07	3.37854e-07	2.58353e-07	1.76806e-07	1.39405e-07	1.15918e-07	9.39086e-08	8.17991e-08	7.30485e-08	5.88428e-08	4.88926e-08	4.13415e-08	2.56585e-08
4.316e-06	1.05838e-06	7.68102e-07	4.66423e-07	3.83723e-07	2.89797e-07	2.22718e-07	1.5305e-07	1.17957e-07	9.4911e-08	7.70552e-08	6.70034e-08	5.64718e-08	4.49552e-08	3.42846e-08	2.56598e-08	1.32466e-08
3.9305e-06	9.25773e-07	7.00657e-07	4.26077e-07	3.60639e-07	2.73469e-07	2.12716e-07	1.49299e-07	1.15381e-07	9.17035e-08	7.50726e-08	6.63468e-08	5.59035e-08	4.22907e-08	3.43983e-08	2.60386e-08	1.74264e-08
3.77764e-06	8.73223e-07	6.76824e-07	4.11613e-07	3.55454e-07	2.71601e-07	2.12171e-07	1.48309e-07	1.13795e-07	9.25416e-08	7.46218e-08	6.70068e-08	5.3911e-08	3.97419e-08	3.11545e-08	2.79595e-08	2.17336e-08
3.70555e-06	8.73996e-07	6.86215e-07	4.23738e-07	3.67366e-07	2.83174e-07	2.23367e-07	1.49795e-07	1.20713e-07	9.96994e-08	8.23862e-08	7.07683e-08	6.0249e-08	4.29611e-08	3.12042e-08	2.83629e-08	1.54569e-08
3.59463e-06	8.71025e-07	6.99391e-07	4.34281e-07	3.68689e-07	2.8423e-07	2.21428e-07	1.47981e-07	1.20236e-07	9.77446e-08	7.75768e-08	6.6388e-08	5.90887e-08	4.44523e-08	3.64206e-08	3.2089e-08	1.9511e-08
3.51851e-06	8.82675e-07	7.16492e-07	4.44943e-07	3.77762e-07	2.89683e-07	2.26657e-07	1.4911e-07	1.14598e-07	9.2638e-08	7.56282e-08	6.3556e-08	5.16606e-08	2.80591e-08	2.321e-08	1.13651e-08	-3.42215e-09
3.57268e-06	8.66217e-07	7.48573e-07	4.64275e-07	4.04683e-07	3.10363e-07	2.49318e-07	1.66982e-07	1.34288e-07	1.06607e-07	9.11628e-08	7.70319e-08	6.53634e-08	4.91362e-08	3.95514e-08	3.08127e-08	1.26787e-08
3.36616e-06	8.60783e-07	7.2384e-07	4.54487e-07	3.87973e-07	2.99611e-07	2.33362e-07	1.57604e-07	1.22572e-07	9.44485e-08	7.46344e-08	6.48094e-08	5.17768e-08	3.76077e-08	3.34403e-08	2.76311e-08	8.97886e-09
3.28626e-06	8.1852e-07	6.83866e-07	4.31366e-07	3.68099e-07	2.83995e-07	2.15778e-07	1.39807e-07	1.06885e-07	8.25883e-08	6.5073e-08	5.48063e-08	4.48553e-08	2.931e-08	2.35894e-08	2.17457e-08	1.30828e-08
3.22087e-06	7.7758e-07	6.78386e-07	4.21023e-07	3.65864e-07	2.85321e-07	2.21688e-07	1.56754e-07	1.22342e-07	9.94595e-08	7.99742e-08	7.05536e-08	6.0691e-08	4.57519e-08	3.0295e-08	2.63676e-08	1.29439e-08
3.02322e-06	7.19093e-07	6.48453e-07	4.0202e-07	3.50612e-07	2.70754e-07	2.13411e-07	1.46407e-07	1.15179e-07	9.21455e-08	7.38225e-08	6.37707e-08	5.39588e-08	3.40447e-08	1.46736e-08	1.88029e-08	3.51054e-09
2.77373e-06	6.63846e-07	6.06693e-07	3.74353e-07	3.22616e-07	2.43945e-07	1.87347e-07	1.19485e-07	9.36734e-08	7.1903e-08	5.58404e-08	4.65715e-08	3.58252e-08	1.98384e-08	1.11757e-08	5.68254e-09	-6.3897e-09
2.60947e-06	6.54721e-07	6.23242e-07	3.74725e-07	3.30391e-07	2.47014e-07	2.00735e-07	1.40137e-07	1.12408e-07	9.10296e-08	7.50562e-08	6.71263e-08	5.74791e-08	4.52054e-08	3.68589e-08	2.68328e-08	1.08342e-08
2.47222e-06	6.36244e-07	6.0219e-07	3.56571e-07	3.11619e-07	2.32853e-07	1.85944e-07	1.25878e-07	9.95757e-08	8.00798e-08	6.46497e-08	5.89803e-08	5.03813e-08	3.65928e-08	3.32214e-08	2.45214e-08	1.04551e-08
2.42959e-06	6.53173e-07	6.01543e-07	3.58835e-07	3.08556e-07	2.35271e-07	1.86608e-07	1.31594e-07	1.05104e-07	8.46991e-08	7.02164e-08	6.20596e-08	5.28422e-08	3.95465e-08	3.18569e-08	2.13894e-08	4.57082e-09
2.39509e-06	6.45821e-07	5.98359e-07	3.4721e-07	2.97134e-07	2.2529e-07	1.82247e-07	1.24179e-07	1.01098e-07	8.08333e-08	6.84596e-08	5.99369e-08	5.26768e-08	3.97348e-08	3.13763e-08	2.54924e-08	1.125e-08
2.4139e-06	6.35476e-07	5.80768e-07	3.41254e-07	2.97202e-07	2.2435e-07	1.77508e-07	1.2006e-07	9.72071e-08	7.9695e-08	6.63115e-08	5.97207e-08	4.9721e-08	3.43804e-08	2.44059e-08	1.97091e-08	8.67402e-09
2.45139e-06	5.98818e-07	5.49277e-07	3.25695e-07	2.85875e-07	2.13279e-07	1.67816e-07	1.09499e-07	8.93367e-08	7.17875e-08	5.83794e-08	5.07159e-08	4.08807e-08	2.53011e-08	1.25874e-08	6.24953e-09	-5.64351e-09
2.46918e-06	5.46273e-07	5.34619e-07	3.08495e-07	2.75542e-07	2.04245e-07	1.6763e-07	1.15941e-07	9.34801e-08	7.6587e-08	6.39993e-08	5.7131e-08	4.86087e-08	3.241e-08	2.11984e-08	1.31054e-08	-1.71708e-09
2.40722e-06	4.72037e-07	4.82755e-07	2.73431e-07	2.46137e-07	1.80894e-07	1.47351e-07	1.02611e-07	8.09852e-08	6.43211e-08	5.34262e-08	4.70005e-08	3.83654e-08	2.65364e-08	1.90249e-08	1.43413e-08	1.89365e-09
2.36874e-06	4.28117e-07	4.57494e-07	2.58042e-07	2.28324e-07	1.67639e-07	1.45975e-07	8.97086e-08	7.76271e-08	5.75039e-08	5.20628e-08	4.2178e-08	3.29874e-08	2.67131e-08	1.12609e-08	8.77392e-09	9.08953e-10
2.42953e-06	3.86046e-07	4.26492e-07	2.38007e-07	2.19514e-07	1.64765e-07	1.40489e-07	8.9338e-08	7.45683e-08	6.19824e-08	5.12144e-08	4.46374e-08	3.24556e-08	2.05135e-08	1.21945e-08	8.38215e-09	1.57796e-09
2.62918e-06	3.60331e-07	3.99326e-07	2.04529e-07	2.04593e-07	1.49124e-07	1.23763e-07	8.59422e-08	6.89255e-08	5.42946e-08	4.02823e-08	3.96763e-08	2.89083e-08	1.80898e-08	1.25606e-08	4.05221e-09	-6.51384e-09
2.80312e-06	3.76057e-07	3.94789e-07	2.14461e-07	2.13476e-07	1.60751e-07	1.41526e-07	1.06157e-07	8.71349e-08	7.147e-08	5.79763e-08	5.07182e-08	4.40156e-08	2.86915e-08	1.877e-08	7.86398e-09	-1.02623e-08
2.80808e-06	3.79696e-07	3.74785e-07	2.09936e-07	2.00911e-07	1.55458e-07	1.35388e-07	1.00348e-07	8.52267e-08	7.16323e-08	6.12314e-08	5.48697e-08	4.93032e-08	3.23261e-08	2.58886e-08	2.45002e-08	1.26855e-08
2.68126e-06	3.55329e-07	3.70488e-07	1.88835e-07	1.92243e-07	1.42955e-07	1.28679e-07	9.26693e-08	7.65638e-08	6.77791e-08	5.83127e-08	5.32892e-08	4.81774e-08	3.24885e-08	2.55591e-08	2.36154e-08	1.27354e-08
2.4996e-06	3.38134e-07	3.56687e-07	1.78249e-07	1.86061e-07	1.32484e-07	1.17604e-07	8.66443e-08	7.29251e-08	5.90166e-08	5.09138e-08	4.58401e-08	3.7914e-08	2.34627e-08	1.63696e-08	1.0261e-08	-7.82512e-10
2.23056e-06	3.23278e-07	3.48407e-07	1.70323e-07	1.74424e-07	1.24533e-07	1.13161e-07	8.37414e-08	6.97445e-08	5.84991e-08	4.7607e-08	4.3442e-08	3.69674e-08	2.49899e-08	1.81366e-08	1.2861e-08	2.5621e-09
1.9769e-06	3.05606e-07	3.51734e-07	1.70301e-07	1.72447e-07	1.29121e-07	1.15579e-07	8.6173e-08	7.28204e-08	6.26357e-08	5.21985e-08	4.91191e-08	4.39068e-08	3.2826e-08	2.51527e-08	1.85522e-08	6.62578e-09
1.72263e-06	2.77241e-07	3.40758e-07	1.69439e-07	1.71307e-07	1.28322e-07	1.14377e-07	8.20818e-08	7.28312e-08	6.30253e-08	5.45698e-08	5.04556e-08	4.47639e-08	3.21941e-08	2.18203e-08	1.3857e-08	2.41046e-09
1.50631e-06	2.45091e-07	3.31714e-07	1.61017e-07	1.6416e-07	1.22022e-07	1.10071e-07	8.1474e-08	7.21479e-08	6.2847e-08	5.34578e-08	4.80313e-08	4.13301e-08	2.87355e-08	2.28925e-08	1.90939e-08	7.79909e-09
