1.47288e-05	6.71959e-06	4.62039e-06	3.74293e-06	3.08922e-06	2.64402e-06	2.00553e-06	1.40112e-06	1.03999e-06	8.02098e-07	5.97996e-07	4.29432e-07	3.11346e-07	2.23761e-07	1.31193e-07	6.96701e-08	3.12484e-08
1.57873e-05	7.30957e-06	5.01695e-06	4.05231e-06	3.34e-06	2.85455e-06	2.16255e-06	1.50824e-06	1.11612e-06	8.60701e-07	6.40121e-07	4.61187e-07	3.32047e-07	2.36318e-07	1.37781e-07	7.31346e-08	3.23356e-08
1.67298e-05	7.72007e-06	5.30603e-06	4.26929e-06	3.52292e-06	3.00853e-06	2.28095e-06	1.59142e-06	1.17696e-06	9.08656e-07	6.7492e-07	4.86185e-07	3.51383e-07	2.4826e-07	1.4491e-07	7.89074e-08	3.5285e-08
1.73996e-05	8.02421e-06	5.51775e-06	4.43442e-06	3.66209e-06	3.12549e-06	2.37111e-06	1.65574e-06	1.22524e-06	9.44145e-07	7.00458e-07	5.04896e-07	3.65784e-07	2.55857e-07	1.47247e-07	7.80072e-08	3.35003e-08
1.80291e-05	8.33837e-06	5.72597e-06	4.59822e-06	3.79684e-06	3.2415e-06	2.45832e-06	1.71611e-06	1.26928e-06	9.77973e-07	7.24418e-07	5.17978e-07	3.73052e-07	2.62171e-07	1.50886e-07	7.8707e-08	3.39322e-08
1.84738e-05	8.62123e-06	5.9058e-06	4.74363e-06	3.91459e-06	3.34343e-06	2.53848e-06	1.77168e-06	1.31317e-06	1.0114e-06	7.49968e-07	5.35451e-07	3.8708e-07	2.71173e-07	1.56089e-07	8.07333e-08	3.66026e-08
1.87316e-05	8.736e-06	5.99257e-06	4.8086e-06	3.97008e-06	3.39234e-06	2.5747e-06	1.79687e-06	1.33017e-06	1.02385e-06	7.56927e-07	5.39639e-07	3.88016e-07	2.70452e-07	1.53344e-07	7.88735e-08	3.39077e-08
1.87994e-05	8.81521e-06	6.03549e-06	4.85279e-06	4.00724e-06	3.42595e-06	2.60459e-06	1.81889e-06	1.34411e-06	1.03526e-06	7.64664e-07	5.46131e-07	3.91758e-07	2.71421e-07	1.53512e-07	7.90146e-08	3.3567e-08
1.88778e-05	8.90466e-06	6.0938e-06	4.90549e-06	4.05226e-06	3.46617e-06	2.63626e-06	1.84375e-06	1.36592e-06	1.05243e-06	7.77037e-07	5.5482e-07	3.97318e-07	2.73849e-07	1.56794e-07	8.11488e-08	3.34641e-08
1.89609e-05	8.95381e-06	6.13736e-06	4.93882e-06	4.08206e-06	3.49135e-06	2.65506e-06	1.85597e-06	1.37419e-06	1.05722e-06	7.80175e-07	5.55478e-07	3.96736e-07	2.73102e-07	1.54264e-07	7.9542e-08	3.35273e-08
1.89855e-05	8.90101e-06	6.1345e-06	4.93197e-06	4.08057e-06	3.4886e-06	2.65426e-06	1.85493e-06	1.37395e-06	1.05724e-06	7.79517e-07	5.53201e-07	3.93396e-07	2.70863e-07	1.51835e-07	7.75051e-08	3.32616e-08
1.88003e-05	8.79771e-06	6.09195e-06	4.90173e-06	4.06021e-06	3.47139e-06	2.64414e-06	1.85121e-06	1.37193e-06	1.05525e-06	7.78783e-07	5.52189e-07	3.92611e-07	2.70913e-07	1.52416e-07	7.85931e-08	3.41979e-08
1.82844e-05	8.70149e-06	6.02069e-06	4.8601e-06	4.02328e-06	3.44428e-06	2.62058e-06	1.83548e-06	1.35983e-06	1.04708e-06	7.7245e-07	5.47456e-07	3.88692e-07	2.67174e-07	1.48744e-07	7.5656e-08	3.0604e-08
1.77572e-05	8.53019e-06	5.89897e-06	4.78192e-06	3.95814e-06	3.3926e-06	2.58289e-06	1.81198e-06	1.34291e-06	1.03434e-06	7.61652e-07	5.40294e-07	3.84267e-07	2.64916e-07	1.47918e-07	7.44269e-08	3.1337e-08
1.72991e-05	8.28882e-06	5.74574e-06	4.66737e-06	3.86736e-06	3.31728e-06	2.52886e-06	1.7754e-06	1.31628e-06	1.01308e-06	7.47824e-07	5.29833e-07	3.78112e-07	2.62184e-07	1.47103e-07	7.56832e-08	3.52733e-08
1.68514e-05	8.0129e-06	5.58153e-06	4.53854e-06	3.76831e-06	3.23401e-06	2.46722e-06	1.73329e-06	1.28614e-06	9.90638e-07	7.30789e-07	5.18889e-07	3.70537e-07	2.57736e-07	1.46593e-07	7.73639e-08	3.57278e-08
1.63541e-05	7.82502e-06	5.4454e-06	4.44073e-06	3.6854e-06	3.16549e-06	2.41626e-06	1.69749e-06	1.25848e-06	9.70421e-07	7.14898e-07	5.07819e-07	3.60859e-07	2.5069e-07	1.41798e-07	7.27967e-08	3.48296e-08
1.61906e-05	7.68739e-06	5.36845e-06	4.3773e-06	3.63642e-06	3.12158e-06	2.38247e-06	1.67483e-06	1.24178e-06	9.54102e-07	7.03811e-07	4.98355e-07	3.54524e-07	2.4747e-07	1.37784e-07	6.98345e-08	3.33232e-08
1.61331e-05	7.72853e-06	5.39218e-06	4.39903e-06	3.65039e-06	3.13498e-06	2.38893e-06	1.6783e-06	1.24384e-06	9.58439e-07	7.08224e-07	5.02632e-07	3.59906e-07	2.50873e-07	1.40865e-07	7.30263e-08	3.37804e-08
1.63731e-05	7.84648e-06	5.49149e-06	4.474e-06	3.71255e-06	3.18362e-06	2.42467e-06	1.70113e-06	1.25992e-06	9.69827e-07	7.15412e-07	5.06035e-07	3.61811e-07	2.50076e-07	1.40618e-07	7.11123e-08	2.92875e-08
1.68129e-05	8.08798e-06	5.6834e-06	4.61711e-06	3.82712e-06	3.2752e-06	2.49286e-06	1.74202e-06	1.28852e-06	9.89006e-07	7.28562e-07	5.15207e-07	3.66628e-07	2.53764e-07	1.41583e-07	7.2898e-08	3.32988e-08
1.71975e-05	8.49494e-06	5.94627e-06	4.82828e-06	3.99071e-06	3.41348e-06	2.58854e-06	1.80393e-06	1.33213e-06	1.02163e-06	7.5024e-07	5.30399e-07	3.77075e-07	2.6217e-07	1.47088e-07	7.54478e-08	3.54848e-08
1.79464e-05	8.93791e-06	6.26017e-06	5.05672e-06	4.16955e-06	3.55482e-06	2.68677e-06	1.86596e-06	1.37249e-06	1.04981e-06	7.69584e-07	5.42141e-07	3.839e-07	2.63828e-07	1.45742e-07	7.23521e-08	2.99327e-08
1.86587e-05	9.48823e-06	6.62601e-06	5.33669e-06	4.38492e-06	3.73e-06	2.8083e-06	1.94055e-06	1.423e-06	1.08713e-06	7.95481e-07	5.59486e-07	3.95514e-07	2.71785e-07	1.50461e-07	7.71849e-08	3.56637e-08
1.97491e-05	1.01636e-05	7.10963e-06	5.69637e-06	4.66712e-06	3.95525e-06	2.96435e-06	2.0367e-06	1.48672e-06	1.134e-06	8.28201e-07	5.82484e-07	4.1052e-07	2.84265e-07	1.57377e-07	7.90679e-08	3.45748e-08
2.08695e-05	1.10047e-05	7.68592e-06	6.12738e-06	4.99456e-06	4.21477e-06	3.13672e-06	2.13676e-06	1.54928e-06	1.17476e-06	8.54208e-07	5.97275e-07	4.22157e-07	2.88662e-07	1.60075e-07	7.79566e-08	3.31081e-08
2.16637e-05	1.15477e-05	8.09471e-06	6.4399e-06	5.23912e-06	4.40906e-06	3.26567e-06	2.20942e-06	1.59218e-06	1.20198e-06	8.69408e-07	6.06935e-07	4.26513e-07	2.899e-07	1.59144e-07	7.92556e-08	3.17908e-08
2.20498e-05	1.18082e-05	8.29569e-06	6.59781e-06	5.36754e-06	4.51202e-06	3.33735e-06	2.25197e-06	1.62032e-06	1.22138e-06	8.82957e-07	6.15006e-07	4.33724e-07	2.97768e-07	1.6428e-07	8.45183e-08	3.66992e-08
2.17304e-05	1.1696e-05	8.21904e-06	6.5524e-06	5.33158e-06	4.4844e-06	3.31811e-06	2.24008e-06	1.61106e-06	1.21689e-06	8.77821e-07	6.14171e-07	4.33648e-07	2.96655e-07	1.65697e-07	8.38225e-08	3.52571e-08
2.15297e-05	1.13356e-05	8.00072e-06	6.37535e-06	5.20205e-06	4.3806e-06	3.24743e-06	2.19873e-06	1.5854e-06	1.19659e-06	8.66954e-07	6.05619e-07	4.29056e-07	2.94188e-07	1.64381e-07	8.28737e-08	3.65348e-08
2.08986e-05	1.10762e-05	7.75032e-06	6.2045e-06	5.05908e-06	4.27147e-06	3.17092e-06	2.15288e-06	1.55733e-06	1.17745e-06	8.54316e-07	5.96739e-07	4.23376e-07	2.91721e-07	1.63217e-07	8.31141e-08	3.60414e-08
2.06171e-05	1.06442e-05	7.4571e-06	5.96889e-06	4.87982e-06	4.12379e-06	3.06925e-06	2.08817e-06	1.51381e-06	1.14673e-06	8.34088e-07	5.86201e-07	4.149e-07	2.87724e-07	1.60067e-07	8.1305e-08	3.45486e-08
1.99231e-05	1.01618e-05	7.0921e-06	5.69443e-06	4.65998e-06	3.94568e-06	2.94463e-06	2.01171e-06	1.46288e-06	1.11245e-06	8.12527e-07	5.70794e-07	4.04916e-07	2.79521e-07	1.55163e-07	7.70184e-08	3.60423e-08
1.92698e-05	9.54062e-06	6.66746e-06	5.35949e-06	4.39853e-06	3.72967e-06	2.79296e-06	1.91656e-06	1.3998e-06	1.06898e-06	7.81285e-07	5.51804e-07	3.9347e-07	2.73758e-07	1.52388e-07	7.84207e-08	3.51812e-08
1.83623e-05	8.89286e-06	6.20237e-06	5.00501e-06	4.11811e-06	3.4989e-06	2.62831e-06	1.81254e-06	1.32932e-06	1.01812e-06	7.4809e-07	5.28223e-07	3.7629e-07	2.60917e-07	1.45216e-07	7.3778e-08	3.02348e-08
1.75005e-05	8.19041e-06	5.7396e-06	4.64766e-06	3.84142e-06	3.27143e-06	2.46978e-06	1.71347e-06	1.26441e-06	9.72575e-07	7.19324e-07	5.10031e-07	3.65114e-07	2.54554e-07	1.4092e-07	7.21677e-08	2.87912e-08
1.66106e-05	7.67534e-06	5.37648e-06	4.38053e-06	3.62826e-06	3.10347e-06	2.3515e-06	1.64004e-06	1.21655e-06	9.3852e-07	6.9346e-07	4.94826e-07	3.53346e-07	2.4797e-07	1.37356e-07	6.89817e-08	2.93865e-08
1.59237e-05	7.2873e-06	5.11395e-06	4.19253e-06	3.48178e-06	2.98698e-06	2.27128e-06	1.59338e-06	1.18425e-06	9.17206e-07	6.79578e-07	4.8525e-07	3.47632e-07	2.42979e-07	1.33722e-07	6.69053e-08	2.71467e-08
1.52867e-05	6.91587e-06	4.87538e-06	4.01677e-06	3.34592e-06	2.87816e-06	2.19632e-06	1.54855e-06	1.15559e-06	8.97007e-07	6.67e-07	4.77471e-07	3.41627e-07	2.3952e-07	1.31492e-07	6.63597e-08	2.92964e-08
1.4683e-05	6.6106e-06	4.66551e-06	3.86859e-06	3.22758e-06	2.78576e-06	2.13195e-06	1.50788e-06	1.12885e-06	8.76651e-07	6.52798e-07	4.67642e-07	3.35134e-07	2.33947e-07	1.30484e-07	6.52229e-08	2.82093e-08
1.44363e-05	6.32831e-06	4.52982e-06	3.75032e-06	3.1441e-06	2.7126e-06	2.08409e-06	1.47833e-06	1.10852e-06	8.62651e-07	6.42029e-07	4.60331e-07	3.30293e-07	2.30159e-07	1.28128e-07	6.41207e-08	2.83604e-08
1.40582e-05	6.12299e-06	4.39738e-06	3.65141e-06	3.06586e-06	2.64884e-06	2.03712e-06	1.44721e-06	1.0844e-06	8.45225e-07	6.25718e-07	4.4544e-07	3.1685e-07	2.19469e-07	1.18444e-07	5.86591e-08	2.62113e-08
1.37875e-05	5.91556e-06	4.27933e-06	3.55734e-06	2.99741e-06	2.59261e-06	2.00177e-06	1.42514e-06	1.06871e-06	8.31571e-07	6.18122e-07	4.38321e-07	3.10522e-07	2.17079e-07	1.14618e-07	5.53419e-08	2.36547e-08
1.33874e-05	5.7441e-06	4.16241e-06	3.47786e-06	2.9346e-06	2.54421e-06	1.96969e-06	1.40629e-06	1.05715e-06	8.22413e-07	6.09824e-07	4.32843e-07	3.06626e-07	2.12058e-07	1.14542e-07	5.79477e-08	2.52233e-08
1.30434e-05	5.60491e-06	4.06641e-06	3.40928e-06	2.88098e-06	2.50291e-06	1.94147e-06	1.39009e-06	1.0484e-06	8.13348e-07	6.00891e-07	4.25483e-07	3.00496e-07	2.06031e-07	1.10188e-07	5.31142e-08	1.9872e-08
1.26408e-05	5.50903e-06	3.9855e-06	3.36321e-06	2.8444e-06	2.47856e-06	1.92576e-06	1.37982e-06	1.03848e-06	8.03906e-07	5.9305e-07	4.16993e-07	2.92269e-07	2.02343e-07	1.06067e-07	4.95231e-08	2.01887e-08
1.24908e-05	5.36912e-06	3.91791e-06	3.30877e-06	2.80685e-06	2.44592e-06	1.9052e-06	1.36568e-06	1.02478e-06	7.89341e-07	5.79543e-07	4.03696e-07	2.8141e-07	1.92721e-07	9.9618e-08	4.75636e-08	1.9873e-08
1.22766e-05	5.22536e-06	3.83606e-06	3.24515e-06	2.7602e-06	2.40968e-06	1.87689e-06	1.34368e-06	1.00152e-06	7.69879e-07	5.62046e-07	3.86457e-07	2.66122e-07	1.80193e-07	9.13679e-08	4.53487e-08	2.03785e-08
1.21342e-05	5.13488e-06	3.77913e-06	3.20898e-06	2.73258e-06	2.38705e-06	1.86011e-06	1.32724e-06	9.8587e-07	7.54611e-07	5.46057e-07	3.73466e-07	2.54952e-07	1.71124e-07	8.50937e-08	4.25658e-08	1.80257e-08
1.17595e-05	5.08206e-06	3.72705e-06	3.18245e-06	2.70719e-06	2.3697e-06	1.84331e-06	1.31074e-06	9.68111e-07	7.36364e-07	5.28258e-07	3.56836e-07	2.41892e-07	1.62315e-07	8.0209e-08	3.85929e-08	1.56724e-08
1.14109e-05	4.93759e-06	3.61706e-06	3.10279e-06	2.64344e-06	2.31684e-06	1.8007e-06	1.27604e-06	9.37171e-07	7.09358e-07	5.05123e-07	3.39607e-07	2.28964e-07	1.54384e-07	7.70593e-08	3.79351e-08	1.91763e-08
1.11361e-05	4.62838e-06	3.42949e-06	2.9437e-06	2.51863e-06	2.20654e-06	1.71495e-06	1.21053e-06	8.85385e-07	6.65718e-07	4.69047e-07	3.12146e-07	2.07916e-07	1.39977e-07	6.65351e-08	3.1699e-08	1.60266e-08
1.0489e-05	4.34662e-06	3.19799e-06	2.77384e-06	2.37342e-06	2.08586e-06	1.61803e-06	1.13751e-06	8.28265e-07	6.21227e-07	4.36844e-07	2.90673e-07	1.93782e-07	1.30436e-07	6.29032e-08	2.95985e-08	1.39644e-08
1.0132e-05	4.03858e-06	2.99952e-06	2.60331e-06	2.23497e-06	1.96324e-06	1.52174e-06	1.06512e-06	7.72502e-07	5.75968e-07	4.03807e-07	2.67367e-07	1.78662e-07	1.22843e-07	6.01821e-08	2.98128e-08	1.29395e-08
1.00637e-05	3.76874e-06	2.84372e-06	2.45823e-06	2.11858e-06	1.85436e-06	1.43468e-06	9.98039e-07	7.18005e-07	5.33874e-07	3.72423e-07	2.43808e-07	1.61906e-07	1.11918e-07	5.31003e-08	2.62719e-08	1.19406e-08
9.69018e-06	3.61115e-06	2.70688e-06	2.34702e-06	2.01772e-06	1.76388e-06	1.35629e-06	9.36556e-07	6.68703e-07	4.96155e-07	3.42782e-07	2.26885e-07	1.50401e-07	1.06334e-07	5.02011e-08	2.48666e-08	1.25345e-08
9.24009e-06	3.50754e-06	2.58572e-06	2.25504e-06	1.92376e-06	1.6794e-06	1.28148e-06	8.77236e-07	6.2518e-07	4.61258e-07	3.1985e-07	2.13465e-07	1.42395e-07	1.02767e-07	5.01632e-08	2.54484e-08	1.21424e-08
9.18509e-06	3.35722e-06	2.47267e-06	2.14183e-06	1.82075e-06	1.58107e-06	1.19749e-06	8.13896e-07	5.7855e-07	4.27724e-07	2.98426e-07	1.99322e-07	1.35862e-07	9.89021e-08	4.91285e-08	2.67019e-08	9.15783e-09
8.96448e-06	3.21755e-06	2.33933e-06	2.01795e-06	1.70516e-06	1.4768e-06	1.11415e-06	7.56672e-07	5.39058e-07	4.00243e-07	2.82234e-07	1.90408e-07	1.2814e-07	9.48117e-08	4.73299e-08	2.47274e-08	1.20918e-08
8.75832e-06	3.04059e-06	2.1797e-06	1.8786e-06	1.58419e-06	1.37388e-06	1.03802e-06	7.07766e-07	5.08525e-07	3.80382e-07	2.70908e-07	1.82583e-07	1.24172e-07	9.49153e-08	4.87225e-08	2.78523e-08	1.62535e-08
8.59654e-06	2.82179e-06	2.01511e-06	1.73448e-06	1.46658e-06	1.27296e-06	9.67824e-07	6.64677e-07	4.81673e-07	3.62681e-07	2.58866e-07	1.75959e-07	1.18891e-07	8.87003e-08	4.13715e-08	2.32976e-08	1.21294e-08
8.33308e-06	2.65522e-06	1.87325e-06	1.62805e-06	1.37839e-06	1.20312e-06	9.18722e-07	6.37614e-07	4.66001e-07	3.53431e-07	2.54851e-07	1.78164e-07	1.17983e-07	8.93855e-08	4.3839e-08	2.44492e-08	1.19653e-08
8.18673e-06	2.51363e-06	1.77306e-06	1.54986e-06	1.31862e-06	1.15171e-06	8.81134e-07	6.16286e-07	4.52153e-07	3.4505e-07	2.50266e-07	1.72531e-07	1.19612e-07	8.96109e-08	4.39011e-08	2.52327e-08	1.60756e-08
7.9907e-06	2.44814e-06	1.72158e-06	1.51706e-06	1.28898e-06	1.13222e-06	8.69675e-07	6.122e-07	4.5233e-07	3.48844e-07	2.4938e-07	1.78855e-07	1.26644e-07	9.70227e-08	4.83532e-08	2.73829e-08	1.55064e-08
7.77721e-06	2.4277e-06	1.69488e-06	1.50706e-06	1.27879e-06	1.12664e-06	8.6755e-07	6.1086e-07	4.5233e-07	3.5021e-07	2.55236e-07	1.79652e-07	1.2696e-07	9.66938e-08	4.83026e-08	2.43094e-08	1.12946e-08
7.76602e-06	2.40524e-06	1.69499e-06	1.51143e-06	1.28782e-06	1.13565e-06	8.73748e-07	6.15919e-07	4.56187e-07	3.51437e-07	2.60409e-07	1.82814e-07	1.27403e-07	9.78448e-08	5.01366e-08	2.48659e-08	1.17626e-08
7.82854e-06	2.39901e-06	1.71923e-06	1.5384e-06	1.31785e-06	1.16484e-06	8.9849e-07	6.32649e-07	4.70291e-07	3.62052e-07	2.65563e-07	1.85933e-07	1.30144e-07	9.80194e-08	4.78967e-08	2.27658e-08	1.00549e-08
7.57011e-06	2.43747e-06	1.73682e-06	1.57902e-06	1.35516e-06	1.20528e-06	9.34382e-07	6.61325e-07	4.9078e-07	3.76821e-07	2.76295e-07	1.90947e-07	1.32462e-07	9.80977e-08	4.7139e-08	2.18684e-08	1.07634e-08
7.54996e-06	2.43105e-06	1.74849e-06	1.60293e-06	1.38608e-06	1.23916e-06	9.68635e-07	6.92336e-07	5.15657e-07	3.96686e-07	2.91564e-07	2.01935e-07	1.40205e-07	1.03503e-07	5.07399e-08	2.35614e-08	8.48615e-09
7.50597e-06	2.39221e-06	1.72873e-06	1.59916e-06	1.39316e-06	1.25132e-06	9.92032e-07	7.1909e-07	5.39396e-07	4.18058e-07	3.06787e-07	2.13373e-07	1.49479e-07	1.08211e-07	5.51424e-08	2.73183e-08	1.21414e-08
7.50654e-06	2.2864e-06	1.67539e-06	1.55709e-06	1.36939e-06	1.2363e-06	9.89212e-07	7.2401e-07	5.46353e-07	4.25128e-07	3.1134e-07	2.15776e-07	1.49011e-07	1.07439e-07	5.29165e-08	2.53832e-08	1.05479e-08
7.32908e-06	2.16281e-06	1.59174e-06	1.49091e-06	1.32133e-06	1.20036e-06	9.66524e-07	7.16107e-07	5.44289e-07	4.23892e-07	3.11374e-07	2.15702e-07	1.50066e-07	1.0751e-07	5.05742e-08	2.28273e-08	8.72622e-09
7.1009e-06	2.04008e-06	1.49882e-06	1.41655e-06	1.25861e-06	1.14905e-06	9.32402e-07	6.95295e-07	5.33489e-07	4.16795e-07	3.07411e-07	2.13608e-07	1.49235e-07	1.06842e-07	5.11698e-08	2.26508e-08	7.75262e-09
7.09922e-06	1.90729e-06	1.41242e-06	1.33469e-06	1.19458e-06	1.09317e-06	8.91802e-07	6.68779e-07	5.14722e-07	4.05714e-07	3.02044e-07	2.10806e-07	1.48404e-07	1.07705e-07	5.28532e-08	2.64076e-08	1.37097e-08
6.8908e-06	1.80299e-06	1.31628e-06	1.25735e-06	1.12654e-06	1.03457e-06	8.44615e-07	6.33278e-07	4.89617e-07	3.8644e-07	2.9118e-07	2.04811e-07	1.44584e-07	1.06782e-07	5.17276e-08	2.51809e-08	1.22553e-08
6.72678e-06	1.7034e-06	1.23838e-06	1.18814e-06	1.06624e-06	9.78969e-07	8.00599e-07	6.03412e-07	4.66828e-07	3.71762e-07	2.79593e-07	1.97175e-07	1.39784e-07	1.03716e-07	5.00936e-08	2.48381e-08	9.97825e-09
6.45426e-06	1.64421e-06	1.1735e-06	1.13433e-06	1.01609e-06	9.35224e-07	7.64443e-07	5.78144e-07	4.50577e-07	3.60254e-07	2.72979e-07	1.95518e-07	1.42579e-07	1.0713e-07	5.38749e-08	2.6596e-08	1.01553e-08
6.26516e-06	1.5861e-06	1.10569e-06	1.08658e-06	9.66663e-07	8.96398e-07	7.30511e-07	5.53521e-07	4.33542e-07	3.49011e-07	2.65619e-07	1.91863e-07	1.40353e-07	1.05815e-07	5.40899e-08	2.62798e-08	9.59885e-09
6.24491e-06	1.49981e-06	1.05468e-06	1.03669e-06	9.25462e-07	8.53858e-07	6.96297e-07	5.26494e-07	4.12158e-07	3.3026e-07	2.51891e-07	1.81438e-07	1.31902e-07	1.01323e-07	4.95359e-08	2.4104e-08	6.8164e-09
6.22626e-06	1.4363e-06	1.01821e-06	9.97041e-07	8.94033e-07	8.25526e-07	6.71717e-07	5.08423e-07	3.99737e-07	3.21416e-07	2.47256e-07	1.79191e-07	1.31146e-07	1.01642e-07	5.13835e-08	2.44081e-08	1.05221e-08
6.19928e-06	1.39844e-06	9.84306e-07	9.687e-07	8.67896e-07	8.01427e-07	6.47672e-07	4.91818e-07	3.82325e-07	3.07421e-07	2.3564e-07	1.70043e-07	1.23416e-07	9.54422e-08	4.76642e-08	2.24853e-08	7.61312e-09
6.00176e-06	1.38527e-06	9.57168e-07	9.55524e-07	8.54558e-07	7.9263e-07	6.46618e-07	4.89428e-07	3.85338e-07	3.11118e-07	2.39263e-07	1.75072e-07	1.27599e-07	9.97521e-08	4.97117e-08	2.44828e-08	7.65087e-09
5.95179e-06	1.35233e-06	9.30877e-07	9.33671e-07	8.37372e-07	7.7643e-07	6.33492e-07	4.8074e-07	3.7708e-07	3.02494e-07	2.30601e-07	1.66953e-07	1.19973e-07	9.40488e-08	4.51085e-08	2.14477e-08	7.80262e-09
5.93553e-06	1.31659e-06	9.00124e-07	9.08053e-07	8.14639e-07	7.57746e-07	6.19717e-07	4.69739e-07	3.66802e-07	2.95101e-07	2.23716e-07	1.60955e-07	1.15595e-07	8.95824e-08	4.31979e-08	2.04861e-08	9.05435e-09
5.95029e-06	1.25658e-06	8.65269e-07	8.76473e-07	7.87445e-07	7.34559e-07	6.00359e-07	4.52893e-07	3.53344e-07	2.82779e-07	2.14831e-07	1.51437e-07	1.06543e-07	8.28317e-08	3.79888e-08	1.75907e-08	6.80358e-09
5.85203e-06	1.2106e-06	8.23301e-07	8.43193e-07	7.58302e-07	7.08288e-07	5.78758e-07	4.36367e-07	3.37945e-07	2.70986e-07	2.03811e-07	1.43441e-07	1.0061e-07	7.73034e-08	3.29801e-08	1.31642e-08	1.75776e-09
5.74398e-06	1.16745e-06	7.79097e-07	8.09851e-07	7.30362e-07	6.84092e-07	5.59901e-07	4.22471e-07	3.29767e-07	2.62734e-07	1.97939e-07	1.39884e-07	9.86596e-08	7.65301e-08	3.54578e-08	1.4909e-08	4.79262e-09
5.74683e-06	1.10959e-06	7.38442e-07	7.69879e-07	6.96093e-07	6.53591e-07	5.34029e-07	3.99772e-07	3.13278e-07	2.49798e-07	1.89239e-07	1.33068e-07	9.53465e-08	7.65807e-08	3.54451e-08	1.53768e-08	3.41426e-09
5.43268e-06	1.10139e-06	6.89277e-07	7.49722e-07	6.70309e-07	6.35129e-07	5.14681e-07	3.87481e-07	3.0411e-07	2.44904e-07	1.87051e-07	1.34674e-07	9.8786e-08	8.0349e-08	4.04906e-08	2.16995e-08	9.23116e-09
5.3878e-06	1.06184e-06	6.60989e-07	7.22458e-07	6.48837e-07	6.12797e-07	4.95334e-07	3.71055e-07	2.88695e-07	2.30867e-07	1.74987e-07	1.25544e-07	9.04021e-08	7.3394e-08	3.53692e-08	1.7653e-08	7.25847e-09
5.41329e-06	1.03141e-06	6.36643e-07	6.99236e-07	6.24858e-07	5.92208e-07	4.78352e-07	3.56238e-07	2.74942e-07	2.17331e-07	1.63666e-07	1.15816e-07	8.31542e-08	6.67282e-08	2.98424e-08	1.19749e-08	3.12334e-09
5.47552e-06	1.00488e-06	6.21494e-07	6.85314e-07	6.14944e-07	5.83584e-07	4.71043e-07	3.49549e-07	2.68278e-07	2.13083e-07	1.60643e-07	1.15184e-07	8.36094e-08	6.91181e-08	3.24726e-08	1.57432e-08	4.85572e-09
5.58734e-06	9.78049e-07	6.14448e-07	6.66797e-07	6.059e-07	5.70368e-07	4.61648e-07	3.39664e-07	2.61949e-07	2.08196e-07	1.55784e-07	1.11464e-07	8.20141e-08	6.77381e-08	3.19787e-08	1.50473e-08	4.65328e-09
5.68638e-06	9.57108e-07	6.09646e-07	6.58279e-07	5.9652e-07	5.61721e-07	4.52328e-07	3.31959e-07	2.54103e-07	2.00969e-07	1.49642e-07	1.05296e-07	7.49981e-08	6.43509e-08	2.89573e-08	1.40866e-08	4.43843e-09
5.45175e-06	9.72941e-07	5.84996e-07	6.56033e-07	5.82025e-07	5.51956e-07	4.42303e-07	3.24242e-07	2.46934e-07	1.95357e-07	1.46094e-07	1.01965e-07	7.25413e-08	6.2274e-08	3.15985e-08	1.63746e-08	6.58777e-09
5.49911e-06	9.36552e-07	5.67798e-07	6.28136e-07	5.66812e-07	5.36289e-07	4.31899e-07	3.17596e-07	2.42717e-07	1.90762e-07	1.43992e-07	1.00647e-07	7.24509e-08	6.2892e-08	3.05609e-08	1.77271e-08	7.61177e-09
5.4108e-06	9.19191e-07	5.34835e-07	6.06881e-07	5.46632e-07	5.16058e-07	4.16131e-07	3.0968e-07	2.3398e-07	1.83593e-07	1.38807e-07	9.51345e-08	6.91635e-08	5.87447e-08	2.807e-08	1.76259e-08	7.14394e-09
5.39503e-06	8.92661e-07	5.11051e-07	5.88891e-07	5.2783e-07	5.06145e-07	4.08821e-07	3.02519e-07	2.32772e-07	1.82346e-07	1.36459e-07	9.6452e-08	6.79893e-08	5.67989e-08	2.57947e-08	1.35549e-08	4.83018e-09
5.40125e-06	8.60822e-07	4.95448e-07	5.67926e-07	5.1573e-07	4.93033e-07	3.99489e-07	2.97423e-07	2.29699e-07	1.83357e-07	1.37989e-07	9.79567e-08	7.02779e-08	6.03773e-08	2.89811e-08	1.41744e-08	6.1705e-09
5.5424e-06	8.0501e-07	4.74559e-07	5.37617e-07	4.96384e-07	4.71676e-07	3.83924e-07	2.88079e-07	2.22947e-07	1.74595e-07	1.33209e-07	9.41254e-08	6.55615e-08	5.5231e-08	2.34808e-08	1.05328e-08	-5.05779e-10
5.41218e-06	8.04618e-07	4.55112e-07	5.26844e-07	4.84283e-07	4.64204e-07	3.79233e-07	2.87029e-07	2.24313e-07	1.79235e-07	1.36194e-07	9.8513e-08	7.03791e-08	6.06049e-08	2.87788e-08	1.47687e-08	3.33814e-09
5.48679e-06	7.79163e-07	4.36553e-07	5.07725e-07	4.66001e-07	4.48337e-07	3.68744e-07	2.79264e-07	2.18346e-07	1.76786e-07	1.34366e-07	9.73574e-08	7.22847e-08	6.37249e-08	2.91567e-08	1.56151e-08	6.18283e-09
5.4636e-06	7.55273e-07	4.13931e-07	4.8288e-07	4.4931e-07	4.30305e-07	3.5152e-07	2.65527e-07	2.07908e-07	1.67282e-07	1.31626e-07	9.3162e-08	7.14015e-08	6.23862e-08	2.87148e-08	1.48569e-08	4.868e-09
5.34816e-06	7.61398e-07	3.91301e-07	4.72082e-07	4.32887e-07	4.20609e-07	3.43432e-07	2.59375e-07	2.04969e-07	1.67821e-07	1.33683e-07	9.78885e-08	7.32836e-08	6.35858e-08	3.17739e-08	1.76761e-08	5.87938e-09
5.3688e-06	7.43646e-07	3.73587e-07	4.52345e-07	4.1277e-07	3.99482e-07	3.28246e-07	2.49045e-07	1.97193e-07	1.62701e-07	1.2597e-07	9.25654e-08	7.04893e-08	6.25111e-08	3.10153e-08	1.72082e-08	8.83803e-09
5.38263e-06	7.26483e-07	3.54473e-07	4.31814e-07	3.95324e-07	3.83288e-07	3.14659e-07	2.3962e-07	1.9122e-07	1.57184e-07	1.24058e-07	9.18298e-08	6.90082e-08	6.34325e-08	3.17478e-08	1.86618e-08	9.40677e-09
5.5827e-06	6.98106e-07	3.46739e-07	4.19147e-07	3.83303e-07	3.70951e-07	3.08089e-07	2.31775e-07	1.85336e-07	1.57509e-07	1.24662e-07	9.46089e-08	7.21041e-08	6.62503e-08	3.39975e-08	1.96222e-08	7.56062e-09
5.48842e-06	7.13645e-07	3.32819e-07	4.07073e-07	3.74428e-07	3.64806e-07	2.98872e-07	2.25491e-07	1.79344e-07	1.48684e-07	1.18201e-07	8.90839e-08	6.75399e-08	6.23941e-08	3.11654e-08	1.63856e-08	6.90318e-09
5.50994e-06	7.36238e-07	3.31036e-07	4.07275e-07	3.68713e-07	3.62657e-07	2.95142e-07	2.23443e-07	1.78319e-07	1.47988e-07	1.18188e-07	8.91092e-08	6.90444e-08	6.43285e-08	3.35929e-08	1.73591e-08	6.34688e-09
5.57873e-06	7.55519e-07	3.43439e-07	4.09538e-07	3.71267e-07	3.61115e-07	2.95572e-07	2.25403e-07	1.78117e-07	1.48608e-07	1.18821e-07	9.17642e-08	7.08018e-08	6.6225e-08	3.56917e-08	1.96475e-08	1.2011e-08
5.54362e-06	7.81347e-07	3.42069e-07	4.0972e-07	3.68518e-07	3.58176e-07	2.89312e-07	2.18931e-07	1.72394e-07	1.43468e-07	1.11912e-07	8.42752e-08	6.57033e-08	6.11646e-08	3.11007e-08	1.574e-08	7.28211e-09
5.6408e-06	8.02708e-07	3.51421e-07	4.1174e-07	3.67831e-07	3.5424e-07	2.86348e-07	2.14688e-07	1.68593e-07	1.39198e-07	1.06959e-07	7.97259e-08	6.03317e-08	5.58562e-08	2.71316e-08	1.17705e-08	3.67907e-09
5.63659e-06	8.36532e-07	3.62297e-07	4.19518e-07	3.71084e-07	3.58353e-07	2.87732e-07	2.14784e-07	1.67703e-07	1.36691e-07	1.06185e-07	7.9155e-08	5.95717e-08	5.44641e-08	2.40967e-08	1.07082e-08	3.42613e-09
5.72709e-06	8.73233e-07	3.81704e-07	4.26888e-07	3.75433e-07	3.58568e-07	2.85772e-07	2.1223e-07	1.65402e-07	1.33404e-07	1.04655e-07	7.51979e-08	5.66133e-08	5.14678e-08	2.30094e-08	8.90035e-09	1.45389e-09
5.94176e-06	8.93714e-07	4.03474e-07	4.30428e-07	3.78986e-07	3.5963e-07	2.8466e-07	2.08678e-07	1.61572e-07	1.3013e-07	9.92945e-08	7.11017e-08	5.2062e-08	5.11265e-08	2.26049e-08	8.01537e-09	1.76996e-10
5.98719e-06	9.37811e-07	4.20226e-07	4.40681e-07	3.84649e-07	3.64118e-07	2.87605e-07	2.10764e-07	1.62545e-07	1.30876e-07	1.02266e-07	7.46542e-08	5.59433e-08	5.37687e-08	2.56897e-08	1.33e-08	3.79276e-09
6.11397e-06	9.49558e-07	4.26169e-07	4.40885e-07	3.81745e-07	3.6e-07	2.82718e-07	2.07459e-07	1.58066e-07	1.27143e-07	9.60683e-08	6.9507e-08	5.18331e-08	4.69027e-08	2.01643e-08	9.38053e-09	2.85714e-09
6.05709e-06	9.66474e-07	4.25109e-07	4.41746e-07	3.78119e-07	3.54669e-07	2.76832e-07	1.99338e-07	1.54611e-07	1.23575e-07	9.37018e-08	6.77606e-08	4.9885e-08	4.68256e-08	1.92915e-08	7.58514e-09	-2.52838e-10
5.9486e-06	9.87965e-07	4.17069e-07	4.4339e-07	3.73745e-07	3.52507e-07	2.72762e-07	1.95469e-07	1.49427e-07	1.20275e-07	9.15527e-08	6.61677e-08	4.92402e-08	4.70405e-08	2.16177e-08	1.292e-08	8.15403e-09
6.21789e-06	9.48612e-07	4.27943e-07	4.32823e-07	3.72497e-07	3.46695e-07	2.70467e-07	1.94023e-07	1.49259e-07	1.19779e-07	9.27134e-08	6.70636e-08	5.07307e-08	5.09962e-08	2.62566e-08	1.95818e-08	1.34506e-08
6.10314e-06	9.75867e-07	4.28322e-07	4.35604e-07	3.72168e-07	3.46708e-07	2.70239e-07	1.92569e-07	1.4907e-07	1.18452e-07	8.9199e-08	6.60523e-08	4.90241e-08	4.66854e-08	2.29824e-08	1.26037e-08	5.01871e-09
6.12484e-06	9.82138e-07	4.22903e-07	4.37528e-07	3.68294e-07	3.44617e-07	2.66041e-07	1.8768e-07	1.45497e-07	1.15639e-07	8.84234e-08	6.47975e-08	4.89837e-08	4.77069e-08	2.38661e-08	1.49163e-08	1.04035e-08
6.18521e-06	9.79571e-07	4.25604e-07	4.30813e-07	3.64204e-07	3.40236e-07	2.61125e-07	1.85452e-07	1.41775e-07	1.13458e-07	8.571e-08	6.06038e-08	4.54465e-08	4.32721e-08	2.01128e-08	1.13901e-08	4.46248e-09
6.12261e-06	9.93983e-07	4.22912e-07	4.35983e-07	3.65405e-07	3.41158e-07	2.6134e-07	1.84807e-07	1.39968e-07	1.13901e-07	8.65569e-08	6.27781e-08	4.53201e-08	4.44478e-08	2.0176e-08	1.15418e-08	5.11984e-09
6.18259e-06	9.97093e-07	4.29843e-07	4.36795e-07	3.65867e-07	3.38891e-07	2.57913e-07	1.80487e-07	1.35726e-07	1.10343e-07	8.23052e-08	6.03984e-08	4.16898e-08	4.20311e-08	1.78617e-08	1.13516e-08	5.47353e-09
6.2721e-06	1.01377e-06	4.47503e-07	4.44217e-07	3.72431e-07	3.38756e-07	2.57704e-07	1.78953e-07	1.3552e-07	1.06308e-07	8.00152e-08	6.03337e-08	4.21186e-08	4.21944e-08	1.88345e-08	1.15409e-08	7.31892e-09
6.38617e-06	1.05849e-06	4.66313e-07	4.59803e-07	3.81444e-07	3.48894e-07	2.6108e-07	1.82227e-07	1.37745e-07	1.07761e-07	8.2379e-08	5.96132e-08	4.68209e-08	4.39135e-08	2.22222e-08	1.12249e-08	3.2992e-09
6.44324e-06	1.09885e-06	4.82189e-07	4.72746e-07	3.88785e-07	3.53681e-07	2.65131e-07	1.83003e-07	1.38077e-07	1.09016e-07	8.19513e-08	5.89321e-08	4.16266e-08	4.46731e-08	2.07059e-08	1.1794e-08	5.28392e-09
6.58817e-06	1.10423e-06	5.01454e-07	4.77563e-07	3.9526e-07	3.55707e-07	2.66338e-07	1.82202e-07	1.3839e-07	1.09177e-07	8.39338e-08	6.0536e-08	4.27759e-08	4.5127e-08	2.16028e-08	1.13386e-08	5.95374e-09
6.61134e-06	1.11308e-06	5.05081e-07	4.74087e-07	3.93821e-07	3.53979e-07	2.62527e-07	1.77786e-07	1.33166e-07	1.03929e-07	7.86606e-08	5.55794e-08	4.21933e-08	4.33689e-08	2.06795e-08	1.32723e-08	6.99009e-09
6.42444e-06	1.14732e-06	4.98951e-07	4.82026e-07	3.91966e-07	3.55259e-07	2.62065e-07	1.77314e-07	1.29421e-07	1.03458e-07	7.71166e-08	5.47438e-08	4.21544e-08	4.28875e-08	2.10582e-08	1.40304e-08	9.15135e-09
6.48035e-06	1.14381e-06	5.10061e-07	4.84984e-07	3.99022e-07	3.5884e-07	2.64877e-07	1.79774e-07	1.3101e-07	1.04505e-07	7.92254e-08	5.3984e-08	4.07629e-08	4.23429e-08	2.00844e-08	1.1995e-08	8.03883e-09
6.51984e-06	1.14439e-06	5.2011e-07	4.91076e-07	4.01813e-07	3.62211e-07	2.67336e-07	1.80385e-07	1.3095e-07	1.03281e-07	7.80772e-08	5.57297e-08	4.1535e-08	4.29633e-08	2.12731e-08	1.47509e-08	9.02495e-09
6.64556e-06	1.12123e-06	5.29717e-07	4.89547e-07	4.05984e-07	3.59646e-07	2.65591e-07	1.76935e-07	1.28877e-07	1.01259e-07	7.48161e-08	5.16217e-08	3.58976e-08	3.80969e-08	1.69755e-08	1.06681e-08	4.76528e-09
6.52963e-06	1.13797e-06	5.21083e-07	4.97396e-07	4.03193e-07	3.62354e-07	2.62311e-07	1.72544e-07	1.26106e-07	9.86021e-08	7.0681e-08	4.8372e-08	3.39375e-08	3.45189e-08	1.43713e-08	9.73254e-09	8.70873e-09
6.42918e-06	1.15306e-06	5.23397e-07	5.0158e-07	4.0496e-07	3.64019e-07	2.63632e-07	1.72713e-07	1.27323e-07	9.82759e-08	7.25788e-08	5.22284e-08	3.72248e-08	3.94241e-08	1.93771e-08	1.32088e-08	1.00362e-08
6.47626e-06	1.13604e-06	5.22207e-07	4.93036e-07	4.01969e-07	3.57896e-07	2.59852e-07	1.6962e-07	1.22324e-07	9.28107e-08	6.79112e-08	4.59567e-08	3.26601e-08	3.60348e-08	1.34735e-08	8.53156e-09	6.2312e-09
6.45028e-06	1.10641e-06	5.14877e-07	4.81913e-07	3.96471e-07	3.52284e-07	2.55757e-07	1.68609e-07	1.21136e-07	9.35944e-08	6.88086e-08	4.875e-08	3.57946e-08	3.81835e-08	1.77456e-08	1.02505e-08	6.85053e-09
6.32299e-06	1.0892e-06	4.93086e-07	4.65709e-07	3.80015e-07	3.37243e-07	2.43939e-07	1.61114e-07	1.15182e-07	8.7894e-08	6.44354e-08	4.33024e-08	3.15605e-08	3.46318e-08	1.49776e-08	6.74941e-09	3.61485e-09
6.2365e-06	1.05838e-06	4.79437e-07	4.54058e-07	3.73878e-07	3.32297e-07	2.41399e-07	1.55481e-07	1.1189e-07	8.59053e-08	6.29155e-08	4.33634e-08	3.19886e-08	3.43773e-08	1.48758e-08	8.91029e-09	4.39827e-09
5.98913e-06	1.0681e-06	4.57648e-07	4.51113e-07	3.622e-07	3.28556e-07	2.35244e-07	1.53257e-07	1.0954e-07	8.40221e-08	6.15252e-08	4.05576e-08	3.0295e-08	3.46048e-08	1.62028e-08	1.05533e-08	6.52157e-09
6.12334e-06	1.03984e-06	4.5421e-07	4.46184e-07	3.55476e-07	3.2781e-07	2.34423e-07	1.53687e-07	1.1117e-07	8.61075e-08	6.25995e-08	4.40333e-08	3.2115e-08	3.76002e-08	1.92867e-08	1.16403e-08	8.12669e-09
6.09977e-06	1.04388e-06	4.43342e-07	4.39386e-07	3.53142e-07	3.22228e-07	2.31952e-07	1.52394e-07	1.08197e-07	8.2554e-08	6.27117e-08	4.20858e-08	3.08756e-08	3.44017e-08	1.51787e-08	8.10121e-09	5.34604e-09
6.10789e-06	1.05052e-06	4.43923e-07	4.35013e-07	3.5323e-07	3.18386e-07	2.29526e-07	1.49057e-07	1.0773e-07	8.09615e-08	5.91224e-08	4.14413e-08	2.96876e-08	3.43891e-08	1.40665e-08	6.9132e-09	4.91633e-09
6.27202e-06	1.04303e-06	4.5368e-07	4.33282e-07	3.53306e-07	3.162e-07	2.28098e-07	1.47528e-07	1.05467e-07	7.93817e-08	5.71129e-08	3.76371e-08	2.74632e-08	3.14949e-08	1.40665e-08	7.19124e-09	4.54982e-09
6.39966e-06	1.0558e-06	4.69101e-07	4.34991e-07	3.56637e-07	3.14263e-07	2.27795e-07	1.47685e-07	1.0598e-07	8.09195e-08	5.80326e-08	3.90001e-08	2.95597e-08	3.23526e-08	1.55444e-08	1.0047e-08	8.78324e-09
6.28982e-06	1.12198e-06	4.67786e-07	4.43825e-07	3.58824e-07	3.19798e-07	2.28566e-07	1.44942e-07	1.04539e-07	7.86447e-08	5.6099e-08	3.72435e-08	2.76008e-08	3.19735e-08	1.28273e-08	8.55576e-09	8.53048e-09
6.26163e-06	1.17543e-06	4.70403e-07	4.52622e-07	3.59838e-07	3.23379e-07	2.26336e-07	1.4303e-07	1.0134e-07	7.37647e-08	5.28371e-08	3.31606e-08	2.37331e-08	2.70441e-08	9.03576e-09	4.38519e-09	4.9286e-09
6.40368e-06	1.20594e-06	4.93125e-07	4.644e-07	3.69304e-07	3.30355e-07	2.32845e-07	1.49602e-07	1.05308e-07	8.14862e-08	5.71338e-08	3.83041e-08	2.77265e-08	3.10754e-08	1.30418e-08	7.5951e-09	5.37091e-09
6.5441e-06	1.24517e-06	5.07822e-07	4.72364e-07	3.75329e-07	3.35258e-07	2.34596e-07	1.49287e-07	1.04921e-07	8.22255e-08	5.72432e-08	3.71386e-08	2.65871e-08	3.05171e-08	1.15497e-08	6.01496e-09	5.15568e-09
6.71528e-06	1.28195e-06	5.25842e-07	4.80388e-07	3.77992e-07	3.34824e-07	2.35095e-07	1.48154e-07	1.02598e-07	7.52774e-08	5.40855e-08	3.49155e-08	2.42121e-08	2.818e-08	8.7573e-09	5.24427e-09	1.07413e-09
6.93258e-06	1.31639e-06	5.38162e-07	4.8538e-07	3.83353e-07	3.3886e-07	2.37768e-07	1.49426e-07	1.01787e-07	7.67413e-08	5.35407e-08	3.58118e-08	2.58669e-08	2.91144e-08	9.9449e-09	8.79499e-09	5.95178e-09
7.28165e-06	1.33121e-06	5.65796e-07	4.94175e-07	3.95815e-07	3.43691e-07	2.42842e-07	1.52051e-07	1.06586e-07	7.99489e-08	5.58265e-08	3.57098e-08	2.56261e-08	2.77111e-08	1.02226e-08	8.32723e-09	7.24052e-09
7.37715e-06	1.3868e-06	5.8636e-07	5.13812e-07	4.06791e-07	3.5517e-07	2.49678e-07	1.57682e-07	1.10686e-07	8.25941e-08	5.93929e-08	4.08042e-08	2.92289e-08	3.09854e-08	1.00715e-08	4.8778e-09	3.13392e-09
7.72832e-06	1.39933e-06	6.07031e-07	5.16579e-07	4.12278e-07	3.54377e-07	2.49128e-07	1.54873e-07	1.07157e-07	8.03301e-08	5.58911e-08	3.58118e-08	2.49949e-08	2.83057e-08	9.17408e-09	4.54913e-09	2.9443e-09
7.99313e-06	1.42552e-06	6.20732e-07	5.22708e-07	4.19339e-07	3.59315e-07	2.50082e-07	1.5494e-07	1.05492e-07	7.71729e-08	5.28597e-08	3.35633e-08	2.50461e-08	2.75988e-08	9.71769e-09	4.61243e-09	3.56358e-09
8.16969e-06	1.45791e-06	6.23354e-07	5.32247e-07	4.23539e-07	3.63947e-07	2.53671e-07	1.5617e-07	1.0416e-07	7.67899e-08	5.2301e-08	3.09839e-08	2.02431e-08	2.19743e-08	4.1952e-09	-1.37734e-09	-1.22571e-09
8.23628e-06	1.48014e-06	6.24807e-07	5.37732e-07	4.26571e-07	3.68458e-07	2.56653e-07	1.57838e-07	1.05676e-07	7.85084e-08	5.29455e-08	3.22222e-08	2.21891e-08	2.44762e-08	7.91023e-09	1.94597e-09	1.09935e-09
8.30999e-06	1.47936e-06	6.34225e-07	5.40841e-07	4.3151e-07	3.72359e-07	2.60084e-07	1.60711e-07	1.10544e-07	8.16316e-08	5.66999e-08	3.73155e-08	2.61449e-08	2.9582e-08	1.21942e-08	6.60888e-09	2.95693e-09
8.20916e-06	1.48748e-06	6.36209e-07	5.41612e-07	4.31232e-07	3.73193e-07	2.59414e-07	1.60938e-07	1.10354e-07	7.99257e-08	5.53983e-08	3.74924e-08	2.70168e-08	2.93672e-08	1.1853e-08	6.06551e-09	4.19531e-09
8.1615e-06	1.47431e-06	6.37026e-07	5.3293e-07	4.24297e-07	3.64427e-07	2.54202e-07	1.55134e-07	1.05739e-07	7.71943e-08	5.45882e-08	3.42693e-08	2.38065e-08	2.63843e-08	8.23877e-09	2.88104e-09	-2.52723e-11
7.9048e-06	1.47237e-06	6.28178e-07	5.2953e-07	4.19939e-07	3.61259e-07	2.50594e-07	1.54347e-07	1.04397e-07	7.68891e-08	5.34749e-08	3.23856e-08	2.23149e-08	2.50569e-08	8.06166e-09	4.89007e-09	2.94415e-09
7.59997e-06	1.44602e-06	6.13255e-07	5.2066e-07	4.12674e-07	3.54284e-07	2.47334e-07	1.53108e-07	1.0326e-07	7.76472e-08	5.26283e-08	3.45716e-08	2.39196e-08	2.70407e-08	1.05888e-08	6.14102e-09	5.44604e-09
7.33598e-06	1.38834e-06	5.89068e-07	5.02843e-07	3.98537e-07	3.42751e-07	2.40176e-07	1.49137e-07	1.01034e-07	7.66091e-08	5.06684e-08	3.20942e-08	2.23396e-08	2.79119e-08	1.1751e-08	8.81959e-09	4.32135e-09
7.08356e-06	1.33338e-06	5.63151e-07	4.87137e-07	3.8574e-07	3.33607e-07	2.34269e-07	1.43902e-07	9.94895e-08	7.5091e-08	5.07809e-08	3.29021e-08	2.33625e-08	2.91999e-08	1.35702e-08	1.02598e-08	5.25624e-09
6.77604e-06	1.29603e-06	5.34027e-07	4.7262e-07	3.71968e-07	3.25723e-07	2.27749e-07	1.39341e-07	9.60654e-08	7.2286e-08	4.84939e-08	3.16764e-08	2.05701e-08	2.44112e-08	7.58112e-09	4.10644e-09	2.60285e-09
6.50014e-06	1.26584e-06	5.12634e-07	4.64346e-07	3.65635e-07	3.22514e-07	2.25723e-07	1.41807e-07	9.95831e-08	7.59191e-08	5.24068e-08	3.42893e-08	2.45104e-08	2.92735e-08	1.16614e-08	6.98673e-09	6.27922e-09
6.37786e-06	1.24003e-06	4.92672e-07	4.53443e-07	3.57056e-07	3.15982e-07	2.22476e-07	1.39154e-07	9.84713e-08	7.27606e-08	5.09792e-08	3.3266e-08	2.36134e-08	2.77069e-08	1.36071e-08	1.11687e-08	1.00695e-08
6.27457e-06	1.19421e-06	4.78054e-07	4.42262e-07	3.52925e-07	3.10992e-07	2.20063e-07	1.36804e-07	9.46431e-08	6.96905e-08	4.73784e-08	2.97284e-08	2.11876e-08	2.51927e-08	9.96841e-09	7.99747e-09	9.7789e-09
6.23828e-06	1.16518e-06	4.73469e-07	4.4172e-07	3.50945e-07	3.18046e-07	2.26438e-07	1.44734e-07	1.03522e-07	7.94042e-08	5.64357e-08	3.90893e-08	3.05867e-08	3.22291e-08	1.66262e-08	1.28487e-08	1.12063e-08
6.1155e-06	1.13504e-06	4.57335e-07	4.34127e-07	3.49315e-07	3.14458e-07	2.26804e-07	1.45707e-07	1.04192e-07	8.08065e-08	5.71685e-08	3.96705e-08	3.12437e-08	3.35936e-08	1.74727e-08	1.34678e-08	9.67758e-09
6.08706e-06	1.07982e-06	4.42062e-07	4.17818e-07	3.39465e-07	3.04647e-07	2.2364e-07	1.41736e-07	1.01877e-07	7.46519e-08	5.39328e-08	3.66122e-08	2.84761e-08	3.11292e-08	1.40107e-08	1.02711e-08	9.57627e-09
5.89675e-06	1.05432e-06	4.16658e-07	4.12691e-07	3.36765e-07	3.05119e-07	2.21701e-07	1.43817e-07	1.01344e-07	7.8819e-08	5.42978e-08	3.74577e-08	2.65425e-08	2.9903e-08	1.15847e-08	7.22624e-09	4.25742e-09
5.78803e-06	1.00148e-06	4.00536e-07	3.99866e-07	3.30015e-07	3.00831e-07	2.20722e-07	1.44301e-07	1.02395e-07	7.86442e-08	5.67754e-08	3.80398e-08	2.69475e-08	2.96258e-08	1.20904e-08	6.3168e-09	6.3926e-09
5.59778e-06	9.83489e-07	3.86635e-07	4.01491e-07	3.2927e-07	3.04788e-07	2.24621e-07	1.50733e-07	1.08565e-07	8.52577e-08	6.30243e-08	4.47827e-08	3.29965e-08	3.6003e-08	1.85068e-08	1.33527e-08	1.00051e-08
5.4133e-06	9.54989e-07	3.68718e-07	3.92898e-07	3.25059e-07	3.02863e-07	2.24753e-07	1.51419e-07	1.09124e-07	8.33902e-08	6.09161e-08	4.2232e-08	3.03444e-08	3.2252e-08	1.45153e-08	8.13563e-09	5.89959e-09
5.27747e-06	9.23057e-07	3.60059e-07	3.90528e-07	3.26887e-07	3.05892e-07	2.28632e-07	1.56098e-07	1.15434e-07	9.09275e-08	6.80124e-08	4.95692e-08	3.69748e-08	3.86675e-08	2.1197e-08	1.63968e-08	1.27586e-08
5.26415e-06	8.75032e-07	3.59671e-07	3.88245e-07	3.29165e-07	3.06604e-07	2.31911e-07	1.59062e-07	1.18678e-07	9.35021e-08	6.95013e-08	4.95554e-08	3.59128e-08	3.8515e-08	2.10323e-08	1.58658e-08	1.30868e-08
5.11097e-06	8.64493e-07	3.568e-07	3.91678e-07	3.33127e-07	3.13673e-07	2.37134e-07	1.62793e-07	1.22925e-07	9.6233e-08	7.03494e-08	4.98345e-08	3.76064e-08	4.01455e-08	2.04644e-08	1.53356e-08	1.26197e-08
4.92451e-06	8.91908e-07	3.59077e-07	4.14431e-07	3.42353e-07	3.31956e-07	2.50897e-07	1.71922e-07	1.30527e-07	1.02408e-07	7.65626e-08	5.47218e-08	4.14709e-08	4.15467e-08	2.1626e-08	1.63584e-08	1.12551e-08
5.03035e-06	8.87752e-07	3.90392e-07	4.28503e-07	3.66972e-07	3.43275e-07	2.63276e-07	1.83265e-07	1.37297e-07	1.08105e-07	8.10596e-08	5.83093e-08	4.3252e-08	4.30878e-08	2.18913e-08	1.46152e-08	1.27962e-08
5.09954e-06	9.10616e-07	4.20583e-07	4.52163e-07	3.87045e-07	3.61616e-07	2.7558e-07	1.90402e-07	1.4211e-07	1.10656e-07	8.36997e-08	5.74504e-08	4.20393e-08	4.10035e-08	2.13734e-08	1.47542e-08	1.22657e-08
5.01988e-06	9.75205e-07	4.555e-07	4.92118e-07	4.1662e-07	3.89134e-07	2.94008e-07	2.05437e-07	1.52044e-07	1.17307e-07	8.64743e-08	6.154e-08	4.3654e-08	4.37298e-08	2.24838e-08	1.48292e-08	1.21387e-08
5.10133e-06	1.03244e-06	5.07718e-07	5.31957e-07	4.49702e-07	4.15029e-07	3.13675e-07	2.17348e-07	1.60747e-07	1.23648e-07	9.16279e-08	6.51021e-08	4.83529e-08	4.58392e-08	2.37849e-08	1.68502e-08	1.4084e-08
5.15404e-06	1.12276e-06	5.7835e-07	5.86447e-07	4.92548e-07	4.51522e-07	3.42365e-07	2.3687e-07	1.75357e-07	1.36542e-07	1.01074e-07	7.27675e-08	5.49451e-08	5.03852e-08	2.72199e-08	1.83529e-08	1.29973e-08
5.40614e-06	1.19939e-06	6.6769e-07	6.3735e-07	5.40116e-07	4.84691e-07	3.68132e-07	2.53417e-07	1.88443e-07	1.47846e-07	1.08551e-07	7.85525e-08	5.9088e-08	5.56524e-08	3.22976e-08	2.44284e-08	1.77593e-08
5.27584e-06	1.40238e-06	7.53555e-07	7.21323e-07	5.97002e-07	5.38611e-07	4.05461e-07	2.79915e-07	2.05067e-07	1.59535e-07	1.19079e-07	8.58615e-08	6.59181e-08	5.97039e-08	3.45063e-08	2.51471e-08	1.90088e-08
5.40519e-06	1.55899e-06	8.54732e-07	7.98416e-07	6.55409e-07	5.86539e-07	4.3944e-07	3.01624e-07	2.22574e-07	1.7222e-07	1.26727e-07	9.08333e-08	6.8908e-08	6.23911e-08	3.62348e-08	2.64341e-08	1.95256e-08
5.49739e-06	1.72039e-06	9.48357e-07	8.74599e-07	7.11081e-07	6.33181e-07	4.72113e-07	3.23549e-07	2.372e-07	1.82677e-07	1.33029e-07	9.32203e-08	6.95395e-08	6.0926e-08	3.46687e-08	2.33146e-08	1.75554e-08
5.79423e-06	1.85239e-06	1.0651e-06	9.4928e-07	7.7296e-07	6.79288e-07	5.05469e-07	3.3905e-07	2.4736e-07	1.92271e-07	1.37232e-07	9.71079e-08	7.01692e-08	5.99646e-08	3.5072e-08	2.10028e-08	1.72518e-08
6.1723e-06	2.08131e-06	1.22587e-06	1.05878e-06	8.57321e-07	7.43894e-07	5.47109e-07	3.65341e-07	2.63268e-07	2.00624e-07	1.45407e-07	9.99646e-08	7.36189e-08	6.16207e-08	3.24459e-08	2.08139e-08	1.5181e-08
6.73676e-06	2.5805e-06	1.53689e-06	1.29385e-06	1.02933e-06	8.7776e-07	6.3151e-07	4.146e-07	2.92498e-07	2.1998e-07	1.57174e-07	1.07691e-07	8.05885e-08	6.39177e-08	3.56656e-08	2.40591e-08	1.82496e-08
7.67965e-06	3.38073e-06	2.05487e-06	1.68467e-06	1.31666e-06	1.1045e-06	7.74804e-07	4.92397e-07	3.38911e-07	2.48863e-07	1.77292e-07	1.20965e-07	8.71811e-08	6.8338e-08	3.69917e-08	2.27709e-08	1.4145e-08
9.04544e-06	4.1675e-06	2.65026e-06	2.1196e-06	1.65762e-06	1.36888e-06	9.49014e-07	5.87928e-07	3.95451e-07	2.83425e-07	1.94852e-07	1.28533e-07	8.80295e-08	6.81124e-08	3.44793e-08	1.9513e-08	1.13542e-08
9.44199e-06	4.4685e-06	2.91715e-06	2.35045e-06	1.85623e-06	1.53856e-06	1.07801e-06	6.71003e-07	4.51036e-07	3.22796e-07	2.2051e-07	1.45251e-07	9.92549e-08	7.6004e-08	4.03006e-08	2.50568e-08	1.70371e-08
9.21953e-06	4.33088e-06	2.87422e-06	2.35357e-06	1.8894e-06	1.58541e-06	1.1331e-06	7.23731e-07	4.9534e-07	3.57477e-07	2.47297e-07	1.64776e-07	1.08866e-07	8.6095e-08	4.77393e-08	3.05128e-08	2.13059e-08
8.81146e-06	4.097e-06	2.73193e-06	2.26957e-06	1.84615e-06	1.57093e-06	1.14633e-06	7.56144e-07	5.29893e-07	3.90114e-07	2.73812e-07	1.84006e-07	1.28236e-07	9.71812e-08	5.3838e-08	3.50458e-08	2.46773e-08
8.30352e-06	3.88177e-06	2.5843e-06	2.18318e-06	1.79243e-06	1.54474e-06	1.14907e-06	7.79981e-07	5.59898e-07	4.22181e-07	3.01803e-07	2.04966e-07	1.47227e-07	1.07105e-07	5.92544e-08	3.5689e-08	2.29844e-08
7.80145e-06	3.67156e-06	2.45744e-06	2.11136e-06	1.74856e-06	1.52397e-06	1.1555e-06	8.06325e-07	5.92544e-07	4.54574e-07	3.33527e-07	2.33494e-07	1.71802e-07	1.27298e-07	7.4169e-08	4.39609e-08	2.60911e-08
7.52346e-06	3.48107e-06	2.36813e-06	2.0562e-06	1.721e-06	1.51193e-06	1.16055e-06	8.24409e-07	6.15465e-07	4.7795e-07	3.55097e-07	2.5192e-07	1.83673e-07	1.36265e-07	7.97131e-08	4.76738e-08	2.99934e-08
7.35824e-06	3.41948e-06	2.37273e-06	2.07601e-06	1.75375e-06	1.54771e-06	1.20316e-06	8.67006e-07	6.56143e-07	5.1518e-07	3.86631e-07	2.77746e-07	2.03122e-07	1.49449e-07	8.57496e-08	4.92271e-08	2.74172e-08
7.27194e-06	3.51586e-06	2.45602e-06	2.1642e-06	1.83645e-06	1.62666e-06	1.27281e-06	9.2394e-07	7.04513e-07	5.55791e-07	4.17273e-07	3.01864e-07	2.2117e-07	1.61729e-07	9.29434e-08	5.23059e-08	3.00298e-08
7.41349e-06	3.73636e-06	2.62686e-06	2.31736e-06	1.96933e-06	1.7479e-06	1.37147e-06	9.98624e-07	7.62331e-07	5.99823e-07	4.52646e-07	3.28362e-07	2.41243e-07	1.75262e-07	1.01755e-07	5.64086e-08	3.06983e-08
7.85108e-06	4.07395e-06	2.88559e-06	2.52288e-06	2.13942e-06	1.89192e-06	1.47569e-06	1.06511e-06	8.07892e-07	6.3311e-07	4.70375e-07	3.36659e-07	2.45195e-07	1.74504e-07	1.00568e-07	5.71663e-08	3.3628e-08
8.46769e-06	4.40542e-06	3.14115e-06	2.70775e-06	2.28225e-06	1.99824e-06	1.54174e-06	1.09174e-06	8.136e-07	6.30155e-07	4.66397e-07	3.29019e-07	2.37416e-07	1.68595e-07	9.59465e-08	5.50827e-08	3.08499e-08
8.91495e-06	4.62816e-06	3.28694e-06	2.79403e-06	2.33635e-06	2.02427e-06	1.53793e-06	1.06983e-06	7.84296e-07	5.98899e-07	4.35094e-07	3.04639e-07	2.18204e-07	1.56278e-07	8.94914e-08	5.08385e-08	2.94095e-08
8.67891e-06	4.42815e-06	3.12454e-06	2.66381e-06	2.22649e-06	1.93331e-06	1.47122e-06	1.02178e-06	7.47493e-07	5.68456e-07	4.13007e-07	2.8794e-07	2.05544e-07	1.47089e-07	8.29019e-08	4.73545e-08	2.93219e-08
7.90663e-06	3.91121e-06	2.71515e-06	2.35381e-06	1.97842e-06	1.73603e-06	1.33432e-06	9.43099e-07	7.0077e-07	5.40687e-07	3.97689e-07	2.82839e-07	2.06668e-07	1.52166e-07	9.11984e-08	5.42998e-08	3.62167e-08
7.30201e-06	3.40302e-06	2.31936e-06	2.02955e-06	1.71056e-06	1.51125e-06	1.16883e-06	8.37505e-07	6.31027e-07	4.92777e-07	3.6886e-07	2.65463e-07	1.97879e-07	1.4844e-07	8.94052e-08	5.56636e-08	3.85276e-08
6.71447e-06	2.97475e-06	1.98689e-06	1.75432e-06	1.47765e-06	1.30943e-06	1.01393e-06	7.29469e-07	5.51732e-07	4.34769e-07	3.29057e-07	2.39116e-07	1.79807e-07	1.37962e-07	8.34512e-08	5.21365e-08	3.24638e-08
6.27097e-06	2.63373e-06	1.72456e-06	1.53798e-06	1.29599e-06	1.15079e-06	8.91696e-07	6.40705e-07	4.85731e-07	3.8191e-07	2.89782e-07	2.12415e-07	1.59936e-07	1.25224e-07	7.52709e-08	4.76678e-08	2.93204e-08
5.8178e-06	2.40562e-06	1.53748e-06	1.39272e-06	1.16796e-06	1.04201e-06	8.067e-07	5.79472e-07	4.38786e-07	3.48872e-07	2.61686e-07	1.9474e-07	1.48324e-07	1.17503e-07	7.36635e-08	4.6731e-08	3.00513e-08
5.67961e-06	2.29214e-06	1.43985e-06	1.30323e-06	1.09029e-06	9.71805e-07	7.4959e-07	5.37665e-07	4.07472e-07	3.21599e-07	2.45435e-07	1.80863e-07	1.38589e-07	1.1095e-07	6.90169e-08	4.57335e-08	3.26902e-08
5.70537e-06	2.25194e-06	1.39558e-06	1.24706e-06	1.03566e-06	9.19139e-07	7.0397e-07	5.00013e-07	3.77345e-07	2.97331e-07	2.26395e-07	1.67782e-07	1.27945e-07	1.04056e-07	6.65042e-08	4.40415e-08	3.067e-08
5.77354e-06	2.25051e-06	1.38191e-06	1.21938e-06	1.00354e-06	8.84738e-07	6.72496e-07	4.73549e-07	3.54372e-07	2.78314e-07	2.10803e-07	1.56057e-07	1.20818e-07	9.97197e-08	6.3357e-08	4.26252e-08	2.95952e-08
5.70516e-06	2.26613e-06	1.36629e-06	1.20165e-06	9.82513e-07	8.62731e-07	6.46953e-07	4.50191e-07	3.33969e-07	2.61105e-07	1.97987e-07	1.43519e-07	1.11083e-07	9.25608e-08	5.68546e-08	3.8446e-08	2.73225e-08
5.69517e-06	2.30775e-06	1.38377e-06	1.21447e-06	9.86895e-07	8.6597e-07	6.43979e-07	4.44335e-07	3.27816e-07	2.56445e-07	1.94909e-07	1.42843e-07	1.10421e-07	9.34146e-08	5.89476e-08	4.0502e-08	3.2346e-08
5.64611e-06	2.34849e-06	1.42402e-06	1.24629e-06	1.01254e-06	8.84876e-07	6.55309e-07	4.49703e-07	3.30489e-07	2.56369e-07	1.92829e-07	1.40689e-07	1.08307e-07	9.00139e-08	5.8528e-08	4.10049e-08	2.97058e-08
5.62989e-06	2.38249e-06	1.47148e-06	1.28527e-06	1.04487e-06	9.11751e-07	6.7752e-07	4.64246e-07	3.40016e-07	2.64405e-07	1.99248e-07	1.45692e-07	1.11504e-07	9.17332e-08	5.92743e-08	4.05262e-08	2.88607e-08
5.5736e-06	2.39497e-06	1.49944e-06	1.30999e-06	1.06969e-06	9.33116e-07	6.96473e-07	4.7917e-07	3.52181e-07	2.72105e-07	2.03782e-07	1.48336e-07	1.13278e-07	9.34581e-08	5.72767e-08	3.73681e-08	2.71676e-08
5.52237e-06	2.42428e-06	1.52517e-06	1.33649e-06	1.095e-06	9.57848e-07	7.16477e-07	4.95872e-07	3.64039e-07	2.82362e-07	2.10607e-07	1.52423e-07	1.14942e-07	9.36703e-08	5.74898e-08	3.82256e-08	2.78107e-08
5.48451e-06	2.48836e-06	1.58415e-06	1.39025e-06	1.14241e-06	1.00119e-06	7.53768e-07	5.23001e-07	3.87772e-07	2.9919e-07	2.2318e-07	1.62686e-07	1.2244e-07	9.80761e-08	6.27288e-08	4.14699e-08	3.21787e-08
5.53985e-06	2.61839e-06	1.68833e-06	1.48339e-06	1.22071e-06	1.07019e-06	8.06643e-07	5.60139e-07	4.12783e-07	3.18989e-07	2.36594e-07	1.70206e-07	1.25896e-07	9.96516e-08	6.26894e-08	4.23273e-08	3.05241e-08
5.84431e-06	2.8473e-06	1.88421e-06	1.64013e-06	1.3527e-06	1.17941e-06	8.85521e-07	6.1049e-07	4.47867e-07	3.44004e-07	2.53105e-07	1.80358e-07	1.32984e-07	1.02537e-07	6.27367e-08	4.05074e-08	2.72658e-08
6.2856e-06	3.14091e-06	2.12475e-06	1.82718e-06	1.50504e-06	1.30271e-06	9.74363e-07	6.65501e-07	4.84537e-07	3.68972e-07	2.70247e-07	1.89409e-07	1.37377e-07	1.06135e-07	6.5337e-08	4.39157e-08	3.0977e-08
6.65173e-06	3.48137e-06	2.36081e-06	2.02666e-06	1.66479e-06	1.43955e-06	1.07276e-06	7.28971e-07	5.27946e-07	4.0003e-07	2.90114e-07	2.03158e-07	1.46837e-07	1.10775e-07	6.67222e-08	4.31561e-08	2.98521e-08
6.9598e-06	3.71759e-06	2.56773e-06	2.20347e-06	1.82111e-06	1.57616e-06	1.18093e-06	8.06081e-07	5.80834e-07	4.37342e-07	3.13693e-07	2.18002e-07	1.56543e-07	1.16985e-07	6.8199e-08	4.14395e-08	2.78072e-08
7.19152e-06	3.81489e-06	2.72023e-06	2.35181e-06	1.97545e-06	1.72409e-06	1.31479e-06	9.13301e-07	6.66595e-07	5.04443e-07	3.63849e-07	2.51439e-07	1.8106e-07	1.29222e-07	7.6059e-08	4.59686e-08	3.14914e-08
6.88205e-06	3.63386e-06	2.64521e-06	2.33501e-06	1.99552e-06	1.76578e-06	1.37568e-06	9.79427e-07	7.2619e-07	5.55951e-07	4.05036e-07	2.7973e-07	2.01666e-07	1.43948e-07	8.33649e-08	5.0183e-08	3.47091e-08
6.06475e-06	3.21695e-06	2.35016e-06	2.13691e-06	1.85199e-06	1.66453e-06	1.32455e-06	9.70743e-07	7.36413e-07	5.74126e-07	4.25243e-07	2.98763e-07	2.13757e-07	1.51571e-07	8.48668e-08	4.83403e-08	2.95595e-08
5.2704e-06	2.72965e-06	1.97928e-06	1.84326e-06	1.6113e-06	1.46679e-06	1.18503e-06	8.87574e-07	6.84744e-07	5.44059e-07	4.08145e-07	2.92072e-07	2.12724e-07	1.5145e-07	8.60489e-08	5.03824e-08	3.13376e-08
4.74339e-06	2.29789e-06	1.65131e-06	1.56487e-06	1.37796e-06	1.26473e-06	1.03134e-06	7.83192e-07	6.14001e-07	4.92768e-07	3.74388e-07	2.73802e-07	2.01979e-07	1.48632e-07	8.73467e-08	5.06462e-08	2.97213e-08
4.35024e-06	1.95308e-06	1.38166e-06	1.33031e-06	1.1742e-06	1.08382e-06	8.88087e-07	6.7924e-07	5.3526e-07	4.32774e-07	3.34137e-07	2.47325e-07	1.85197e-07	1.37733e-07	8.21429e-08	4.95331e-08	3.27612e-08
4.03409e-06	1.69628e-06	1.1643e-06	1.14234e-06	1.00751e-06	9.3435e-07	7.63472e-07	5.8347e-07	4.61799e-07	3.77155e-07	2.92473e-07	2.18367e-07	1.68518e-07	1.28411e-07	7.87627e-08	4.82471e-08	3.04021e-08
3.72082e-06	1.48211e-06	9.96719e-07	9.89538e-07	8.70813e-07	8.07034e-07	6.56281e-07	4.9899e-07	3.94967e-07	3.219e-07	2.51584e-07	1.89912e-07	1.46841e-07	1.14813e-07	7.26887e-08	4.69448e-08	3.16499e-08
3.39163e-06	1.34332e-06	8.73722e-07	8.79843e-07	7.70701e-07	7.17298e-07	5.79247e-07	4.37902e-07	3.4485e-07	2.82185e-07	2.21185e-07	1.68412e-07	1.31641e-07	1.04573e-07	6.70444e-08	4.39139e-08	3.03359e-08
3.21921e-06	1.26527e-06	7.93093e-07	8.11541e-07	7.03866e-07	6.55259e-07	5.25111e-07	3.93638e-07	3.08513e-07	2.5236e-07	1.98213e-07	1.51083e-07	1.17694e-07	9.66207e-08	6.24874e-08	4.18055e-08	2.85055e-08
3.20342e-06	1.2128e-06	7.44972e-07	7.65577e-07	6.6008e-07	6.15035e-07	4.89603e-07	3.61698e-07	2.82976e-07	2.30815e-07	1.78224e-07	1.36548e-07	1.07578e-07	9.21594e-08	6.22682e-08	4.33669e-08	3.19479e-08
3.32406e-06	1.16077e-06	7.19093e-07	7.30676e-07	6.2846e-07	5.82393e-07	4.59056e-07	3.38898e-07	2.63179e-07	2.13617e-07	1.6591e-07	1.25256e-07	9.93388e-08	8.50809e-08	5.73725e-08	3.95816e-08	2.96389e-08
3.33011e-06	1.11343e-06	6.79267e-07	6.89916e-07	5.93028e-07	5.47441e-07	4.28826e-07	3.145e-07	2.43603e-07	1.96061e-07	1.52304e-07	1.1642e-07	9.11603e-08	7.75083e-08	5.11507e-08	3.47608e-08	2.48688e-08
3.31708e-06	1.04242e-06	6.29653e-07	6.39141e-07	5.48651e-07	5.04567e-07	3.95809e-07	2.87984e-07	2.22703e-07	1.79073e-07	1.38737e-07	1.05718e-07	8.32345e-08	7.2346e-08	4.73895e-08	3.17066e-08	2.13102e-08
3.23999e-06	9.75889e-07	5.71475e-07	5.89619e-07	5.03962e-07	4.66275e-07	3.60897e-07	2.63595e-07	2.02945e-07	1.58974e-07	1.24543e-07	9.41482e-08	7.43395e-08	6.60627e-08	4.26077e-08	3.1593e-08	2.21807e-08
3.25502e-06	9.03984e-07	5.37859e-07	5.43208e-07	4.71048e-07	4.31322e-07	3.36668e-07	2.39718e-07	1.85472e-07	1.50389e-07	1.17286e-07	8.8308e-08	7.10249e-08	6.64329e-08	4.29555e-08	3.21063e-08	2.43604e-08
3.11291e-06	8.41235e-07	4.84395e-07	5.00706e-07	4.31019e-07	3.96427e-07	3.07022e-07	2.19319e-07	1.67419e-07	1.34367e-07	1.04481e-07	7.88591e-08	6.27365e-08	5.86744e-08	3.78589e-08	2.83216e-08	2.50921e-08
2.91904e-06	8.05656e-07	4.37254e-07	4.72853e-07	4.03055e-07	3.7423e-07	2.87958e-07	2.05886e-07	1.56146e-07	1.26299e-07	9.79287e-08	7.45282e-08	6.00843e-08	5.59971e-08	3.52584e-08	2.63775e-08	2.17984e-08
2.72727e-06	7.58099e-07	4.0298e-07	4.4862e-07	3.82481e-07	3.56204e-07	2.75078e-07	1.95403e-07	1.49157e-07	1.21291e-07	9.33999e-08	7.2144e-08	5.72207e-08	5.46977e-08	3.59143e-08	2.68064e-08	2.26309e-08
2.6141e-06	7.10952e-07	3.72493e-07	4.26331e-07	3.6476e-07	3.42849e-07	2.65686e-07	1.89482e-07	1.4624e-07	1.18336e-07	9.26533e-08	7.09312e-08	5.70427e-08	5.50748e-08	3.82092e-08	2.87358e-08	2.12175e-08
2.58212e-06	6.52123e-07	3.39867e-07	4.00502e-07	3.46363e-07	3.26736e-07	2.52668e-07	1.8121e-07	1.38916e-07	1.12541e-07	8.70733e-08	6.6866e-08	5.27259e-08	5.20195e-08	3.50665e-08	2.63503e-08	2.23896e-08
2.40816e-06	6.08883e-07	3.05734e-07	3.77129e-07	3.2608e-07	3.11234e-07	2.40874e-07	1.70098e-07	1.29279e-07	1.03635e-07	7.96059e-08	6.02942e-08	4.87525e-08	4.72388e-08	2.9201e-08	2.16706e-08	1.90847e-08
2.39799e-06	5.54314e-07	2.82984e-07	3.5748e-07	3.13837e-07	3.00328e-07	2.34889e-07	1.66864e-07	1.27207e-07	1.01287e-07	7.92634e-08	5.98007e-08	4.86251e-08	4.7162e-08	3.08401e-08	2.36251e-08	2.00681e-08
2.33799e-06	5.10582e-07	2.61099e-07	3.39615e-07	3.02167e-07	2.90084e-07	2.2461e-07	1.59969e-07	1.22711e-07	9.71192e-08	7.49458e-08	5.64048e-08	4.5192e-08	4.43343e-08	2.83285e-08	2.27789e-08	1.90202e-08
2.20956e-06	4.80059e-07	2.33956e-07	3.19951e-07	2.88028e-07	2.79249e-07	2.17106e-07	1.54066e-07	1.16795e-07	9.34867e-08	7.07835e-08	5.26588e-08	4.20387e-08	4.24676e-08	2.76474e-08	2.43429e-08	2.04329e-08
2.0942e-06	4.58253e-07	2.1794e-07	3.10488e-07	2.79639e-07	2.74228e-07	2.13248e-07	1.53882e-07	1.17004e-07	9.52603e-08	7.1688e-08	5.47119e-08	4.44203e-08	4.43194e-08	2.92352e-08	2.2248e-08	2.20588e-08
2.16438e-06	4.2193e-07	2.08972e-07	2.99957e-07	2.72248e-07	2.6574e-07	2.08127e-07	1.50918e-07	1.1322e-07	9.03668e-08	6.7299e-08	5.09535e-08	3.95268e-08	3.90097e-08	2.44552e-08	1.8931e-08	1.75436e-08
2.22936e-06	3.95843e-07	2.0651e-07	2.93995e-07	2.70411e-07	2.6514e-07	2.08553e-07	1.50352e-07	1.14107e-07	9.16841e-08	6.90973e-08	5.19964e-08	4.10624e-08	4.023e-08	2.48064e-08	1.90683e-08	1.7164e-08
2.33883e-06	3.56458e-07	2.04202e-07	2.82089e-07	2.64762e-07	2.57397e-07	2.0448e-07	1.46114e-07	1.10273e-07	8.68288e-08	6.52004e-08	4.76076e-08	3.75564e-08	3.83509e-08	2.39362e-08	1.88917e-08	1.66343e-08
2.3787e-06	3.31959e-07	1.95785e-07	2.74049e-07	2.60606e-07	2.54187e-07	2.02621e-07	1.43866e-07	1.09173e-07	8.55024e-08	6.45051e-08	4.68119e-08	3.79843e-08	3.82491e-08	2.37465e-08	1.88156e-08	1.62051e-08
2.3147e-06	3.31812e-07	1.93586e-07	2.72201e-07	2.60524e-07	2.51583e-07	2.01581e-07	1.43207e-07	1.08326e-07	8.51472e-08	6.28011e-08	4.45156e-08	3.51837e-08	3.6634e-08	2.18543e-08	1.69109e-08	1.26863e-08
2.45144e-06	3.12279e-07	1.94631e-07	2.68284e-07	2.59495e-07	2.49319e-07	1.99259e-07	1.40523e-07	1.05241e-07	8.16857e-08	5.88117e-08	4.26334e-08	3.3794e-08	3.49919e-08	1.95072e-08	1.44003e-08	1.18153e-08
2.57962e-06	3.08963e-07	2.02487e-07	2.69558e-07	2.62648e-07	2.50845e-07	1.99271e-07	1.39135e-07	1.02971e-07	8.07904e-08	5.84712e-08	4.27595e-08	3.23943e-08	3.28231e-08	1.98351e-08	1.55604e-08	1.39337e-08
2.69854e-06	3.20523e-07	2.18124e-07	2.7518e-07	2.69241e-07	2.52118e-07	2.00736e-07	1.38712e-07	1.026e-07	8.10889e-08	5.90483e-08	4.13577e-08	3.10309e-08	3.13083e-08	1.81571e-08	1.43743e-08	1.4803e-08
2.569e-06	3.87896e-07	2.23124e-07	2.89333e-07	2.71908e-07	2.56739e-07	2.00832e-07	1.36666e-07	1.00391e-07	7.68503e-08	5.54407e-08	3.76749e-08	2.86471e-08	2.96684e-08	1.61392e-08	1.37183e-08	1.33022e-08
2.63932e-06	4.14076e-07	2.45493e-07	3.01031e-07	2.81186e-07	2.62236e-07	2.03495e-07	1.38778e-07	1.01079e-07	7.77542e-08	5.63709e-08	3.85178e-08	2.98686e-08	3.20624e-08	1.91643e-08	1.61006e-08	1.59114e-08
2.62561e-06	4.62959e-07	2.64606e-07	3.15729e-07	2.89291e-07	2.68854e-07	2.05842e-07	1.41128e-07	1.03381e-07	7.91876e-08	5.60781e-08	4.00161e-08	2.98545e-08	3.21995e-08	2.15462e-08	1.80161e-08	1.76757e-08
2.55511e-06	5.23337e-07	2.86235e-07	3.33552e-07	2.97758e-07	2.77447e-07	2.11786e-07	1.43502e-07	1.05767e-07	8.07529e-08	5.75546e-08	4.02567e-08	3.14186e-08	3.27046e-08	2.07272e-08	1.74492e-08	1.76761e-08
2.62502e-06	5.75029e-07	3.14312e-07	3.51152e-07	3.09093e-07	2.84255e-07	2.15959e-07	1.4475e-07	1.04052e-07	7.96308e-08	5.77815e-08	4.00928e-08	3.15699e-08	3.26416e-08	2.16728e-08	1.74996e-08	1.34273e-08
2.85484e-06	6.09594e-07	3.50504e-07	3.62506e-07	3.19617e-07	2.88527e-07	2.15872e-07	1.42688e-07	1.01589e-07	7.7408e-08	5.47025e-08	3.78341e-08	2.90343e-08	3.05976e-08	1.66162e-08	1.38679e-08	9.73273e-09
3.06706e-06	6.64183e-07	3.84569e-07	3.82514e-07	3.32892e-07	2.94907e-07	2.18268e-07	1.42549e-07	1.01387e-07	7.74962e-08	5.53959e-08	3.76324e-08	2.89334e-08	3.05472e-08	1.8356e-08	1.38048e-08	1.22416e-08
3.22622e-06	7.29149e-07	4.21852e-07	3.98581e-07	3.42418e-07	2.99934e-07	2.19908e-07	1.43677e-07	1.02478e-07	7.77823e-08	5.56704e-08	3.86138e-08	3.0117e-08	3.17684e-08	1.86324e-08	1.53547e-08	1.22914e-08
3.28128e-06	8.06099e-07	4.41909e-07	4.11414e-07	3.41687e-07	2.99241e-07	2.14815e-07	1.37537e-07	9.76123e-08	7.55887e-08	5.24684e-08	3.60673e-08	2.78604e-08	3.10499e-08	1.94393e-08	1.44345e-08	1.42958e-08
3.44311e-06	8.50134e-07	4.60378e-07	4.16772e-07	3.44524e-07	2.97426e-07	2.115e-07	1.32482e-07	9.11326e-08	6.84534e-08	4.63164e-08	2.99909e-08	2.21623e-08	2.57425e-08	1.35142e-08	1.03121e-08	1.33251e-08
3.53008e-06	8.81426e-07	4.70312e-07	4.24842e-07	3.50856e-07	3.01339e-07	2.14205e-07	1.33222e-07	9.35128e-08	7.01409e-08	4.8723e-08	3.19819e-08	2.5162e-08	2.6473e-08	1.4182e-08	1.17742e-08	1.26062e-08
3.45381e-06	9.16854e-07	4.66179e-07	4.30115e-07	3.48897e-07	3.05647e-07	2.1727e-07	1.36014e-07	9.56889e-08	7.13475e-08	5.01828e-08	3.28879e-08	2.57784e-08	2.7518e-08	1.47863e-08	1.35258e-08	1.27947e-08
3.58557e-06	9.14963e-07	4.70591e-07	4.30619e-07	3.52616e-07	3.07677e-07	2.18757e-07	1.39279e-07	9.67982e-08	7.2772e-08	5.00819e-08	3.36065e-08	2.47069e-08	2.74297e-08	1.63494e-08	1.3488e-08	1.39796e-08
3.6847e-06	9.24469e-07	4.76075e-07	4.37125e-07	3.56527e-07	3.14047e-07	2.24563e-07	1.42112e-07	1.00691e-07	7.28332e-08	5.06479e-08	3.38955e-08	2.5387e-08	2.78576e-08	1.64246e-08	1.36389e-08	1.35254e-08
3.78431e-06	9.48709e-07	4.91365e-07	4.42823e-07	3.64985e-07	3.19052e-07	2.26592e-07	1.43498e-07	1.0388e-07	7.59971e-08	5.29673e-08	3.29879e-08	2.37861e-08	2.76559e-08	1.69793e-08	1.15842e-08	1.18363e-08
3.84206e-06	9.78017e-07	5.04361e-07	4.50475e-07	3.72551e-07	3.21804e-07	2.32259e-07	1.46053e-07	1.02718e-07	7.55666e-08	5.3218e-08	3.41594e-08	2.48065e-08	2.75418e-08	1.50629e-08	1.24033e-08	1.45083e-08
3.94413e-06	9.67416e-07	5.0784e-07	4.4861e-07	3.73094e-07	3.22573e-07	2.33053e-07	1.48411e-07	1.05075e-07	7.69783e-08	5.53357e-08	3.70837e-08	2.8588e-08	3.00502e-08	1.53024e-08	1.42184e-08	1.37772e-08
3.91909e-06	9.35564e-07	4.9937e-07	4.3961e-07	3.67333e-07	3.16447e-07	2.30053e-07	1.46003e-07	1.0176e-07	7.57809e-08	5.26004e-08	3.60375e-08	2.73023e-08	2.83611e-08	1.56427e-08	1.31217e-08	1.35251e-08
3.79919e-06	8.97771e-07	4.79932e-07	4.30709e-07	3.59527e-07	3.13077e-07	2.27109e-07	1.4496e-07	1.02292e-07	7.6892e-08	5.43665e-08	3.63914e-08	2.68492e-08	2.99375e-08	1.65885e-08	1.42944e-08	1.47986e-08
3.70777e-06	8.41871e-07	4.67076e-07	4.19669e-07	3.53216e-07	3.07888e-07	2.24721e-07	1.43293e-07	1.01117e-07	7.62347e-08	5.24743e-08	3.63148e-08	2.62813e-08	2.82225e-08	1.62099e-08	1.29957e-08	1.42562e-08
3.4343e-06	7.81066e-07	4.30279e-07	3.97718e-07	3.38119e-07	2.9734e-07	2.18442e-07	1.40149e-07	9.95336e-08	7.32636e-08	5.10021e-08	3.49805e-08	2.59044e-08	2.82365e-08	1.64629e-08	1.35636e-08	1.36644e-08
3.19451e-06	7.26365e-07	3.93889e-07	3.79834e-07	3.2185e-07	2.85648e-07	2.11239e-07	1.38544e-07	9.9821e-08	7.2039e-08	5.28412e-08	3.64544e-08	2.59542e-08	2.87022e-08	1.70549e-08	1.22901e-08	1.4307e-08
3.03442e-06	6.69679e-07	3.67494e-07	3.57624e-07	3.09056e-07	2.74933e-07	2.05302e-07	1.35469e-07	9.66445e-08	7.19004e-08	5.17572e-08	3.43871e-08	2.60803e-08	2.79837e-08	1.50759e-08	1.23658e-08	1.17859e-08
2.96334e-06	6.13646e-07	3.41127e-07	3.34207e-07	2.92636e-07	2.59599e-07	1.95982e-07	1.28016e-07	9.47387e-08	7.01969e-08	4.87685e-08	3.43863e-08	2.60544e-08	2.59031e-08	1.471e-08	1.15587e-08	1.20251e-08
2.92997e-06	5.75138e-07	3.24754e-07	3.18854e-07	2.82704e-07	2.53977e-07	1.92351e-07	1.27045e-07	9.31253e-08	7.00708e-08	4.87559e-08	3.39955e-08	2.69367e-08	2.6067e-08	1.60461e-08	1.26428e-08	1.3689e-08
2.88392e-06	5.43525e-07	3.13157e-07	3.10573e-07	2.77888e-07	2.49212e-07	1.89074e-07	1.27272e-07	9.44866e-08	7.20876e-08	5.32559e-08	3.74241e-08	2.99115e-08	3.15249e-08	1.80755e-08	1.37646e-08	1.2315e-08
2.79281e-06	5.19298e-07	2.96196e-07	2.96587e-07	2.69209e-07	2.42828e-07	1.85149e-07	1.2466e-07	9.16104e-08	7.0964e-08	5.15403e-08	3.67551e-08	2.8852e-08	3.05032e-08	1.82641e-08	1.38903e-08	1.18231e-08
2.74177e-06	4.96269e-07	2.81146e-07	2.86541e-07	2.57727e-07	2.32265e-07	1.77259e-07	1.20097e-07	8.68206e-08	6.446e-08	4.6448e-08	3.4524e-08	2.63184e-08	2.98351e-08	1.82263e-08	1.64742e-08	1.65499e-08
2.65482e-06	4.73871e-07	2.63121e-07	2.70167e-07	2.46773e-07	2.23329e-07	1.69608e-07	1.11337e-07	8.15897e-08	6.29601e-08	4.50615e-08	3.10956e-08	2.25623e-08	2.4579e-08	1.42936e-08	1.09912e-08	1.36508e-08
2.67146e-06	4.48737e-07	2.53252e-07	2.63071e-07	2.39979e-07	2.17682e-07	1.67339e-07	1.10202e-07	8.15645e-08	6.21786e-08	4.53136e-08	3.22552e-08	2.44908e-08	2.69865e-08	1.51886e-08	1.3008e-08	1.23903e-08
2.60508e-06	4.30945e-07	2.44171e-07	2.58236e-07	2.36243e-07	2.15182e-07	1.65688e-07	1.09866e-07	8.04744e-08	6.27789e-08	4.53354e-08	3.28199e-08	2.35941e-08	2.64803e-08	1.5263e-08	1.20869e-08	1.26289e-08
2.57038e-06	4.07625e-07	2.33716e-07	2.48639e-07	2.3243e-07	2.12264e-07	1.63222e-07	1.09214e-07	8.07159e-08	6.09277e-08	4.48828e-08	3.5329e-08	2.48677e-08	2.63927e-08	1.44946e-08	1.25284e-08	1.28309e-08
2.48559e-06	3.93348e-07	2.23892e-07	2.41537e-07	2.2766e-07	2.11086e-07	1.60999e-07	1.07837e-07	8.09281e-08	6.18336e-08	4.57639e-08	3.09798e-08	2.54846e-08	2.76524e-08	1.65486e-08	1.40153e-08	1.3675e-08
2.47162e-06	3.78441e-07	2.17975e-07	2.38758e-07	2.24188e-07	2.04691e-07	1.58991e-07	1.06965e-07	7.83424e-08	5.98785e-08	4.3658e-08	3.03111e-08	2.21315e-08	2.60007e-08	1.36746e-08	1.08641e-08	1.08767e-08
2.46251e-06	3.60938e-07	2.11391e-07	2.32047e-07	2.1865e-07	1.99367e-07	1.56177e-07	1.04756e-07	7.73574e-08	6.02047e-08	4.39342e-08	3.14572e-08	2.53195e-08	2.69327e-08	1.66234e-08	1.55899e-08	1.651e-08
2.37323e-06	3.55141e-07	2.01863e-07	2.25632e-07	2.14567e-07	1.95649e-07	1.52219e-07	1.01845e-07	7.38285e-08	5.78731e-08	4.04179e-08	2.84828e-08	2.22065e-08	2.52691e-08	1.3397e-08	1.16326e-08	1.05739e-08
2.34417e-06	3.45113e-07	1.94195e-07	2.18619e-07	2.08751e-07	1.91032e-07	1.49002e-07	1.00267e-07	7.29319e-08	5.61577e-08	4.1904e-08	2.75369e-08	1.92821e-08	2.39073e-08	1.18213e-08	1.08635e-08	8.51943e-09
2.3093e-06	3.35283e-07	1.9049e-07	2.14977e-07	2.05727e-07	1.8865e-07	1.4696e-07	9.82633e-08	7.04996e-08	5.5036e-08	4.02405e-08	2.81419e-08	2.06811e-08	2.25463e-08	1.2212e-08	1.05863e-08	8.30519e-09
2.28695e-06	3.24781e-07	1.84129e-07	2.09157e-07	1.97185e-07	1.83562e-07	1.42403e-07	9.4944e-08	6.82024e-08	5.08242e-08	3.4933e-08	2.25955e-08	1.68742e-08	1.78949e-08	8.17875e-09	7.62426e-09	1.04093e-08
2.20695e-06	3.17451e-07	1.78101e-07	2.11344e-07	1.9592e-07	1.85851e-07	1.43496e-07	9.47904e-08	7.04942e-08	5.34819e-08	3.82463e-08	2.56572e-08	1.9873e-08	2.20153e-08	1.23119e-08	1.04973e-08	1.2879e-08
2.19985e-06	3.02566e-07	1.72459e-07	1.99173e-07	1.94209e-07	1.78697e-07	1.39583e-07	9.11061e-08	6.70758e-08	4.97114e-08	3.49303e-08	2.25938e-08	1.46677e-08	1.89521e-08	9.29963e-09	6.88021e-09	9.24923e-09
2.15063e-06	2.87122e-07	1.65411e-07	1.93674e-07	1.90423e-07	1.74181e-07	1.37702e-07	9.31074e-08	6.72253e-08	5.08947e-08	3.41482e-08	2.38407e-08	1.78301e-08	2.20388e-08	1.19708e-08	8.85837e-09	9.77823e-09
2.07056e-06	2.75006e-07	1.56889e-07	1.89864e-07	1.85378e-07	1.74567e-07	1.35783e-07	9.1656e-08	6.63164e-08	5.0906e-08	3.40843e-08	2.29707e-08	1.79053e-08	2.12318e-08	1.21091e-08	1.10506e-08	1.08112e-08
2.01249e-06	2.56111e-07	1.48977e-07	1.8486e-07	1.80098e-07	1.6833e-07	1.33404e-07	8.94567e-08	6.52026e-08	4.9995e-08	3.29226e-08	2.18602e-08	1.5888e-08	1.89119e-08	9.91584e-09	8.2023e-09	9.47485e-09
1.95498e-06	2.41344e-07	1.39489e-07	1.78283e-07	1.74869e-07	1.66049e-07	1.29889e-07	8.65588e-08	6.26449e-08	4.84578e-08	3.29478e-08	2.0638e-08	1.58628e-08	1.84835e-08	9.15986e-09	8.1645e-09	9.61345e-09
1.89985e-06	3.4805e-07	2.38239e-07	2.0556e-07	1.97421e-07	1.68692e-07	1.27635e-07	7.73459e-08	5.1673e-08	3.50943e-08	1.91195e-08	1.05157e-08	4.3522e-09	6.26415e-09	-1.2956e-09	-2.22642e-09	1.1195e-09
2.04053e-06	4.06878e-07	2.79881e-07	2.33591e-07	2.20056e-07	1.84344e-07	1.374e-07	8.35367e-08	5.70455e-08	3.79129e-08	2.31956e-08	1.24028e-08	7.97504e-09	8.50336e-09	-1.05663e-09	-3.2831e-09	-1.39626e-09
2.21088e-06	4.46717e-07	3.05547e-07	2.4834e-07	2.32126e-07	1.91195e-07	1.40491e-07	8.32327e-08	5.40755e-08	3.71069e-08	2.09937e-08	9.54717e-09	4.55346e-09	6.15094e-09	-9.68553e-10	-2.01258e-09	1.50943e-09
2.26392e-06	4.78465e-07	3.23945e-07	2.66548e-07	2.45755e-07	2.03754e-07	1.52494e-07	9.03796e-08	6.30708e-08	4.33093e-08	2.76485e-08	1.53337e-08	9.82415e-09	9.30841e-09	-7.67315e-10	-1.76105e-10	3.08184e-09
2.24738e-06	5.0205e-07	3.30834e-07	2.70907e-07	2.4795e-07	2.05595e-07	1.51668e-07	9.14511e-08	6.20534e-08	4.05178e-08	2.44415e-08	1.20006e-08	7.17017e-09	6.70474e-09	-1.71078e-09	-2.302e-09	-1.52209e-09
2.20133e-06	5.16718e-07	3.37564e-07	2.7414e-07	2.49484e-07	2.08111e-07	1.52347e-07	9.3577e-08	6.48335e-08	4.22789e-08	2.59258e-08	1.2466e-08	8.44068e-09	9.17027e-09	1.84915e-09	-6.54121e-10	-8.80547e-11
2.17502e-06	5.08453e-07	3.29803e-07	2.72139e-07	2.44692e-07	2.06954e-07	1.52624e-07	9.50614e-08	6.19276e-08	4.28827e-08	2.83914e-08	1.46171e-08	1.05791e-08	8.35262e-09	1.79883e-09	-1.81141e-09	-2.64164e-10
2.11148e-06	4.92276e-07	3.04883e-07	2.56239e-07	2.34666e-07	1.99394e-07	1.4919e-07	9.44073e-08	6.35126e-08	4.47821e-08	2.96619e-08	1.73468e-08	1.25667e-08	1.24283e-08	4.93107e-09	9.43444e-10	-8.80547e-11
2.06257e-06	4.08524e-07	2.83813e-07	2.27345e-07	2.18514e-07	1.81808e-07	1.40988e-07	8.75013e-08	5.76255e-08	3.88573e-08	2.29571e-08	1.18119e-08	1.19125e-08	7.43434e-09	5.83677e-09	1.25792e-09	1.34598e-09
1.8311e-06	3.62396e-07	2.4483e-07	2.14111e-07	2.05319e-07	1.76487e-07	1.33843e-07	8.51867e-08	5.74997e-08	4.05807e-08	2.58504e-08	1.4441e-08	1.20006e-08	1.0315e-08	3.28318e-09	6.79279e-10	2.89323e-10
1.72445e-06	2.96002e-07	2.14061e-07	1.89594e-07	1.8694e-07	1.61518e-07	1.2349e-07	7.78656e-08	5.20404e-08	3.49074e-08	2.28062e-08	1.11704e-08	6.428e-09	5.79903e-09	-1.6982e-09	-4.54111e-09	-1.6353e-09
1.61833e-06	2.81039e-07	1.98294e-07	1.81954e-07	1.80344e-07	1.59325e-07	1.24406e-07	8.10083e-08	5.67813e-08	3.90198e-08	2.74598e-08	1.71828e-08	1.14846e-08	1.29689e-08	6.79262e-09	1.63526e-09	1.81137e-09
1.53914e-06	2.57069e-07	1.97082e-07	1.76843e-07	1.8005e-07	1.57824e-07	1.24692e-07	8.22516e-08	5.74591e-08	4.22516e-08	2.94591e-08	2.11069e-08	1.40126e-08	1.41887e-08	8.18868e-09	4.01258e-09	5.33333e-09
1.41792e-06	2.45333e-07	1.76767e-07	1.66566e-07	1.68843e-07	1.47849e-07	1.13547e-07	7.29057e-08	5.05157e-08	3.58239e-08	2.27673e-08	1.43145e-08	1.00503e-08	1.04528e-08	3.0566e-09	9.93711e-10	5.4717e-09
1.37241e-06	3.90591e-07	2.7307e-07	2.21032e-07	2.00546e-07	1.6761e-07	1.19872e-07	6.9217e-08	4.43799e-08	2.7629e-08	1.53047e-08	5.96091e-09	1.73546e-09	4.57758e-09	-9.68334e-10	-2.0247e-09	1.73546e-09
1.74455e-06	5.69684e-07	3.74642e-07	2.93375e-07	2.55622e-07	2.08725e-07	1.47392e-07	8.58318e-08	5.49575e-08	3.68102e-08	2.07757e-08	1.10544e-08	7.04261e-09	7.96066e-09	1.79838e-09	-9.43206e-10	3.77283e-11
2.19709e-06	8.33518e-07	5.49072e-07	4.23349e-07	3.56104e-07	2.89149e-07	2.01368e-07	1.17197e-07	7.52301e-08	5.06942e-08	3.06479e-08	1.78077e-08	1.24755e-08	1.15826e-08	3.60934e-09	5.785e-10	2.30142e-09
2.53061e-06	1.13768e-06	7.66154e-07	5.93212e-07	4.88757e-07	3.97092e-07	2.74894e-07	1.59285e-07	1.01046e-07	6.64378e-08	3.9664e-08	2.30388e-08	1.56191e-08	1.42986e-08	7.60834e-09	6.1747e-09	5.395e-09
2.84654e-06	1.42453e-06	9.7915e-07	7.63833e-07	6.23441e-07	5.07256e-07	3.50843e-07	2.02641e-07	1.26119e-07	8.04829e-08	4.48566e-08	2.44215e-08	1.3745e-08	1.084e-08	1.96177e-09	-1.76056e-09	-1.59708e-09
3.12144e-06	1.61129e-06	1.12726e-06	8.85442e-07	7.27356e-07	5.94675e-07	4.14594e-07	2.45642e-07	1.55155e-07	1.01454e-07	6.02032e-08	3.38808e-08	2.11661e-08	1.67266e-08	5.57135e-09	9.80959e-10	1.27022e-09
3.24631e-06	1.68003e-06	1.18974e-06	9.40903e-07	7.77549e-07	6.40579e-07	4.49506e-07	2.68456e-07	1.70662e-07	1.12861e-07	6.66927e-08	3.71758e-08	2.29016e-08	1.62864e-08	5.99894e-09	6.91702e-10	3.26986e-10
3.30224e-06	1.68172e-06	1.1879e-06	9.44565e-07	7.86332e-07	6.51479e-07	4.62724e-07	2.82019e-07	1.798e-07	1.19146e-07	7.00991e-08	3.91494e-08	2.40203e-08	1.57956e-08	6.71563e-09	1.54686e-09	1.03124e-09
3.29788e-06	1.60541e-06	1.13016e-06	9.00501e-07	7.52685e-07	6.26437e-07	4.51193e-07	2.76101e-07	1.77721e-07	1.16313e-07	7.10908e-08	3.81172e-08	2.17309e-08	1.40597e-08	4.03682e-09	-6.91667e-10	2.49e-09
3.20229e-06	1.47919e-06	1.04893e-06	8.29791e-07	7.0049e-07	5.82985e-07	4.24095e-07	2.64688e-07	1.73516e-07	1.17178e-07	7.45096e-08	4.27565e-08	2.44718e-08	1.67631e-08	6.3003e-09	7.29376e-10	3.64688e-10
3.11459e-06	1.36431e-06	9.64713e-07	7.59658e-07	6.40958e-07	5.30395e-07	3.85865e-07	2.42191e-07	1.64047e-07	1.1172e-07	6.94291e-08	3.75252e-08	2.40694e-08	1.68637e-08	5.75956e-09	-5.78471e-10	-2.93008e-09
3.04649e-06	1.3111e-06	9.0839e-07	7.07553e-07	5.93924e-07	4.92505e-07	3.57297e-07	2.26742e-07	1.5314e-07	1.07882e-07	6.86351e-08	4.058e-08	2.70365e-08	1.99819e-08	9.80861e-09	5.58336e-09	4.74083e-09
3.04122e-06	1.24456e-06	8.44265e-07	6.44179e-07	5.36906e-07	4.40535e-07	3.17179e-07	1.98187e-07	1.32372e-07	8.87131e-08	5.53907e-08	2.91854e-08	1.58564e-08	9.70752e-09	-3.8981e-10	-6.82796e-09	-7.80877e-09
3.01242e-06	1.13697e-06	7.60507e-07	5.65428e-07	4.73177e-07	3.83743e-07	2.77621e-07	1.74744e-07	1.17678e-07	8.12228e-08	5.06904e-08	2.56407e-08	1.32542e-08	7.35645e-09	-1.8737e-09	-5.36958e-09	-3.59649e-09
2.86223e-06	1.02959e-06	6.67186e-07	4.88016e-07	4.12527e-07	3.32197e-07	2.45844e-07	1.55806e-07	1.05631e-07	7.70982e-08	4.83011e-08	2.84072e-08	1.52033e-08	9.95951e-09	4.27555e-10	-1.45872e-09	2.26352e-10
2.56104e-06	8.82891e-07	5.56323e-07	4.18427e-07	3.58307e-07	2.96439e-07	2.22134e-07	1.46107e-07	1.03805e-07	7.71842e-08	4.80735e-08	3.27448e-08	2.20562e-08	1.40586e-08	3.94849e-09	9.93411e-10	4.18742e-09
2.24427e-06	7.00674e-07	4.63432e-07	3.6185e-07	3.19874e-07	2.6902e-07	2.05151e-07	1.33711e-07	9.81112e-08	7.24328e-08	4.84143e-08	3.11863e-08	2.27107e-08	1.77687e-08	7.92234e-09	1.89885e-09	-1.76052e-10
1.85335e-06	6.09142e-07	4.11758e-07	3.39738e-07	3.04062e-07	2.59394e-07	1.98139e-07	1.30332e-07	9.5171e-08	6.92907e-08	4.75729e-08	3.09356e-08	2.28747e-08	1.6499e-08	6.23742e-09	-2.26358e-10	-6.79074e-10
1.65874e-06	5.64724e-07	3.92244e-07	3.32487e-07	2.99942e-07	2.56482e-07	1.94298e-07	1.27726e-07	9.07422e-08	6.54284e-08	4.55346e-08	2.92749e-08	2.01202e-08	1.52914e-08	6.61452e-09	2.65335e-09	2.35155e-09
1.49282e-06	5.49888e-07	3.84756e-07	3.31133e-07	2.97631e-07	2.55238e-07	1.92736e-07	1.24073e-07	8.97407e-08	6.56455e-08	4.50338e-08	2.8459e-08	2.19447e-08	1.62856e-08	6.85379e-09	2.01212e-10	-2.77924e-09
1.4114e-06	5.22725e-07	3.74692e-07	3.18879e-07	2.84635e-07	2.42241e-07	1.84126e-07	1.18769e-07	8.21721e-08	5.96735e-08	4.02057e-08	2.46617e-08	1.7355e-08	1.40349e-08	6.66533e-09	3.81055e-09	2.45234e-09
1.39863e-06	5.07017e-07	3.70218e-07	3.07578e-07	2.72957e-07	2.30614e-07	1.69685e-07	1.0907e-07	7.3191e-08	5.16613e-08	3.41809e-08	1.94421e-08	1.23746e-08	1.03373e-08	3.52122e-09	-7.29395e-10	-1.92409e-09
1.46124e-06	5.16223e-07	3.74708e-07	3.03038e-07	2.68644e-07	2.28175e-07	1.67358e-07	1.05385e-07	7.30652e-08	5.08061e-08	3.38037e-08	1.79833e-08	1.34812e-08	1.16955e-08	3.78531e-09	8.80304e-11	6.5394e-10
1.58807e-06	5.56166e-07	3.91176e-07	3.1309e-07	2.76467e-07	2.29041e-07	1.67945e-07	1.05654e-07	7.23772e-08	5.13998e-08	3.21956e-08	1.72674e-08	1.31926e-08	8.12436e-09	1.45886e-09	-3.93641e-09	-3.59685e-09
1.84992e-06	6.05599e-07	4.17578e-07	3.21927e-07	2.81722e-07	2.31117e-07	1.6761e-07	1.02794e-07	6.92045e-08	4.86431e-08	2.89746e-08	1.39843e-08	9.92228e-09	6.41364e-09	4.15e-10	-3.45834e-09	-3.15652e-09
2.21367e-06	6.86734e-07	4.445e-07	3.28873e-07	2.83409e-07	2.28828e-07	1.60563e-07	9.81337e-08	6.08446e-08	4.30868e-08	2.39329e-08	1.09037e-08	8.84121e-09	3.89868e-09	-1.89904e-09	-3.5717e-09	-7.54584e-10
2.74967e-06	8.25385e-07	4.85475e-07	3.42866e-07	2.84552e-07	2.30514e-07	1.61662e-07	9.64436e-08	6.25267e-08	4.37511e-08	2.57049e-08	1.39591e-08	9.60789e-09	7.11789e-09	-8.55152e-10	-3.72243e-09	-2.30137e-09
3.43435e-06	9.66296e-07	5.29931e-07	3.50659e-07	2.82886e-07	2.23037e-07	1.58283e-07	9.44338e-08	6.37482e-08	4.21802e-08	2.55798e-08	1.50787e-08	1.03124e-08	7.53308e-09	8.42598e-10	-1.76065e-10	-1.04382e-09
3.90333e-06	1.06099e-06	5.51851e-07	3.45377e-07	2.78762e-07	2.12712e-07	1.49831e-07	8.7693e-08	5.87177e-08	3.87218e-08	2.4297e-08	1.19724e-08	7.41989e-09	6.08683e-09	-1.49655e-09	-2.98053e-09	-1.52171e-09
3.97657e-06	1.07297e-06	5.33378e-07	3.29829e-07	2.63513e-07	2.01046e-07	1.42792e-07	8.43751e-08	5.67825e-08	3.79304e-08	2.55301e-08	1.49156e-08	9.0047e-09	8.16208e-09	-3.77292e-10	-2.11284e-09	-4.37659e-09
3.76021e-06	9.94114e-07	4.82179e-07	3.0294e-07	2.46057e-07	1.9135e-07	1.34593e-07	8.11052e-08	5.24184e-08	3.64716e-08	2.25621e-08	1.27147e-08	7.31947e-09	6.09955e-09	-1.3834e-09	-4.691e-09	-4.99283e-09
3.37822e-06	8.54865e-07	4.25257e-07	2.72185e-07	2.24243e-07	1.7503e-07	1.25805e-07	7.61395e-08	5.33253e-08	3.77679e-08	2.40844e-08	1.44255e-08	9.59604e-09	8.23775e-09	3.14418e-10	-2.67884e-09	-3.03099e-09
2.88588e-06	7.02938e-07	3.65077e-07	2.40278e-07	2.06246e-07	1.64176e-07	1.19718e-07	7.40517e-08	5.19041e-08	3.67743e-08	2.42731e-08	1.39853e-08	9.36965e-09	7.05554e-09	-1.71043e-09	-3.37056e-09	-5.77271e-09
2.50755e-06	5.5316e-07	3.11002e-07	2.07133e-07	1.89979e-07	1.49433e-07	1.11037e-07	6.96104e-08	5.03936e-08	3.42455e-08	2.1405e-08	1.18973e-08	8.61484e-09	6.46427e-09	-7.42008e-10	-4.01187e-09	-1.9745e-09
2.23101e-06	4.65703e-07	2.6264e-07	1.86563e-07	1.72062e-07	1.40079e-07	1.05758e-07	6.52354e-08	4.94391e-08	3.28001e-08	1.98335e-08	1.24635e-08	1.03003e-08	8.89174e-09	2.55307e-09	-5.40799e-10	-1.00614e-10
2.03574e-06	3.8491e-07	2.34216e-07	1.72729e-07	1.64051e-07	1.36898e-07	1.04198e-07	6.67949e-08	5.05458e-08	3.20329e-08	2.16948e-08	1.36332e-08	8.66536e-09	8.81628e-09	8.4264e-10	-1.87393e-09	-6.79143e-10
1.85803e-06	3.24814e-07	2.16325e-07	1.60093e-07	1.5837e-07	1.29569e-07	9.94089e-08	6.3841e-08	4.51767e-08	3.14552e-08	1.95321e-08	1.22249e-08	6.92995e-09	6.96768e-09	1.38347e-09	-2.65375e-09	7.29468e-10
1.72244e-06	3.11231e-07	2.06351e-07	1.55377e-07	1.54257e-07	1.25393e-07	9.82392e-08	6.34889e-08	4.43592e-08	3.19079e-08	2.13935e-08	1.26902e-08	8.67815e-09	8.76619e-09	1.59728e-09	-1.10678e-09	-2.65375e-09
1.60563e-06	3.06993e-07	2.02742e-07	1.54698e-07	1.54132e-07	1.26361e-07	9.59376e-08	5.94265e-08	4.13156e-08	2.74557e-08	1.81738e-08	8.60269e-09	4.27619e-09	4.91762e-09	-9.68432e-10	-1.64759e-09	-3.89888e-10
1.49418e-06	3.11893e-07	2.11601e-07	1.63594e-07	1.59443e-07	1.32993e-07	1.05285e-07	6.71756e-08	4.8209e-08	3.70026e-08	2.51673e-08	1.71429e-08	9.73487e-09	1.20868e-08	2.06269e-09	-1.40866e-09	-1.96207e-09
1.39709e-06	3.15256e-07	2.11106e-07	1.65564e-07	1.60093e-07	1.36134e-07	1.04238e-07	6.7677e-08	4.94529e-08	3.49516e-08	2.30537e-08	1.44762e-08	1.11433e-08	1.13948e-08	3.54672e-09	6.03698e-10	1.44636e-09
1.38633e-06	3.07018e-07	2.12061e-07	1.68369e-07	1.62281e-07	1.35153e-07	1.05685e-07	6.81298e-08	4.89498e-08	3.39203e-08	2.27644e-08	1.40737e-08	1.01748e-08	9.47051e-09	2.1884e-09	-1.48409e-09	-3.27003e-10
1.38726e-06	2.90549e-07	2.0969e-07	1.59368e-07	1.57368e-07	1.29836e-07	1.00191e-07	6.35659e-08	4.2524e-08	2.81733e-08	1.89415e-08	9.70971e-09	5.87362e-09	6.77919e-09	-2.01238e-10	-2.74186e-09	1.13196e-10
1.36567e-06	2.8096e-07	2.08487e-07	1.63472e-07	1.62227e-07	1.31512e-07	1.02282e-07	6.66491e-08	4.61223e-08	3.41484e-08	2.07154e-08	1.24645e-08	9.97409e-09	1.10306e-08	4.1129e-09	3.59721e-09	5.33293e-09
1.40278e-06	2.76795e-07	2.07961e-07	1.64734e-07	1.60382e-07	1.31367e-07	1.01547e-07	6.58408e-08	4.63338e-08	3.06628e-08	1.99094e-08	1.21243e-08	8.31342e-09	9.08062e-09	1.33317e-09	3.01849e-10	1.55955e-09
1.35578e-06	2.9223e-07	2.09494e-07	1.6478e-07	1.56906e-07	1.30996e-07	9.94139e-08	5.83855e-08	4.0651e-08	2.66395e-08	1.38354e-08	5.62222e-09	3.64752e-10	-2.05016e-09	-1.00496e-08	-1.06281e-08	-8.16291e-09
1.35503e-06	3.28088e-07	2.24537e-07	1.7849e-07	1.67987e-07	1.40203e-07	1.06143e-07	6.55548e-08	4.76568e-08	3.35195e-08	2.1382e-08	1.45021e-08	1.1584e-08	1.03137e-08	5.16942e-09	3.18215e-09	2.66647e-09
1.38785e-06	3.50724e-07	2.36064e-07	1.85324e-07	1.7096e-07	1.41968e-07	1.06007e-07	6.58332e-08	4.37085e-08	2.81998e-08	1.6779e-08	8.99326e-09	5.62236e-09	7.58452e-09	2.02506e-09	-8.42725e-10	-2.69169e-09
1.45526e-06	3.7567e-07	2.53754e-07	1.95658e-07	1.79924e-07	1.50618e-07	1.10143e-07	6.98186e-08	5.05245e-08	3.42616e-08	2.07657e-08	1.08042e-08	6.45234e-09	7.11896e-09	-1.96212e-09	-5.10653e-09	-4.5028e-09
1.51094e-06	3.8105e-07	2.60415e-07	1.9887e-07	1.8384e-07	1.51124e-07	1.13265e-07	7.01223e-08	5.01358e-08	3.39228e-08	2.00493e-08	1.10057e-08	7.62226e-09	1.11818e-08	2.72942e-09	4.77963e-10	-1.19491e-09
1.47645e-06	3.92031e-07	2.58503e-07	1.99789e-07	1.83613e-07	1.52923e-07	1.14573e-07	7.30655e-08	5.32426e-08	3.68661e-08	2.42e-08	1.39112e-08	9.0813e-09	1.21378e-08	5.7104e-09	1.76092e-09	2.06279e-09
1.51079e-06	3.66686e-07	2.53019e-07	1.93475e-07	1.79085e-07	1.4715e-07	1.13265e-07	7.10027e-08	5.18213e-08	3.70799e-08	2.58226e-08	1.58734e-08	1.21e-08	1.44521e-08	7.57195e-09	5.13182e-09	5.484e-09
1.49299e-06	3.3732e-07	2.35303e-07	1.77282e-07	1.66252e-07	1.37675e-07	1.00219e-07	6.3643e-08	4.39464e-08	3.08153e-08	1.81244e-08	1.02885e-08	6.71647e-09	9.04334e-09	1.23261e-09	7.16927e-10	1.82376e-09
1.44652e-06	3.10429e-07	2.20361e-07	1.6717e-07	1.5907e-07	1.33977e-07	9.85083e-08	6.29261e-08	4.34307e-08	2.91425e-08	1.97595e-08	1.14331e-08	8.2761e-09	1.02005e-08	3.05637e-09	1.43385e-09	3.29535e-09
1.39842e-06	2.89759e-07	2.09059e-07	1.62445e-07	1.56898e-07	1.31805e-07	1.01341e-07	6.33427e-08	4.82869e-08	3.36713e-08	2.2741e-08	1.27289e-08	9.69763e-09	9.79825e-09	1.42131e-09	-2.79231e-09	-1.18233e-09
1.33356e-06	2.5922e-07	1.93839e-07	1.5774e-07	1.55237e-07	1.31679e-07	1.01366e-07	6.60596e-08	5.02994e-08	3.74321e-08	2.53698e-08	1.73954e-08	1.50307e-08	1.44269e-08	1.03139e-09	-5.35822e-09	-8.50272e-09
1.21397e-06	2.34819e-07	1.73354e-07	1.42891e-07	1.48727e-07	1.25623e-07	9.48332e-08	6.05474e-08	4.47125e-08	2.99467e-08	1.76963e-08	9.7726e-09	5.76043e-09	5.86105e-09	-3.25753e-09	-7.82311e-09	-5.26991e-09
9.6242e-07	2.62772e-07	1.8448e-07	1.50308e-07	1.46133e-07	1.25519e-07	1.01094e-07	6.66834e-08	5.01069e-08	3.95422e-08	2.83738e-08	2.0576e-08	1.38222e-08	1.52182e-08	7.1186e-09	2.11294e-09	1.2577e-09
8.78594e-07	2.7794e-07	1.86543e-07	1.54811e-07	1.47768e-07	1.25833e-07	1.01861e-07	6.97397e-08	5.34901e-08	3.919e-08	2.86253e-08	1.90919e-08	1.47654e-08	1.25519e-08	5.43328e-09	3.14426e-10	1.64759e-09
8.00923e-07	2.74864e-07	1.75634e-07	1.47122e-07	1.38847e-07	1.19718e-07	9.22628e-08	6.17768e-08	4.46096e-08	3.26617e-08	2.10786e-08	1.37715e-08	1.00614e-08	9.84757e-09	3.64725e-09	-7.04296e-10	-6.16259e-10
7.37568e-07	2.74054e-07	1.71023e-07	1.45202e-07	1.3504e-07	1.16501e-07	8.54484e-08	5.57414e-08	3.79826e-08	2.60973e-08	1.48409e-08	7.16891e-09	3.86115e-09	9.81009e-10	-5.39555e-09	-8.51465e-09	-4.85474e-09
6.40879e-07	2.97417e-07	1.71065e-07	1.50802e-07	1.39634e-07	1.21434e-07	9.21542e-08	6.17799e-08	4.56935e-08	3.36696e-08	2.11551e-08	1.33823e-08	9.35755e-09	5.87362e-09	-1.47155e-09	-6.77919e-09	-1.00619e-08
5.906e-07	2.81548e-07	1.67467e-07	1.52652e-07	1.36001e-07	1.23299e-07	9.59076e-08	6.70322e-08	5.01044e-08	3.78801e-08	2.70896e-08	1.97072e-08	1.70033e-08	1.49156e-08	7.84767e-09	1.49659e-09	0
5.34298e-07	2.77864e-07	1.56282e-07	1.41793e-07	1.27669e-07	1.14023e-07	8.70205e-08	5.837e-08	4.37052e-08	3.05245e-08	1.83247e-08	1.01245e-08	6.01182e-09	5.88605e-09	-7.04314e-10	-4.10011e-09	-3.09395e-09
4.91549e-07	2.60891e-07	1.60584e-07	1.38123e-07	1.28201e-07	1.16266e-07	9.12269e-08	6.16983e-08	4.80532e-08	3.28487e-08	2.35173e-08	1.54812e-08	1.17586e-08	9.38176e-09	2.32658e-09	-4.40163e-10	-6.03652e-10
4.25546e-07	2.66174e-07	1.5082e-07	1.41149e-07	1.27063e-07	1.1563e-07	8.91186e-08	6.10851e-08	4.77915e-08	3.52903e-08	2.70903e-08	1.95065e-08	1.72678e-08	1.54065e-08	8.94205e-09	4.81688e-09	5.28222e-09
4.65365e-07	2.272e-07	1.41003e-07	1.27974e-07	1.20567e-07	1.09135e-07	8.38573e-08	5.52467e-08	4.15891e-08	3.04593e-08	2.00966e-08	1.31797e-08	1.16329e-08	9.54525e-09	5.86046e-09	-2.51522e-10	5.40772e-10
8.77499e-07	2.90282e-07	2.05279e-07	1.57521e-07	1.51913e-07	1.2655e-07	9.75153e-08	6.49096e-08	4.81352e-08	3.30835e-08	2.36023e-08	1.30398e-08	9.93386e-09	8.71413e-09	5.11782e-09	4.27533e-10	-1.3832e-09
9.75806e-07	3.39005e-07	2.25152e-07	1.73797e-07	1.61247e-07	1.35921e-07	1.0202e-07	6.57915e-08	4.91801e-08	3.62784e-08	2.21694e-08	1.36185e-08	8.03531e-09	6.55148e-09	1.9491e-09	-1.52155e-09	-1.88622e-10
1.14221e-06	3.80087e-07	2.49484e-07	1.91364e-07	1.77783e-07	1.50118e-07	1.15236e-07	7.4707e-08	5.38077e-08	4.42885e-08	3.03682e-08	2.12263e-08	1.55551e-08	9.20477e-09	2.95508e-09	-3.94849e-09	-3.6467e-09
1.38365e-06	4.02319e-07	2.63908e-07	1.9579e-07	1.80788e-07	1.48898e-07	1.11752e-07	7.0595e-08	5.07268e-08	3.77496e-08	2.31628e-08	1.36311e-08	8.6389e-09	4.57723e-09	-1.60958e-09	-6.65208e-09	-1.91137e-09
1.64486e-06	4.38056e-07	2.80708e-07	2.08641e-07	1.91037e-07	1.57437e-07	1.20014e-07	7.8492e-08	5.75047e-08	4.09185e-08	2.57281e-08	1.5706e-08	1.24113e-08	8.55088e-09	1.37066e-09	-3.91077e-09	-2.45209e-09
2.01596e-06	4.70951e-07	2.81834e-07	2.15814e-07	1.95103e-07	1.64018e-07	1.21652e-07	7.98395e-08	5.69025e-08	4.15986e-08	2.88977e-08	1.76178e-08	1.25248e-08	9.2553e-09	3.47074e-09	-1.35811e-09	-1.20721e-09
2.5426e-06	5.29124e-07	3.05903e-07	2.1931e-07	2.03591e-07	1.66834e-07	1.25035e-07	8.13863e-08	5.90277e-08	4.20513e-08	2.93126e-08	1.98058e-08	1.49393e-08	1.13553e-08	4.99233e-09	-1.50902e-10	-4.1498e-10
2.90815e-06	6.09573e-07	3.30592e-07	2.30212e-07	2.08544e-07	1.68452e-07	1.26009e-07	7.8762e-08	5.53837e-08	3.61679e-08	2.20453e-08	1.38208e-08	7.54546e-09	2.45227e-09	-4.42667e-09	-9.46955e-09	-8.40061e-09
2.96641e-06	6.667e-07	3.66763e-07	2.49497e-07	2.24157e-07	1.82055e-07	1.34746e-07	8.50101e-08	6.05885e-08	4.1499e-08	2.72384e-08	1.64613e-08	1.00604e-08	5.16851e-09	-6.16197e-10	-7.18058e-09	-7.35664e-09
2.79211e-06	6.71295e-07	3.7721e-07	2.60494e-07	2.30275e-07	1.86499e-07	1.35755e-07	8.50374e-08	5.87666e-08	4.15881e-08	2.7717e-08	1.7103e-08	1.09409e-08	7.4197e-09	1.06894e-09	-4.80394e-09	-4.75364e-09
2.68761e-06	6.40958e-07	3.89512e-07	2.64776e-07	2.38732e-07	1.8999e-07	1.41776e-07	9.00654e-08	6.41977e-08	4.62022e-08	2.76911e-08	2.01962e-08	1.03119e-08	7.05483e-09	-1.82344e-09	-6.23742e-09	-7.77163e-09
2.49787e-06	6.01723e-07	3.90795e-07	2.63619e-07	2.39399e-07	1.89223e-07	1.40707e-07	8.98893e-08	6.26258e-08	4.66172e-08	2.7578e-08	2.19064e-08	1.14059e-08	7.82193e-09	-1.71026e-09	-6.32545e-09	-3.94869e-09
2.19032e-06	5.88001e-07	3.80385e-07	2.67033e-07	2.32627e-07	1.8825e-07	1.37924e-07	8.45301e-08	5.86756e-08	4.27806e-08	2.76653e-08	1.96424e-08	1.12799e-08	1.01984e-08	1.96172e-09	-4.5522e-09	-4.61508e-09
1.94056e-06	5.7256e-07	3.74572e-07	2.6743e-07	2.33199e-07	1.87701e-07	1.3911e-07	8.83803e-08	6.26132e-08	4.44291e-08	2.98919e-08	1.9253e-08	1.38204e-08	1.10538e-08	5.40744e-09	-2.17555e-09	-1.86117e-09
1.75375e-06	5.48428e-07	3.5591e-07	2.59406e-07	2.2417e-07	1.82809e-07	1.35589e-07	8.88078e-08	6.14688e-08	4.63154e-08	3.02188e-08	1.91901e-08	1.46378e-08	1.14185e-08	3.65946e-09	-1.23239e-09	-1.68511e-09
1.59101e-06	5.04816e-07	3.29515e-07	2.42254e-07	2.11922e-07	1.72485e-07	1.28307e-07	8.31237e-08	5.64009e-08	4.19266e-08	2.8081e-08	1.68134e-08	1.25252e-08	9.38129e-09	3.65946e-09	-2.37676e-09	1.13179e-10
1.49251e-06	4.44369e-07	3.07605e-07	2.25114e-07	2.04819e-07	1.64894e-07	1.23711e-07	7.75489e-08	5.52286e-08	3.88813e-08	2.57407e-08	1.79065e-08	1.15814e-08	7.65807e-09	2.13772e-09	-2.06227e-09	-5.15568e-10
1.46297e-06	3.7307e-07	2.82229e-07	2.04089e-07	1.90747e-07	1.52897e-07	1.13614e-07	7.07208e-08	4.87652e-08	3.19903e-08	1.99311e-08	1.07766e-08	6.56406e-09	4.18742e-09	8.04788e-10	-2.86706e-09	-1.09401e-09
1.39739e-06	3.38355e-07	2.70955e-07	1.95961e-07	1.86882e-07	1.49674e-07	1.12403e-07	7.14861e-08	5.06627e-08	3.39386e-08	2.02575e-08	1.17069e-08	8.17343e-09	5.68368e-09	1.37062e-09	-3.18135e-09	-1.99935e-09
1.441e-06	2.90911e-07	2.71496e-07	1.8658e-07	1.88278e-07	1.49335e-07	1.14214e-07	7.28567e-08	5.0889e-08	3.49571e-08	2.15904e-08	1.22098e-08	7.92194e-09	5.6208e-09	8.17343e-10	-1.53409e-09	4.40108e-10
1.47631e-06	2.99019e-07	2.61725e-07	1.95637e-07	1.9057e-07	1.52798e-07	1.18471e-07	7.58582e-08	5.07356e-08	3.71432e-08	2.38401e-08	1.32654e-08	1.09267e-08	7.54432e-09	2.38904e-09	1.25739e-09	4.35056e-09
1.52374e-06	3.14015e-07	2.70647e-07	2.03098e-07	1.95818e-07	1.59944e-07	1.22875e-07	7.8815e-08	5.50875e-08	3.93949e-08	2.43562e-08	1.39951e-08	7.7457e-09	4.30037e-09	-1.79811e-09	-5.41947e-09	-4.06146e-09
1.57395e-06	3.63148e-07	2.87536e-07	2.17695e-07	2.06076e-07	1.7191e-07	1.31772e-07	8.6477e-08	6.28867e-08	4.42005e-08	2.98023e-08	2.05347e-08	1.34173e-08	9.11674e-09	2.79161e-09	-1.39581e-09	-2.62814e-09
1.72328e-06	3.91849e-07	3.00712e-07	2.15987e-07	2.08229e-07	1.68331e-07	1.29061e-07	8.22352e-08	5.80676e-08	3.84644e-08	2.51735e-08	1.53657e-08	9.80787e-09	5.52007e-09	9.93361e-10	-3.98602e-09	-2.11246e-09
1.85991e-06	4.30953e-07	3.10867e-07	2.22896e-07	2.14031e-07	1.7427e-07	1.31378e-07	8.65629e-08	5.99427e-08	4.1936e-08	2.71987e-08	1.57181e-08	1.01853e-08	6.48844e-09	3.57116e-09	-2.84184e-09	-3.59631e-09
1.95238e-06	4.60478e-07	3.22511e-07	2.3205e-07	2.15351e-07	1.73956e-07	1.28763e-07	8.53935e-08	6.30108e-08	3.96851e-08	2.78274e-08	1.57307e-08	8.12313e-09	4.76574e-09	1.86103e-09	-2.92986e-09	-2.87956e-09
1.986e-06	5.00352e-07	3.29888e-07	2.35124e-07	2.13105e-07	1.74186e-07	1.29609e-07	8.35471e-08	6.11765e-08	4.10191e-08	2.88592e-08	1.77682e-08	1.20844e-08	7.18022e-09	3.37005e-09	-5.65867e-10	-2.46466e-09
2.0822e-06	4.91072e-07	3.29414e-07	2.29296e-07	2.08951e-07	1.68058e-07	1.25896e-07	7.68302e-08	5.63464e-08	3.89935e-08	2.70478e-08	1.45361e-08	1.16314e-08	7.65787e-09	2.31371e-09	-2.32628e-09	-1.62211e-09
2.06404e-06	4.9199e-07	3.17011e-07	2.28987e-07	2.04416e-07	1.65686e-07	1.2019e-07	7.75112e-08	5.45873e-08	3.73849e-08	2.32131e-08	1.57437e-08	1.05e-08	5.92274e-09	1.32036e-09	-2.85448e-09	-1.39581e-09
2.11836e-06	4.79981e-07	3.18386e-07	2.21965e-07	2.02123e-07	1.62727e-07	1.20237e-07	7.71194e-08	5.6208e-08	4.1018e-08	2.76388e-08	1.77426e-08	1.1644e-08	8.66383e-09	4.14959e-09	-1.68498e-09	-4.22503e-09
2.13027e-06	4.53991e-07	2.99002e-07	2.06996e-07	1.88437e-07	1.50689e-07	1.11785e-07	7.04909e-08	5.18685e-08	3.94829e-08	2.5601e-08	1.70255e-08	1.11533e-08	9.41807e-09	4.80334e-09	1.03108e-09	-4.27522e-10
2.13577e-06	4.24672e-07	2.7858e-07	1.91696e-07	1.74269e-07	1.37668e-07	1.0338e-07	6.81235e-08	4.84459e-08	3.29176e-08	2.02937e-08	1.20958e-08	7.01604e-09	3.49545e-09	-5.90957e-10	-5.13001e-09	-9.09068e-09
2.19149e-06	3.94832e-07	2.6727e-07	1.808e-07	1.70376e-07	1.34163e-07	1.0215e-07	6.69684e-08	4.86483e-08	3.64642e-08	2.47705e-08	1.6082e-08	1.28505e-08	8.27361e-09	4.61461e-09	1.16937e-09	-1.59688e-09
2.22596e-06	3.37575e-07	2.40218e-07	1.53724e-07	1.52178e-07	1.17424e-07	8.86687e-08	5.49842e-08	3.77081e-08	2.73223e-08	1.71252e-08	9.56848e-09	5.60781e-09	1.72258e-09	-2.07464e-09	-5.897e-09	-4.45104e-09
2.27974e-06	2.66773e-07	2.18315e-07	1.35769e-07	1.44156e-07	1.11578e-07	8.76e-08	5.64301e-08	3.97702e-08	2.91832e-08	1.93633e-08	1.43339e-08	9.90796e-09	6.0856e-09	4.3756e-09	3.77207e-11	-7.92134e-10
2.31359e-06	2.25162e-07	1.82299e-07	1.16541e-07	1.27518e-07	1.02019e-07	7.79792e-08	5.04313e-08	3.58212e-08	2.2921e-08	1.37677e-08	8.29834e-09	4.11145e-09	1.32019e-09	-1.96143e-09	-4.31262e-09	-2.79126e-09
