1.52889e-05	5.88618e-06	3.46653e-06	2.23934e-06	1.61339e-06	1.17359e-06	7.17883e-07	3.80359e-07	2.20184e-07	1.35985e-07	7.63032e-08	4.39664e-08	1.98647e-08	8.97684e-09	2.26307e-09	-1.60929e-09	-7.79502e-10
1.41771e-05	5.02683e-06	2.84345e-06	1.80991e-06	1.3182e-06	9.69111e-07	6.07616e-07	3.33698e-07	2.00435e-07	1.25229e-07	7.27037e-08	4.35242e-08	2.29313e-08	1.09879e-08	5.6071e-09	6.53743e-10	-1.00576e-09
1.24737e-05	3.95407e-06	2.19371e-06	1.38994e-06	1.03755e-06	7.78243e-07	5.0787e-07	2.92122e-07	1.82369e-07	1.16605e-07	7.14842e-08	4.51334e-08	2.3937e-08	1.14405e-08	5.24251e-09	-2.85384e-09	1.37035e-09
1.07276e-05	3.02562e-06	1.69735e-06	1.07715e-06	8.2271e-07	6.23997e-07	4.16937e-07	2.47228e-07	1.58218e-07	1.04121e-07	6.49342e-08	4.10852e-08	1.72487e-08	8.36036e-09	2.43896e-09	-4.09846e-09	1.48349e-09
9.24928e-06	2.39413e-06	1.36742e-06	8.79799e-07	6.85059e-07	5.27067e-07	3.54806e-07	2.14717e-07	1.43019e-07	9.51698e-08	5.9302e-08	3.73639e-08	1.6419e-08	1.05856e-08	4.65163e-10	-4.31219e-09	-6.28599e-11
8.2187e-06	1.9364e-06	1.13676e-06	7.33726e-07	5.83817e-07	4.50366e-07	3.13042e-07	1.87184e-07	1.22778e-07	7.8952e-08	4.74341e-08	2.97201e-08	1.30246e-08	8.31008e-09	6.68829e-09	1.2572e-09	5.24251e-09
7.4344e-06	1.60756e-06	9.59344e-07	6.24456e-07	5.04526e-07	3.898e-07	2.71654e-07	1.6559e-07	1.07636e-07	6.69173e-08	3.97757e-08	2.4049e-08	8.90051e-09	3.84683e-09	2.63998e-10	-1.16913e-09	2.91655e-09
6.96804e-06	1.35666e-06	8.312e-07	5.42731e-07	4.49977e-07	3.51428e-07	2.46694e-07	1.54707e-07	1.01654e-07	6.84527e-08	4.20271e-08	2.90782e-08	1.45831e-08	9.86875e-09	8.02072e-09	3.6835e-09	6.48698e-09
6.63865e-06	1.17401e-06	7.15794e-07	4.68057e-07	3.93385e-07	3.08682e-07	2.19867e-07	1.3974e-07	9.3717e-08	6.26163e-08	3.74617e-08	2.7254e-08	1.3979e-08	6.47408e-09	3.2559e-09	-5.21698e-09	-2.6022e-09
6.53204e-06	1.02132e-06	6.29372e-07	4.04521e-07	3.45775e-07	2.71428e-07	1.96742e-07	1.23601e-07	8.27194e-08	5.31893e-08	3.32386e-08	2.35587e-08	1.10628e-08	7.93252e-09	3.20569e-09	-1.38285e-09	-3.28112e-09
6.41144e-06	9.01845e-07	5.70586e-07	3.61844e-07	3.22472e-07	2.53243e-07	1.86504e-07	1.23925e-07	8.71926e-08	6.14346e-08	4.15975e-08	2.92779e-08	1.40293e-08	8.53573e-09	5.19183e-09	1.75994e-09	1.28224e-08
6.21948e-06	7.61352e-07	5.12031e-07	3.19006e-07	2.91574e-07	2.26013e-07	1.6621e-07	1.05879e-07	7.22996e-08	4.7986e-08	3.02348e-08	1.96495e-08	7.36699e-09	2.42633e-09	-2.84119e-09	-8.86302e-09	-5.99668e-09
5.99111e-06	6.69252e-07	4.70746e-07	2.9385e-07	2.72968e-07	2.0752e-07	1.5697e-07	1.03163e-07	7.22242e-08	4.98341e-08	3.45343e-08	2.70291e-08	1.68586e-08	1.32128e-08	1.02333e-08	4.63894e-09	5.68239e-09
5.83619e-06	6.06872e-07	4.35947e-07	2.66808e-07	2.46191e-07	1.90523e-07	1.44272e-07	9.59846e-08	6.8063e-08	4.85517e-08	3.33778e-08	2.78337e-08	1.81409e-08	1.57523e-08	1.3942e-08	4.99095e-09	5.21724e-09
5.70539e-06	5.57538e-07	4.10494e-07	2.46141e-07	2.35883e-07	1.77327e-07	1.31908e-07	8.4515e-08	6.01901e-08	4.05667e-08	2.52929e-08	2.45512e-08	1.48338e-08	1.14271e-08	7.99517e-09	4.52557e-10	2.41364e-09
5.56305e-06	5.09755e-07	3.87097e-07	2.32972e-07	2.25454e-07	1.69638e-07	1.27272e-07	8.09972e-08	5.7627e-08	3.92226e-08	2.80467e-08	2.37724e-08	1.41679e-08	1.13896e-08	8.35994e-09	1.92342e-09	1.55885e-09
5.24135e-06	4.78466e-07	3.7302e-07	2.22495e-07	2.10364e-07	1.5788e-07	1.20129e-07	7.85186e-08	5.64188e-08	3.93096e-08	2.87625e-08	2.48655e-08	1.81148e-08	1.55378e-08	1.24705e-08	7.79404e-09	4.18615e-09
4.90842e-06	4.42284e-07	3.49832e-07	2.09834e-07	1.89606e-07	1.40413e-07	1.09977e-07	7.22745e-08	5.2009e-08	3.42703e-08	2.3509e-08	1.99387e-08	1.40048e-08	1.17671e-08	1.08242e-08	3.54521e-09	6.28583e-11
4.61971e-06	4.2181e-07	3.12168e-07	1.8753e-07	1.74305e-07	1.31502e-07	9.4846e-08	5.9384e-08	4.11314e-08	3.06097e-08	2.05154e-08	1.70207e-08	1.12508e-08	1.02326e-08	9.66688e-09	4.70145e-09	-5.90823e-10
4.28515e-06	4.08347e-07	2.88246e-07	1.75273e-07	1.61056e-07	1.22539e-07	8.77436e-08	5.49591e-08	3.80641e-08	2.60088e-08	1.82904e-08	1.48837e-08	7.70585e-09	7.70585e-09	5.44312e-09	6.78818e-10	-5.78253e-10
4.0064e-06	3.92882e-07	2.7606e-07	1.75705e-07	1.60469e-07	1.24906e-07	9.16428e-08	6.09443e-08	4.36969e-08	2.84985e-08	1.74612e-08	1.73732e-08	9.84311e-09	7.78147e-09	7.0272e-09	3.59531e-09	3.39418e-09
3.75738e-06	3.95384e-07	2.75205e-07	1.75454e-07	1.57641e-07	1.26301e-07	8.98703e-08	6.29557e-08	4.67014e-08	3.37281e-08	2.31935e-08	2.34198e-08	1.78886e-08	1.45572e-08	1.33504e-08	9.85568e-09	8.938e-09
3.52043e-06	4.30484e-07	2.89767e-07	1.8714e-07	1.59736e-07	1.28498e-07	8.78818e-08	6.34444e-08	4.7995e-08	3.56128e-08	2.74796e-08	2.2401e-08	1.79007e-08	1.2269e-08	1.21433e-08	7.36644e-09	5.4934e-09
3.25642e-06	4.41886e-07	2.82074e-07	1.81018e-07	1.43331e-07	1.10396e-07	7.23193e-08	4.43495e-08	2.57448e-08	1.26084e-08	4.45003e-09	2.23759e-09	-5.30484e-09	-8.37209e-09	-1.00063e-08	-1.33124e-08	-5.78253e-10
3.11408e-06	4.61296e-07	2.98949e-07	1.93697e-07	1.56866e-07	1.205e-07	8.12425e-08	5.17397e-08	3.59765e-08	2.43991e-08	1.68192e-08	1.46319e-08	7.60509e-09	5.88294e-09	5.50583e-09	7.66794e-10	-3.40658e-09
2.91661e-06	4.5584e-07	2.90137e-07	1.93232e-07	1.51926e-07	1.18891e-07	8.10288e-08	5.18152e-08	3.33995e-08	2.18725e-08	1.52353e-08	1.50216e-08	8.67357e-09	5.70696e-09	4.13566e-09	-2.13697e-10	8.42216e-10
2.74622e-06	4.42024e-07	2.78894e-07	1.88573e-07	1.48347e-07	1.18931e-07	8.00126e-08	5.29855e-08	3.56631e-08	2.37335e-08	1.53237e-08	1.72847e-08	1.10622e-08	8.7115e-09	5.59397e-09	4.36204e-09	3.64551e-09
2.59838e-06	4.05835e-07	2.61766e-07	1.73069e-07	1.40675e-07	1.08721e-07	7.31723e-08	4.62465e-08	3.05963e-08	1.98738e-08	1.2231e-08	1.32995e-08	7.25312e-09	5.44298e-09	5.45555e-09	5.61897e-09	5.44298e-09
2.43433e-06	3.66694e-07	2.33552e-07	1.636e-07	1.26417e-07	1.0178e-07	6.70111e-08	4.36433e-08	2.83204e-08	2.0263e-08	1.40533e-08	1.30603e-08	6.03364e-09	6.81298e-09	6.58672e-09	3.58247e-09	3.0671e-09
2.29555e-06	3.26604e-07	2.09797e-07	1.50808e-07	1.17927e-07	9.75892e-08	6.42299e-08	3.97949e-08	2.68483e-08	2.09658e-08	1.24186e-08	1.03321e-08	2.4259e-09	1.99854e-09	1.81e-09	-4.08507e-09	-3.38118e-09
2.15117e-06	2.9452e-07	1.92484e-07	1.40158e-07	1.10835e-07	9.25214e-08	6.09729e-08	4.06737e-08	2.88084e-08	2.27627e-08	1.44168e-08	1.43791e-08	6.43539e-09	5.88235e-09	5.31674e-09	-2.81549e-09	-1.96078e-09
2.03829e-06	2.80455e-07	1.8038e-07	1.30505e-07	9.90447e-08	8.31825e-08	5.4085e-08	3.51307e-08	2.50251e-08	1.57366e-08	9.51483e-09	9.81649e-09	4.86425e-09	3.34339e-09	3.46908e-09	-1.45802e-09	-8.29563e-10
2.01445e-06	2.68181e-07	1.68246e-07	1.19303e-07	9.14633e-08	7.39423e-08	4.55368e-08	2.86569e-08	1.86773e-08	1.19781e-08	7.6167e-09	7.89322e-09	3.1045e-09	5.20349e-09	7.60413e-09	6.8123e-09	1.1136e-08
2.05921e-06	2.70354e-07	1.77224e-07	1.27089e-07	1.00181e-07	8.21079e-08	5.32011e-08	3.80062e-08	2.5991e-08	1.72813e-08	1.22665e-08	1.32971e-08	8.13161e-09	7.07589e-09	7.31468e-09	6.14584e-09	3.88357e-09
2.11587e-06	2.82238e-07	1.7939e-07	1.25547e-07	9.85999e-08	8.15318e-08	5.36801e-08	4.03826e-08	2.97622e-08	2.20451e-08	1.79227e-08	1.68418e-08	1.32849e-08	1.28827e-08	1.09849e-08	7.0635e-09	7.94329e-09
2.15909e-06	2.74345e-07	1.74803e-07	1.10854e-07	8.20849e-08	6.37349e-08	3.94399e-08	2.58911e-08	1.76462e-08	6.96295e-09	5.88206e-09	3.00387e-09	-6.28425e-11	-2.28747e-09	-3.9088e-09	-6.35966e-09	-5.30391e-09
2.32702e-06	2.71798e-07	1.86151e-07	1.22383e-07	1.00088e-07	7.72025e-08	5.37011e-08	3.65213e-08	2.56755e-08	1.90147e-08	1.0607e-08	1.23413e-08	6.05756e-09	4.57459e-09	5.06472e-09	5.6554e-10	-1.77202e-09
2.41744e-06	2.61292e-07	1.80922e-07	1.11537e-07	9.50358e-08	7.0416e-08	4.33832e-08	2.63667e-08	1.48925e-08	8.30715e-09	-1.0054e-10	1.72175e-09	-4.09702e-09	-4.63743e-09	-4.59972e-09	-4.15986e-09	2.72716e-09
2.48021e-06	2.57792e-07	1.83893e-07	1.20174e-07	1.04665e-07	8.14272e-08	5.74226e-08	4.00412e-08	2.82777e-08	2.11517e-08	1.54459e-08	1.50437e-08	1.05821e-08	8.20682e-09	6.34677e-09	-1.98572e-09	3.61955e-09
2.45865e-06	2.41046e-07	1.73344e-07	1.15508e-07	1.01357e-07	8.23803e-08	5.89921e-08	4.25663e-08	3.48373e-08	2.32374e-08	1.85748e-08	2.23828e-08	1.69913e-08	1.0519e-08	8.35742e-09	2.27473e-09	-1.25676e-11
2.40382e-06	2.80827e-07	1.72033e-07	1.17101e-07	9.41035e-08	7.50641e-08	5.20409e-08	3.505e-08	2.72206e-08	1.75313e-08	1.13608e-08	1.23536e-08	9.21178e-09	6.6355e-09	6.03227e-09	3.25491e-09	3.6068e-09
2.35272e-06	2.43352e-07	1.55117e-07	1.0329e-07	8.33585e-08	6.59654e-08	4.25527e-08	2.67305e-08	1.82728e-08	9.60137e-09	6.24592e-09	8.0933e-09	3.29262e-09	4.12205e-09	1.21902e-09	1.13105e-10	6.15795e-10
2.14801e-06	3.01209e-07	1.72414e-07	1.21921e-07	9.50412e-08	8.08033e-08	5.29682e-08	4.05524e-08	3.10018e-08	2.09862e-08	1.77063e-08	1.63492e-08	1.36473e-08	1.26671e-08	1.02795e-08	1.72162e-09	2.34995e-09
2.20206e-06	3.21625e-07	1.86669e-07	1.24676e-07	9.87885e-08	8.44371e-08	5.50431e-08	3.7751e-08	2.80117e-08	1.81969e-08	1.45776e-08	1.09207e-08	1.01164e-08	6.8741e-09	5.74308e-09	6.78614e-10	3.90831e-09
2.25634e-06	3.49051e-07	1.97348e-07	1.38959e-07	1.05216e-07	8.94935e-08	5.92434e-08	3.63705e-08	2.88677e-08	1.83863e-08	1.43144e-08	9.09891e-09	8.43283e-09	6.93729e-09	7.33945e-09	5.99472e-09	1.11726e-08
2.36908e-06	3.84944e-07	2.15508e-07	1.50496e-07	1.14113e-07	9.58904e-08	6.2599e-08	4.30313e-08	3.0891e-08	2.19681e-08	1.56592e-08	1.37238e-08	1.11851e-08	1.01546e-08	9.86553e-09	8.93553e-09	1.27058e-08
2.47902e-06	4.29634e-07	2.39852e-07	1.66621e-07	1.25261e-07	1.04374e-07	7.00138e-08	4.85987e-08	3.5717e-08	2.33882e-08	1.73809e-08	1.35604e-08	6.44715e-09	3.255e-09	2.14905e-09	-3.89594e-10	5.71824e-09
2.54075e-06	4.83422e-07	2.50886e-07	1.76378e-07	1.27398e-07	1.06031e-07	6.78465e-08	4.37018e-08	2.94739e-08	1.77095e-08	1.10731e-08	7.50358e-09	5.29147e-09	-6.15872e-10	-1.5711e-09	-5.39202e-09	-4.8767e-09
2.73198e-06	5.17861e-07	2.75515e-07	1.83635e-07	1.33924e-07	1.10118e-07	7.10533e-08	4.73479e-08	3.24158e-08	2.10533e-08	1.56234e-08	1.45425e-08	1.39769e-08	1.06083e-08	7.50377e-09	3.23027e-09	5.95777e-09
2.84669e-06	5.5518e-07	2.93283e-07	1.97391e-07	1.41959e-07	1.16167e-07	7.36067e-08	4.7148e-08	3.22281e-08	1.83011e-08	1.12999e-08	7.15201e-09	7.06403e-09	4.13535e-09	1.08097e-09	-4.13535e-09	3.26806e-09
2.92292e-06	5.66533e-07	3.08721e-07	2.07695e-07	1.52827e-07	1.2428e-07	8.11776e-08	5.29577e-08	3.52465e-08	2.18971e-08	1.47447e-08	9.36471e-09	6.68728e-09	1.7221e-09	1.75981e-10	-3.21794e-09	-1.44556e-09
2.95158e-06	5.55528e-07	3.06703e-07	2.06585e-07	1.51874e-07	1.234e-07	7.7892e-08	5.05242e-08	3.31506e-08	1.7625e-08	1.06102e-08	5.26739e-09	1.8857e-09	-2.0617e-09	-2.04913e-09	-3.62055e-09	1.63427e-10
2.96709e-06	5.4795e-07	3.11735e-07	2.11976e-07	1.60054e-07	1.30371e-07	8.559e-08	5.86483e-08	3.92623e-08	2.35725e-08	1.62178e-08	1.16416e-08	5.21737e-09	3.93503e-09	2.21267e-09	-4.65163e-10	4.90307e-09
3.05867e-06	5.34651e-07	3.10853e-07	2.11715e-07	1.63863e-07	1.35058e-07	9.1468e-08	6.07775e-08	4.04471e-08	2.60762e-08	2.08962e-08	1.58293e-08	1.13659e-08	8.28556e-09	6.27389e-09	3.28153e-09	9.55542e-09
3.19381e-06	5.1945e-07	3.08904e-07	2.11954e-07	1.63197e-07	1.3189e-07	8.67909e-08	5.2668e-08	3.42989e-08	1.81302e-08	1.22209e-08	7.97123e-09	1.01841e-09	1.88594e-10	2.38886e-10	5.90927e-10	9.89489e-09
3.40165e-06	4.99371e-07	3.20927e-07	2.18931e-07	1.77136e-07	1.43012e-07	9.55967e-08	5.9234e-08	3.87768e-08	2.39778e-08	1.56164e-08	1.06624e-08	5.93472e-09	3.43258e-09	3.2817e-09	7.7956e-10	5.2306e-09
3.45286e-06	4.8461e-07	3.25265e-07	2.21332e-07	1.84907e-07	1.49977e-07	1.03367e-07	6.79852e-08	4.6585e-08	3.18865e-08	2.18277e-08	1.63205e-08	1.30388e-08	1.00463e-08	8.91465e-09	2.51471e-09	-2.76618e-10
3.37717e-06	4.64617e-07	3.14485e-07	2.15667e-07	1.79316e-07	1.45517e-07	1.01811e-07	6.88922e-08	4.77304e-08	3.56595e-08	2.42801e-08	1.71633e-08	1.2511e-08	1.2247e-08	1.20206e-08	8.28618e-09	6.62643e-09
3.24723e-06	4.41029e-07	2.9233e-07	2.042e-07	1.69508e-07	1.38564e-07	9.72463e-08	6.37495e-08	4.5442e-08	3.17113e-08	2.24821e-08	1.49378e-08	1.05495e-08	1.13542e-08	5.45706e-09	1.37055e-09	4.90381e-10
3.11443e-06	4.1521e-07	2.73609e-07	1.88605e-07	1.52768e-07	1.28323e-07	9.23472e-08	6.16528e-08	4.52053e-08	3.29578e-08	2.49352e-08	1.74157e-08	1.4775e-08	1.36811e-08	1.08392e-08	5.70882e-09	3.64661e-09
2.98712e-06	3.83758e-07	2.49522e-07	1.74664e-07	1.44887e-07	1.20681e-07	8.58106e-08	5.68885e-08	4.05538e-08	2.90478e-08	2.13772e-08	1.82712e-08	1.49389e-08	1.4197e-08	1.17826e-08	7.43172e-09	5.91017e-10
2.90623e-06	3.31996e-07	2.26931e-07	1.60471e-07	1.34818e-07	1.11793e-07	7.81042e-08	5.06023e-08	3.4984e-08	2.54018e-08	1.86489e-08	1.25123e-08	7.88461e-09	5.67139e-09	3.50846e-09	8.8026e-10	-7.92234e-10
2.79563e-06	3.03078e-07	2.16727e-07	1.5511e-07	1.30929e-07	1.10545e-07	7.92214e-08	5.4537e-08	3.85292e-08	2.75137e-08	2.20059e-08	1.62467e-08	1.3279e-08	1.61209e-08	1.34425e-08	7.31855e-09	-6.7904e-10
2.64176e-06	2.86607e-07	2.10199e-07	1.5171e-07	1.28785e-07	1.07344e-07	7.78924e-08	5.40116e-08	3.93989e-08	2.99547e-08	2.24975e-08	1.99447e-08	1.87626e-08	1.4248e-08	1.31539e-08	8.52616e-09	5.03018e-11
2.50303e-06	2.75692e-07	2.02314e-07	1.45485e-07	1.2007e-07	9.79376e-08	6.6499e-08	4.55483e-08	3.16901e-08	2.52892e-08	1.60463e-08	1.41725e-08	9.56992e-09	6.55181e-09	9.48189e-09	9.69567e-09	1.93662e-09
2.38602e-06	2.91537e-07	2.06841e-07	1.53043e-07	1.2417e-07	1.03634e-07	7.37802e-08	5.37223e-08	3.88581e-08	3.02314e-08	2.78924e-08	2.34909e-08	1.72661e-08	1.62726e-08	1.20599e-08	3.74748e-09	-5.47032e-09
2.27208e-06	2.84451e-07	1.91768e-07	1.41892e-07	1.13735e-07	9.55507e-08	6.60605e-08	4.91838e-08	3.60547e-08	2.95656e-08	2.50761e-08	2.00332e-08	1.42986e-08	1.34938e-08	6.52682e-09	5.03031e-11	-8.71501e-09
2.18082e-06	2.62425e-07	1.79489e-07	1.28836e-07	1.01836e-07	8.84935e-08	6.14562e-08	4.72208e-08	3.53496e-08	3.16021e-08	2.65845e-08	2.20448e-08	1.5493e-08	1.53295e-08	1.14437e-08	6.90392e-09	2.32646e-09
2.09349e-06	2.25609e-07	1.49073e-07	1.14754e-07	9.10108e-08	7.97178e-08	5.57484e-08	4.27953e-08	3.18922e-08	2.68618e-08	2.30137e-08	1.66755e-08	1.38333e-08	1.29782e-08	1.06139e-08	4.99258e-09	1.78576e-09
2.44079e-06	3.85009e-07	1.96725e-07	1.41066e-07	9.97711e-08	8.63249e-08	5.26653e-08	3.65777e-08	2.67415e-08	1.49682e-08	1.13834e-08	5.9118e-09	7.54698e-09	3.8238e-09	4.26404e-09	6.7797e-09	7.76081e-09
2.66028e-06	4.59595e-07	2.43283e-07	1.73229e-07	1.25063e-07	1.05942e-07	6.85318e-08	5.02038e-08	3.65427e-08	2.27055e-08	1.82776e-08	1.22145e-08	1.35856e-08	1.1032e-08	9.17027e-09	5.15749e-09	7.45949e-09
2.86757e-06	5.25915e-07	2.77261e-07	1.92736e-07	1.41146e-07	1.14791e-07	7.38565e-08	5.15775e-08	3.55382e-08	2.30715e-08	1.58255e-08	1.03407e-08	1.26302e-08	8.45368e-09	8.3782e-09	6.6925e-09	1.7788e-08
3.11028e-06	5.94966e-07	3.21366e-07	2.2167e-07	1.58683e-07	1.30265e-07	8.54677e-08	5.32506e-08	3.50727e-08	2.0241e-08	1.53097e-08	9.76199e-09	1.14477e-08	8.10144e-09	9.82489e-09	7.66115e-09	1.17999e-08
3.43008e-06	6.5152e-07	3.70144e-07	2.52038e-07	1.84606e-07	1.48777e-07	9.97383e-08	6.1179e-08	3.77415e-08	2.17895e-08	1.42915e-08	6.16445e-09	5.67381e-09	8.30314e-10	-7.67411e-10	-6.21477e-09	-5.40962e-09
3.70048e-06	7.01256e-07	4.08248e-07	2.76803e-07	2.07546e-07	1.67061e-07	1.08195e-07	6.50932e-08	4.21206e-08	2.66085e-08	1.96009e-08	1.09453e-08	1.04547e-08	1.11089e-08	1.03289e-08	9.28465e-09	1.33734e-08
3.88763e-06	7.56976e-07	4.44594e-07	3.08834e-07	2.33513e-07	1.90084e-07	1.25079e-07	7.94857e-08	5.54563e-08	3.68618e-08	2.8332e-08	1.99784e-08	1.8758e-08	1.55122e-08	1.24676e-08	6.83139e-09	7.43527e-09
4.16414e-06	7.79768e-07	4.77781e-07	3.23993e-07	2.50906e-07	2.01233e-07	1.33065e-07	8.58958e-08	6.04555e-08	3.96955e-08	2.85858e-08	2.02693e-08	1.70986e-08	1.30473e-08	1.12355e-08	4.16457e-09	2.03825e-09
4.38269e-06	7.95964e-07	5.08065e-07	3.4345e-07	2.6983e-07	2.13989e-07	1.43742e-07	9.10715e-08	6.07227e-08	4.25286e-08	3.09527e-08	2.14782e-08	1.74896e-08	1.54512e-08	1.49982e-08	1.22553e-08	8.40505e-09
4.61686e-06	8.24798e-07	5.43335e-07	3.63867e-07	2.89201e-07	2.27269e-07	1.51056e-07	9.16275e-08	6.02964e-08	3.78614e-08	2.63231e-08	1.50238e-08	1.34132e-08	8.60659e-09	9.94036e-09	5.58673e-09	8.21652e-09
4.80566e-06	9.05975e-07	5.95233e-07	3.95266e-07	3.10704e-07	2.41934e-07	1.59788e-07	9.37988e-08	6.02003e-08	3.78643e-08	2.47521e-08	1.33765e-08	1.10736e-08	7.68863e-09	7.2482e-09	6.10309e-09	9.32451e-09
5.06807e-06	9.9776e-07	6.5467e-07	4.26371e-07	3.34168e-07	2.56059e-07	1.68084e-07	9.4984e-08	6.03151e-08	3.79911e-08	2.45388e-08	1.09732e-08	9.96653e-09	6.55626e-09	4.36665e-09	3.2215e-09	4.45474e-09
5.12937e-06	1.11612e-06	6.98447e-07	4.65405e-07	3.56762e-07	2.7549e-07	1.81596e-07	1.07712e-07	7.01719e-08	4.65002e-08	3.31228e-08	1.93677e-08	1.60957e-08	1.32642e-08	6.7957e-09	2.49176e-09	3.28459e-09
5.21589e-06	1.16479e-06	7.15397e-07	4.70337e-07	3.56641e-07	2.73503e-07	1.78308e-07	1.03136e-07	6.36185e-08	3.85613e-08	2.1848e-08	7.71477e-09	4.41743e-09	-1.22077e-09	-6.36814e-09	-7.00999e-09	-5.2984e-09
5.27073e-06	1.17169e-06	7.19349e-07	4.76365e-07	3.62468e-07	2.77165e-07	1.8046e-07	1.04646e-07	6.29263e-08	3.95051e-08	2.29052e-08	9.33827e-09	4.68172e-09	2.01364e-10	-2.35344e-09	-8.62091e-09	-7.81545e-09
5.19046e-06	1.15459e-06	6.93493e-07	4.60692e-07	3.4832e-07	2.69868e-07	1.74172e-07	1.01938e-07	6.27439e-08	3.95217e-08	2.2769e-08	9.21334e-09	6.15481e-09	9.31403e-10	-7.17432e-10	-2.98301e-09	-3.17181e-09
5.19527e-06	1.08886e-06	6.67518e-07	4.39684e-07	3.36396e-07	2.57854e-07	1.69369e-07	9.72586e-08	5.97372e-08	3.87927e-08	2.03403e-08	7.26261e-09	3.08378e-09	-2.02648e-09	-1.68664e-09	-4.72007e-09	-8.43319e-10
5.19047e-06	1.02429e-06	6.25066e-07	4.1082e-07	3.20129e-07	2.48169e-07	1.63281e-07	9.66568e-08	6.26337e-08	3.66035e-08	2.1801e-08	8.84878e-09	2.4545e-09	-3.77615e-09	-7.57747e-09	-9.76764e-09	-5.21109e-09
5.25957e-06	9.84304e-07	5.93737e-07	3.90504e-07	3.06145e-07	2.38489e-07	1.59593e-07	9.57128e-08	6.06324e-08	4.01027e-08	2.4331e-08	1.04473e-08	7.28797e-09	1.9636e-09	-4.46844e-09	-7.22503e-09	-6.72155e-09
5.29574e-06	9.70796e-07	5.71222e-07	3.73203e-07	2.90262e-07	2.27059e-07	1.50273e-07	8.92601e-08	5.53989e-08	3.56612e-08	2.09965e-08	8.28277e-09	4.88407e-09	-1.12031e-09	-5.8785e-09	-8.91216e-09	-7.33869e-09
5.26255e-06	9.72257e-07	5.69017e-07	3.69971e-07	2.8663e-07	2.23176e-07	1.51767e-07	9.33739e-08	6.17668e-08	4.11737e-08	2.94044e-08	1.907e-08	1.54574e-08	8.88676e-09	4.35527e-09	-6.92312e-10	-1.52309e-09
5.14476e-06	9.60702e-07	5.63617e-07	3.77322e-07	2.87586e-07	2.25417e-07	1.58124e-07	9.91768e-08	6.99738e-08	5.03373e-08	3.58492e-08	2.33875e-08	2.14491e-08	1.51427e-08	9.56649e-09	6.00423e-09	6.98605e-09
5.02972e-06	8.97331e-07	5.43567e-07	3.58497e-07	2.79355e-07	2.19021e-07	1.46916e-07	9.05967e-08	5.67346e-08	3.76511e-08	2.28852e-08	1.12034e-08	8.19486e-09	3.57503e-09	1.47281e-09	5.03525e-10	6.13041e-09
4.90582e-06	8.27442e-07	5.19575e-07	3.40483e-07	2.76183e-07	2.14313e-07	1.45934e-07	8.54733e-08	5.84089e-08	3.81294e-08	2.36908e-08	1.1858e-08	8.48439e-09	2.94562e-09	1.24622e-09	3.05891e-09	5.50101e-09
4.86604e-06	7.49509e-07	5.16302e-07	3.47344e-07	2.84756e-07	2.26322e-07	1.5034e-07	9.58585e-08	5.99194e-08	3.87588e-08	2.29481e-08	1.05488e-08	5.41289e-09	5.53877e-10	-3.75126e-09	-1.04607e-08	-1.67674e-08
4.87931e-06	7.40043e-07	5.26297e-07	3.50352e-07	2.91264e-07	2.28588e-07	1.55992e-07	9.22835e-08	5.88872e-08	3.58006e-08	1.95997e-08	5.52618e-09	1.49799e-09	-8.54733e-09	-1.1858e-08	-1.11908e-08	-7.67875e-09
4.92604e-06	8.26091e-07	5.64277e-07	3.87459e-07	3.17367e-07	2.5231e-07	1.73569e-07	1.0461e-07	6.81034e-08	4.40218e-08	2.71784e-08	1.27017e-08	7.89295e-09	-6.9614e-09	-1.07379e-08	-6.40751e-09	-8.61049e-09
4.97244e-06	9.2281e-07	6.14036e-07	4.13016e-07	3.24056e-07	2.60801e-07	1.70191e-07	1.00076e-07	6.22734e-08	4.07855e-08	2.35901e-08	1.34945e-08	6.0423e-09	1.44763e-09	-1.18328e-09	-2.16516e-09	3.48691e-09
5.02699e-06	1.0481e-06	6.75407e-07	4.52592e-07	3.51268e-07	2.82585e-07	1.84974e-07	1.1288e-07	7.35542e-08	4.75087e-08	2.89912e-08	1.46026e-08	9.37838e-09	2.51769e-10	-3.42405e-09	-6.13057e-09	5.99209e-09
5.11967e-06	1.13606e-06	7.18359e-07	4.82238e-07	3.74808e-07	2.97238e-07	2.011e-07	1.24928e-07	8.39019e-08	5.68368e-08	3.79667e-08	2.1715e-08	1.61258e-08	7.95589e-09	3.44923e-09	2.59322e-09	2.84499e-09
5.22241e-06	1.2021e-06	7.59467e-07	5.15673e-07	4.01141e-07	3.17312e-07	2.15507e-07	1.35228e-07	9.30057e-08	6.4958e-08	4.36704e-08	2.65749e-08	1.96762e-08	1.13173e-08	2.59328e-09	3.0213e-10	-2.15268e-09
5.38208e-06	1.27452e-06	8.14945e-07	5.5393e-07	4.33028e-07	3.41105e-07	2.32099e-07	1.44166e-07	9.69837e-08	6.17352e-08	4.46145e-08	2.62475e-08	1.92734e-08	8.86248e-09	3.0213e-09	-5.67753e-09	-7.70432e-09
5.56691e-06	1.38689e-06	8.93552e-07	6.11936e-07	4.75931e-07	3.74821e-07	2.47816e-07	1.49765e-07	1.04157e-07	6.87832e-08	4.54568e-08	2.56678e-08	1.70699e-08	5.79068e-09	-3.39888e-10	-6.67187e-09	-3.09675e-09
5.8606e-06	1.56312e-06	1.01139e-06	6.99386e-07	5.41242e-07	4.24176e-07	2.80862e-07	1.72609e-07	1.16159e-07	7.74102e-08	5.689e-08	3.37009e-08	2.23204e-08	1.34703e-08	5.09857e-09	-1.34703e-09	-5.40071e-09
6.09983e-06	1.7424e-06	1.12803e-06	7.80175e-07	5.99879e-07	4.66803e-07	3.12012e-07	1.89171e-07	1.25661e-07	8.13737e-08	5.40183e-08	2.69022e-08	2.06707e-08	7.65396e-09	-3.27308e-10	-2.80729e-09	-7.69173e-09
6.25926e-06	1.90554e-06	1.24352e-06	8.64246e-07	6.61912e-07	5.16579e-07	3.45326e-07	2.09056e-07	1.37869e-07	9.41867e-08	6.35212e-08	3.61288e-08	2.76946e-08	1.51565e-08	7.95589e-09	2.25333e-09	4.64513e-09
6.37846e-06	2.03758e-06	1.33286e-06	9.33898e-07	7.16219e-07	5.62514e-07	3.72567e-07	2.20071e-07	1.42224e-07	9.36202e-08	6.19854e-08	3.31202e-08	2.08968e-08	8.61049e-09	5.70256e-09	-3.29817e-09	2.49251e-09
6.45521e-06	2.15982e-06	1.42876e-06	1.00932e-06	7.7541e-07	6.08059e-07	4.06946e-07	2.43838e-07	1.58677e-07	1.10803e-07	7.33276e-08	4.40973e-08	3.11564e-08	1.61384e-08	6.73481e-09	4.28007e-10	-6.79775e-09
6.50677e-06	2.26953e-06	1.53429e-06	1.09131e-06	8.43899e-07	6.6349e-07	4.48374e-07	2.75039e-07	1.80938e-07	1.29954e-07	9.16083e-08	5.6171e-08	4.48663e-08	2.86016e-08	1.91978e-08	7.66655e-09	-2.908e-09
6.45831e-06	2.36456e-06	1.62553e-06	1.17237e-06	9.09968e-07	7.17453e-07	4.87147e-07	2.95866e-07	1.94378e-07	1.33865e-07	8.92898e-08	5.42687e-08	3.78031e-08	2.135e-08	1.17072e-08	2.95828e-09	-3.68841e-09
6.42259e-06	2.4306e-06	1.71429e-06	1.261e-06	9.87776e-07	7.89327e-07	5.40297e-07	3.33035e-07	2.20102e-07	1.51959e-07	1.02863e-07	6.32962e-08	4.60874e-08	2.49509e-08	1.32182e-08	2.65623e-09	-2.49257e-09
6.29737e-06	2.4296e-06	1.75784e-06	1.32e-06	1.04907e-06	8.48478e-07	5.91472e-07	3.73442e-07	2.50686e-07	1.76486e-07	1.18476e-07	7.87194e-08	5.6676e-08	3.42297e-08	2.21945e-08	1.22743e-08	7.07506e-09
6.10555e-06	2.32907e-06	1.72548e-06	1.31656e-06	1.06519e-06	8.74135e-07	6.21006e-07	3.96833e-07	2.71143e-07	1.92802e-07	1.29378e-07	8.52909e-08	5.88665e-08	3.23539e-08	1.90473e-08	4.07886e-09	-2.76959e-09
5.80788e-06	2.17145e-06	1.62625e-06	1.26455e-06	1.0354e-06	8.59799e-07	6.23571e-07	4.14711e-07	2.88912e-07	2.0711e-07	1.44796e-07	9.32071e-08	6.7161e-08	3.97049e-08	2.46488e-08	9.76887e-09	5.0355e-09
5.49707e-06	2.00686e-06	1.50957e-06	1.18914e-06	9.85724e-07	8.29229e-07	6.1266e-07	4.11952e-07	2.90606e-07	2.10338e-07	1.46134e-07	9.16484e-08	6.41917e-08	3.31848e-08	1.37724e-08	-8.30878e-10	-6.88622e-09
5.27477e-06	1.84722e-06	1.40753e-06	1.11246e-06	9.32812e-07	7.92041e-07	5.96231e-07	4.10278e-07	2.96032e-07	2.19251e-07	1.52756e-07	9.99572e-08	6.62814e-08	3.37639e-08	1.73603e-08	4.35582e-09	2.87031e-09
5.04353e-06	1.74206e-06	1.31653e-06	1.04653e-06	8.82594e-07	7.56943e-07	5.75723e-07	4.09233e-07	3.03762e-07	2.27157e-07	1.63708e-07	1.03684e-07	7.19969e-08	3.94541e-08	1.97522e-08	5.46366e-09	-2.15273e-09
4.8727e-06	1.63811e-06	1.23916e-06	9.85472e-07	8.40153e-07	7.23587e-07	5.581e-07	4.01463e-07	3.0353e-07	2.30763e-07	1.69189e-07	1.1688e-07	8.61366e-08	5.24474e-08	2.87667e-08	8.82516e-09	3.05922e-09
4.69555e-06	1.54055e-06	1.16359e-06	9.34121e-07	7.93992e-07	6.86066e-07	5.33147e-07	3.90186e-07	2.95654e-07	2.27132e-07	1.66427e-07	1.15505e-07	7.65415e-08	4.36967e-08	2.06083e-08	3.53753e-09	-6.70997e-09
4.5771e-06	1.45897e-06	1.10965e-06	8.94174e-07	7.60726e-07	6.6166e-07	5.17776e-07	3.84064e-07	2.93471e-07	2.25917e-07	1.69365e-07	1.20367e-07	8.25612e-08	4.61401e-08	2.16034e-08	-8.56078e-10	-1.06129e-08
4.44559e-06	1.41154e-06	1.08243e-06	8.78138e-07	7.49226e-07	6.54883e-07	5.15145e-07	3.85868e-07	2.98235e-07	2.34597e-07	1.7986e-07	1.28723e-07	9.52992e-08	6.00499e-08	3.54634e-08	1.48173e-08	4.15439e-09
4.31484e-06	1.35014e-06	1.04746e-06	8.54429e-07	7.31834e-07	6.41782e-07	5.07805e-07	3.81735e-07	2.99237e-07	2.38279e-07	1.82533e-07	1.33158e-07	1.00942e-07	6.63083e-08	3.88886e-08	1.91233e-08	6.73532e-09
4.16442e-06	1.28261e-06	9.97029e-07	8.15704e-07	7.00448e-07	6.18869e-07	4.91187e-07	3.70921e-07	2.94012e-07	2.31846e-07	1.80809e-07	1.32365e-07	1.01823e-07	6.67363e-08	4.03238e-08	2.09613e-08	6.71014e-09
3.97415e-06	1.22298e-06	9.44065e-07	7.81687e-07	6.68836e-07	5.92331e-07	4.68816e-07	3.55524e-07	2.7888e-07	2.19622e-07	1.71253e-07	1.23577e-07	9.47477e-08	5.82259e-08	3.17504e-08	1.39364e-08	5.36308e-09
3.90747e-06	1.17095e-06	9.00947e-07	7.47117e-07	6.41102e-07	5.65402e-07	4.47313e-07	3.37257e-07	2.60991e-07	2.07775e-07	1.61396e-07	1.15092e-07	9.02785e-08	5.5066e-08	3.03908e-08	9.20284e-09	-2.64377e-10
3.87966e-06	1.15187e-06	8.86038e-07	7.33413e-07	6.30971e-07	5.57636e-07	4.42314e-07	3.37291e-07	2.67493e-07	2.16908e-07	1.68677e-07	1.25998e-07	1e-07	6.49629e-08	3.97583e-08	1.85069e-08	5.5017e-09
3.90434e-06	1.13236e-06	8.74855e-07	7.21093e-07	6.19026e-07	5.44896e-07	4.33285e-07	3.29506e-07	2.62577e-07	2.12759e-07	1.6673e-07	1.26391e-07	1.00657e-07	6.96983e-08	4.20255e-08	1.90739e-08	3.90291e-10
3.93011e-06	1.12051e-06	8.58312e-07	7.01491e-07	6.01387e-07	5.23971e-07	4.14061e-07	3.13731e-07	2.48111e-07	1.99816e-07	1.57451e-07	1.18094e-07	9.15294e-08	6.28871e-08	4.01999e-08	2.20074e-08	1.20486e-08
4.00733e-06	1.14784e-06	8.7235e-07	7.1787e-07	6.12013e-07	5.35504e-07	4.22068e-07	3.18981e-07	2.48728e-07	1.99476e-07	1.54417e-07	1.17503e-07	9.13532e-08	5.97522e-08	3.58816e-08	1.44156e-08	7.11336e-09
4.096e-06	1.18572e-06	9.1464e-07	7.46739e-07	6.37433e-07	5.58128e-07	4.41519e-07	3.34378e-07	2.65184e-07	2.14005e-07	1.68555e-07	1.28003e-07	1.04774e-07	7.07307e-08	4.83834e-08	2.36944e-08	9.97129e-09
4.14734e-06	1.19847e-06	9.29116e-07	7.59575e-07	6.51789e-07	5.71828e-07	4.50608e-07	3.3931e-07	2.66588e-07	2.14036e-07	1.68257e-07	1.25072e-07	1.01075e-07	7.03926e-08	4.61688e-08	2.51681e-08	1.14572e-08
4.19026e-06	1.19538e-06	9.33572e-07	7.68017e-07	6.60909e-07	5.77772e-07	4.55492e-07	3.41735e-07	2.65121e-07	2.09383e-07	1.632e-07	1.19057e-07	9.23147e-08	6.26133e-08	3.94717e-08	2.33305e-08	1.12435e-08
4.24298e-06	1.19188e-06	9.48178e-07	7.83748e-07	6.79677e-07	5.95712e-07	4.70879e-07	3.51421e-07	2.75225e-07	2.1921e-07	1.66885e-07	1.23322e-07	9.7764e-08	6.54572e-08	4.0415e-08	1.97542e-08	4.35626e-09
4.25402e-06	1.17859e-06	9.42319e-07	7.80584e-07	6.79967e-07	5.97142e-07	4.73319e-07	3.52506e-07	2.74389e-07	2.16671e-07	1.64153e-07	1.22312e-07	9.68522e-08	6.68975e-08	4.3037e-08	2.20599e-08	9.46865e-09
4.1996e-06	1.15251e-06	9.17678e-07	7.5865e-07	6.60526e-07	5.80811e-07	4.59355e-07	3.3931e-07	2.60551e-07	2.02934e-07	1.53916e-07	1.12012e-07	8.87434e-08	5.95316e-08	3.69302e-08	1.80685e-08	1.02367e-08
4.17053e-06	1.14275e-06	8.98207e-07	7.5311e-07	6.50574e-07	5.75589e-07	4.55148e-07	3.37803e-07	2.55503e-07	1.99834e-07	1.52287e-07	1.13428e-07	9.1581e-08	5.77843e-08	3.81032e-08	1.7465e-08	1.33348e-08
4.13476e-06	1.11834e-06	8.82936e-07	7.46027e-07	6.41593e-07	5.70186e-07	4.45529e-07	3.32129e-07	2.50711e-07	1.95636e-07	1.46528e-07	1.05417e-07	8.21728e-08	5.31114e-08	3.30907e-08	1.38004e-08	2.17835e-09
4.17174e-06	1.10868e-06	8.83134e-07	7.39511e-07	6.41231e-07	5.64899e-07	4.40692e-07	3.202e-07	2.466e-07	1.88589e-07	1.40715e-07	9.96776e-08	7.58411e-08	4.7736e-08	2.8017e-08	1.96938e-08	1.25919e-08
4.21104e-06	1.11036e-06	8.93749e-07	7.39599e-07	6.45134e-07	5.62657e-07	4.37267e-07	3.17304e-07	2.37484e-07	1.79347e-07	1.32643e-07	9.44772e-08	7.2882e-08	4.88063e-08	3.06361e-08	1.39015e-08	4.89826e-09
4.23109e-06	1.13207e-06	9.07057e-07	7.52021e-07	6.54784e-07	5.68665e-07	4.42731e-07	3.18533e-07	2.35047e-07	1.81479e-07	1.34296e-07	9.29685e-08	7.35009e-08	4.84423e-08	3.01332e-08	1.37885e-08	6.49759e-09
4.24593e-06	1.14927e-06	9.17722e-07	7.55748e-07	6.5661e-07	5.73173e-07	4.43146e-07	3.20309e-07	2.35739e-07	1.7609e-07	1.28831e-07	8.78057e-08	6.65248e-08	4.27255e-08	2.74133e-08	1.2013e-08	9.19233e-10
4.21931e-06	1.14249e-06	9.13481e-07	7.49849e-07	6.5381e-07	5.67468e-07	4.37368e-07	3.13388e-07	2.31779e-07	1.75494e-07	1.27153e-07	8.8496e-08	7.02503e-08	4.42354e-08	1.48459e-08	2.27914e-09	1.80064e-09
4.17525e-06	1.12708e-06	8.95273e-07	7.41299e-07	6.39808e-07	5.58502e-07	4.29888e-07	3.08691e-07	2.28241e-07	1.71666e-07	1.24673e-07	8.48821e-08	6.77571e-08	4.08734e-08	2.23255e-08	8.86471e-09	3.14798e-09
4.15933e-06	1.114e-06	8.86934e-07	7.41078e-07	6.37746e-07	5.57798e-07	4.32153e-07	3.12401e-07	2.31496e-07	1.76014e-07	1.2863e-07	8.92916e-08	6.89173e-08	4.12018e-08	2.51845e-08	1.21389e-08	7.06425e-09
4.14858e-06	1.11628e-06	8.88615e-07	7.45423e-07	6.46579e-07	5.66484e-07	4.39648e-07	3.18064e-07	2.40726e-07	1.80954e-07	1.33408e-07	9.38074e-08	7.24143e-08	4.42091e-08	2.6455e-08	1.06147e-08	8.18454e-09
4.14315e-06	1.10929e-06	8.88555e-07	7.46588e-07	6.46462e-07	5.64102e-07	4.37459e-07	3.19365e-07	2.39826e-07	1.80433e-07	1.33631e-07	9.25963e-08	7.00327e-08	4.17527e-08	2.517e-08	1.31201e-08	3.12264e-09
4.1701e-06	1.11939e-06	9.00627e-07	7.55635e-07	6.53001e-07	5.71067e-07	4.44408e-07	3.22521e-07	2.45939e-07	1.86633e-07	1.40573e-07	9.78494e-08	7.52978e-08	4.67274e-08	3.02702e-08	1.59787e-08	6.2958e-09
4.22071e-06	1.14049e-06	9.21065e-07	7.70763e-07	6.70322e-07	5.83417e-07	4.5583e-07	3.29929e-07	2.47331e-07	1.90607e-07	1.40796e-07	9.74817e-08	7.44019e-08	4.60715e-08	3.11383e-08	1.26542e-08	3.99144e-09
4.2487e-06	1.15711e-06	9.33202e-07	7.8248e-07	6.76774e-07	5.91654e-07	4.60349e-07	3.32721e-07	2.50548e-07	1.91846e-07	1.41945e-07	9.76101e-08	7.30439e-08	4.38943e-08	2.61024e-08	1.02496e-08	2.51832e-09
4.25509e-06	1.18509e-06	9.53788e-07	8.0033e-07	6.91007e-07	6.03896e-07	4.69729e-07	3.36809e-07	2.55566e-07	1.98738e-07	1.48182e-07	1.03606e-07	7.48967e-08	4.54442e-08	2.49698e-08	9.1921e-09	2.03989e-09
4.31067e-06	1.22972e-06	9.96978e-07	8.37921e-07	7.22128e-07	6.35335e-07	4.93138e-07	3.539e-07	2.68352e-07	2.0416e-07	1.51162e-07	1.05367e-07	8.11025e-08	4.99383e-08	2.90362e-08	1.1408e-08	2.05243e-09
4.40279e-06	1.27051e-06	1.04248e-06	8.80543e-07	7.62888e-07	6.67519e-07	5.18736e-07	3.73391e-07	2.77582e-07	2.10393e-07	1.53215e-07	1.05782e-07	7.92264e-08	4.78229e-08	2.60143e-08	8.27268e-09	-2.37981e-09
4.47948e-06	1.29314e-06	1.06327e-06	8.99239e-07	7.8119e-07	6.84572e-07	5.31505e-07	3.77909e-07	2.79465e-07	2.09479e-07	1.50385e-07	1.01189e-07	7.42168e-08	4.31903e-08	2.66697e-08	9.62023e-09	1.90138e-09
4.53164e-06	1.31302e-06	1.08205e-06	9.16805e-07	7.9965e-07	7.00275e-07	5.45646e-07	3.91017e-07	2.89111e-07	2.18747e-07	1.58847e-07	1.09487e-07	8.1646e-08	5.04558e-08	3.00947e-08	1.34482e-08	2.48061e-09
4.52698e-06	1.31286e-06	1.07092e-06	9.03256e-07	7.86063e-07	6.8864e-07	5.35106e-07	3.82681e-07	2.81492e-07	2.10424e-07	1.49504e-07	1.00798e-07	7.38264e-08	4.07978e-08	2.07767e-08	5.08714e-09	-1.38511e-10
4.5012e-06	1.3147e-06	1.05892e-06	8.87768e-07	7.68107e-07	6.68304e-07	5.16961e-07	3.63252e-07	2.70185e-07	1.97038e-07	1.3661e-07	8.95412e-08	6.50373e-08	3.57359e-08	1.76413e-08	3.85313e-09	2.07767e-09
4.4865e-06	1.31108e-06	1.05324e-06	8.79281e-07	7.56837e-07	6.5862e-07	5.05616e-07	3.54614e-07	2.5719e-07	1.87771e-07	1.3015e-07	8.19986e-08	5.73814e-08	2.78407e-08	1.10683e-08	6.17004e-10	-2.98429e-09
4.50378e-06	1.30818e-06	1.04697e-06	8.72151e-07	7.50422e-07	6.50893e-07	4.97733e-07	3.49636e-07	2.53784e-07	1.85018e-07	1.28982e-07	8.24792e-08	5.92968e-08	2.80051e-08	1.17486e-08	-2.77029e-10	1.10812e-09
4.52599e-06	1.30662e-06	1.04012e-06	8.64013e-07	7.43162e-07	6.44613e-07	4.93893e-07	3.48663e-07	2.55704e-07	1.87856e-07	1.3678e-07	9.15479e-08	6.72442e-08	3.74754e-08	1.90022e-08	4.78517e-09	5.9185e-10
4.56562e-06	1.29789e-06	1.01908e-06	8.43185e-07	7.2047e-07	6.23571e-07	4.75633e-07	3.31159e-07	2.4247e-07	1.79948e-07	1.28129e-07	8.29849e-08	5.99909e-08	3.34332e-08	1.71762e-08	7.87035e-09	3.19851e-09
4.61634e-06	1.28316e-06	1.00335e-06	8.19944e-07	6.98378e-07	6.01896e-07	4.59491e-07	3.191e-07	2.37515e-07	1.76455e-07	1.25532e-07	8.41791e-08	5.75339e-08	3.01836e-08	1.9732e-08	7.59312e-09	3.33694e-09
4.70164e-06	1.27679e-06	9.89234e-07	8.05538e-07	6.83834e-07	5.86597e-07	4.49127e-07	3.13597e-07	2.30463e-07	1.72526e-07	1.28856e-07	8.87879e-08	6.8741e-08	3.96656e-08	2.29305e-08	3.43768e-09	-1.61181e-09
4.81832e-06	1.25167e-06	9.65662e-07	7.74038e-07	6.56102e-07	5.63929e-07	4.27697e-07	2.95721e-07	2.19074e-07	1.61101e-07	1.15619e-07	7.75662e-08	5.79354e-08	2.87599e-08	1.45311e-08	3.48796e-09	3.79017e-09
4.89337e-06	1.2375e-06	9.51934e-07	7.53841e-07	6.41314e-07	5.47147e-07	4.14988e-07	2.90208e-07	2.12625e-07	1.57671e-07	1.1332e-07	7.57316e-08	5.84295e-08	3.26903e-08	1.86244e-08	5.71702e-09	5.36443e-09
4.96982e-06	1.21115e-06	9.17168e-07	7.2282e-07	6.12386e-07	5.19392e-07	3.90699e-07	2.70746e-07	1.97396e-07	1.45642e-07	1.03206e-07	6.7104e-08	5.14015e-08	2.81688e-08	1.66218e-08	5.70428e-09	4.98653e-09
5.02857e-06	1.1733e-06	8.89362e-07	6.95688e-07	5.88563e-07	4.98464e-07	3.75283e-07	2.61132e-07	1.90085e-07	1.40835e-07	1.00577e-07	6.77479e-08	5.39339e-08	3.18718e-08	1.97325e-08	8.18516e-09	2.94666e-09
5.07911e-06	1.1433e-06	8.59316e-07	6.6286e-07	5.58606e-07	4.71453e-07	3.52969e-07	2.44132e-07	1.7583e-07	1.26228e-07	8.85131e-08	5.8442e-08	4.62525e-08	2.16592e-08	9.53256e-09	1.88888e-10	-2.12814e-09
5.11231e-06	1.13533e-06	8.42836e-07	6.40668e-07	5.42033e-07	4.56506e-07	3.39096e-07	2.32679e-07	1.69177e-07	1.23681e-07	8.7239e-08	5.44488e-08	4.18818e-08	1.97572e-08	7.17758e-09	-3.26139e-09	-7.99607e-09
5.13317e-06	1.12331e-06	8.24032e-07	6.25019e-07	5.22427e-07	4.37566e-07	3.22986e-07	2.18531e-07	1.56173e-07	1.14038e-07	7.8905e-08	5.02065e-08	3.71103e-08	1.57029e-08	5.18813e-09	-4.31925e-09	-2.8711e-09
5.16186e-06	1.12464e-06	8.21118e-07	6.17026e-07	5.13726e-07	4.28095e-07	3.14318e-07	2.13726e-07	1.49603e-07	1.07745e-07	7.70054e-08	4.95026e-08	3.69475e-08	1.51492e-08	4.55862e-09	-3.80305e-09	3.77786e-11
5.15823e-06	1.11568e-06	8.11855e-07	6.08157e-07	5.0165e-07	4.18501e-07	3.02007e-07	1.99957e-07	1.41414e-07	1.00363e-07	6.94228e-08	4.17695e-08	3.14058e-08	1.27689e-08	3.65184e-09	-3.36221e-09	-2.58147e-09
5.24703e-06	1.15891e-06	8.32179e-07	6.22236e-07	5.10061e-07	4.21574e-07	3.02637e-07	1.95713e-07	1.36969e-07	9.74916e-08	6.42598e-08	3.83569e-08	2.72377e-08	7.31627e-09	-3.82814e-09	-1.57155e-08	-1.48592e-08
5.37672e-06	1.19024e-06	8.49586e-07	6.31916e-07	5.17843e-07	4.21991e-07	3.00829e-07	1.93102e-07	1.32521e-07	9.20619e-08	5.95991e-08	3.45405e-08	2.22505e-08	2.83325e-09	-9.75898e-09	-1.73395e-08	-1.68106e-08
5.57749e-06	1.23413e-06	8.84844e-07	6.55867e-07	5.38205e-07	4.35981e-07	3.09517e-07	1.9596e-07	1.33667e-07	9.16841e-08	5.60481e-08	3.24376e-08	2.16712e-08	-7.68127e-10	-9.77158e-09	-1.58284e-08	-1.77425e-08
5.73954e-06	1.28809e-06	9.26961e-07	6.87155e-07	5.6367e-07	4.57789e-07	3.24392e-07	2.08223e-07	1.44062e-07	1.01297e-07	7.02808e-08	4.47928e-08	3.54489e-08	1.50485e-08	6.52311e-09	2.51857e-11	-1.85115e-09
5.81803e-06	1.31981e-06	9.47744e-07	7.00224e-07	5.72139e-07	4.66556e-07	3.28435e-07	2.07742e-07	1.41672e-07	9.76126e-08	6.62965e-08	4.0546e-08	3.07117e-08	1.38259e-08	6.8626e-09	-5.03677e-11	-4.78493e-10
5.82946e-06	1.34974e-06	9.62274e-07	7.13388e-07	5.84645e-07	4.74362e-07	3.35596e-07	2.10832e-07	1.43199e-07	9.87106e-08	6.58196e-08	3.80412e-08	2.81437e-08	1.04012e-08	2.19105e-09	-2.35475e-09	-1.76291e-09
5.81918e-06	1.37875e-06	9.82433e-07	7.30192e-07	6.01874e-07	4.8985e-07	3.48109e-07	2.21415e-07	1.52496e-07	1.0618e-07	7.21176e-08	4.49554e-08	3.50703e-08	1.57659e-08	5.50295e-09	-2.32962e-09	-5.61628e-09
5.80113e-06	1.39519e-06	9.92911e-07	7.42841e-07	6.11819e-07	5.00277e-07	3.57141e-07	2.26673e-07	1.56383e-07	1.09477e-07	7.45586e-08	4.6352e-08	3.85322e-08	1.89765e-08	9.92268e-09	4.15544e-10	-5.46503e-09
5.7826e-06	1.40652e-06	1.00309e-06	7.60193e-07	6.26124e-07	5.16748e-07	3.69884e-07	2.40096e-07	1.67716e-07	1.20092e-07	8.42169e-08	5.59095e-08	4.48284e-08	2.67963e-08	1.62314e-08	7.65608e-09	4.8606e-09
5.74173e-06	1.3944e-06	1.00627e-06	7.60886e-07	6.27723e-07	5.13763e-07	3.68411e-07	2.36331e-07	1.61206e-07	1.12978e-07	7.60067e-08	4.46521e-08	3.38353e-08	1.55262e-08	9.35603e-09	7.55534e-10	-2.30438e-09
5.68391e-06	1.39485e-06	1.01062e-06	7.64412e-07	6.3271e-07	5.20362e-07	3.7205e-07	2.39114e-07	1.62377e-07	1.11517e-07	7.49868e-08	4.3758e-08	3.39109e-08	1.41663e-08	1.08797e-08	4.99912e-09	4.26877e-09
5.64515e-06	1.40049e-06	1.02659e-06	7.78433e-07	6.473e-07	5.3527e-07	3.87113e-07	2.50277e-07	1.73214e-07	1.22066e-07	8.43407e-08	5.21054e-08	3.97905e-08	1.92027e-08	1.07409e-08	4.00423e-09	6.53521e-09
5.64346e-06	1.42804e-06	1.04561e-06	7.98423e-07	6.60173e-07	5.50079e-07	3.98204e-07	2.58254e-07	1.79087e-07	1.22334e-07	8.66976e-08	4.94119e-08	3.50316e-08	1.54885e-08	4.31914e-09	-8.58791e-09	-1.24789e-08
5.64262e-06	1.44519e-06	1.06704e-06	8.15012e-07	6.72409e-07	5.62242e-07	4.09112e-07	2.66584e-07	1.84749e-07	1.23514e-07	8.65191e-08	4.60109e-08	3.52322e-08	1.39141e-08	5.25083e-09	-2.50579e-09	-1.98952e-09
5.67661e-06	1.46124e-06	1.08189e-06	8.29027e-07	6.86222e-07	5.72895e-07	4.1741e-07	2.72779e-07	1.86877e-07	1.27947e-07	8.49577e-08	4.82145e-08	3.41619e-08	1.15216e-08	7.17739e-10	-7.30331e-09	-5.03677e-09
5.6893e-06	1.47378e-06	1.096e-06	8.49744e-07	7.05445e-07	5.88179e-07	4.30658e-07	2.82933e-07	1.96693e-07	1.37362e-07	9.32031e-08	5.72037e-08	4.05953e-08	1.70113e-08	5.51512e-09	-6.56023e-09	-9.50666e-09
5.6835e-06	1.47488e-06	1.10863e-06	8.58898e-07	7.19824e-07	6.0106e-07	4.40933e-07	2.89078e-07	2.00559e-07	1.43519e-07	9.63006e-08	5.80977e-08	4.12375e-08	1.7326e-08	8.61266e-09	-1.28308e-08	-9.88441e-09
5.65792e-06	1.47415e-06	1.11327e-06	8.62663e-07	7.23488e-07	6.048e-07	4.44509e-07	2.94858e-07	2.05016e-07	1.4542e-07	9.70561e-08	5.86769e-08	4.17034e-08	2.14183e-08	8.60007e-09	7.55496e-11	-2.19094e-09
5.57799e-06	1.47093e-06	1.1154e-06	8.67332e-07	7.25496e-07	6.07875e-07	4.48978e-07	3.0067e-07	2.10373e-07	1.49491e-07	1.03103e-07	6.38159e-08	4.6502e-08	2.23381e-08	9.64541e-09	7.05148e-10	8.94026e-10
5.53779e-06	1.45696e-06	1.11488e-06	8.72142e-07	7.3397e-07	6.17571e-07	4.61406e-07	3.11235e-07	2.22713e-07	1.61605e-07	1.12068e-07	7.27939e-08	5.61726e-08	3.09761e-08	1.91649e-08	1.01113e-08	4.23089e-09
5.4229e-06	1.44137e-06	1.09308e-06	8.61548e-07	7.2214e-07	6.12184e-07	4.58332e-07	3.11205e-07	2.21573e-07	1.62276e-07	1.05825e-07	7.0101e-08	5.32904e-08	3.05865e-08	1.50729e-08	4.72209e-09	1.23404e-09
5.34386e-06	1.41269e-06	1.08058e-06	8.48393e-07	7.14529e-07	6.02876e-07	4.51345e-07	3.03805e-07	2.15057e-07	1.53181e-07	1.04085e-07	6.30729e-08	4.72449e-08	1.88375e-08	8.13438e-09	-1.97693e-09	-5.75451e-09
5.31505e-06	1.40536e-06	1.07859e-06	8.55491e-07	7.14521e-07	6.03407e-07	4.55184e-07	3.08951e-07	2.18828e-07	1.58864e-07	1.07638e-07	6.8124e-08	4.82786e-08	2.28801e-08	8.12199e-09	-1.44811e-09	-6.18279e-09
5.30626e-06	1.40012e-06	1.07986e-06	8.58051e-07	7.23154e-07	6.11388e-07	4.57339e-07	3.17014e-07	2.25949e-07	1.63632e-07	1.1334e-07	7.41412e-08	5.41201e-08	2.63927e-08	9.44394e-09	-1.28438e-09	-9.31802e-10
5.26471e-06	1.37606e-06	1.07051e-06	8.50941e-07	7.18338e-07	6.08162e-07	4.56194e-07	3.13267e-07	2.2481e-07	1.65139e-07	1.11889e-07	6.89013e-08	4.99005e-08	1.72505e-08	8.65043e-09	-9.65776e-09	-2.88348e-09
5.30173e-06	1.37896e-06	1.08245e-06	8.58898e-07	7.31862e-07	6.18525e-07	4.6536e-07	3.21073e-07	2.32907e-07	1.6835e-07	1.17593e-07	7.46808e-08	5.55667e-08	2.53469e-08	1.3133e-08	-4.0419e-09	1.6495e-09
5.3208e-06	1.38777e-06	1.08887e-06	8.73199e-07	7.41249e-07	6.30465e-07	4.76063e-07	3.29682e-07	2.40178e-07	1.76627e-07	1.23527e-07	7.88884e-08	5.85272e-08	2.73748e-08	1.03883e-08	-2.06508e-09	-8.09661e-09
5.30172e-06	1.39456e-06	1.09736e-06	8.80477e-07	7.48388e-07	6.40299e-07	4.84537e-07	3.41543e-07	2.4966e-07	1.87582e-07	1.35766e-07	8.83323e-08	6.46091e-08	3.43004e-08	1.49214e-08	1.51103e-09	-2.75763e-09
5.21686e-06	1.37152e-06	1.0766e-06	8.68616e-07	7.38441e-07	6.29709e-07	4.75748e-07	3.3288e-07	2.42407e-07	1.79699e-07	1.28274e-07	8.26408e-08	6.09197e-08	3.05984e-08	1.37378e-08	3.08502e-09	-1.44807e-09
5.10108e-06	1.35538e-06	1.07575e-06	8.68666e-07	7.43553e-07	6.37327e-07	4.88982e-07	3.47222e-07	2.61295e-07	1.98474e-07	1.45789e-07	1.01126e-07	7.86114e-08	4.5885e-08	2.75008e-08	1.25667e-08	1.83842e-09
4.99006e-06	1.31967e-06	1.05384e-06	8.55596e-07	7.37118e-07	6.30893e-07	4.86401e-07	3.44817e-07	2.60665e-07	1.98272e-07	1.45512e-07	1.00874e-07	7.72011e-08	4.51798e-08	2.32573e-08	7.58034e-09	-4.02941e-09
4.8683e-06	1.30371e-06	1.02783e-06	8.32909e-07	7.10544e-07	6.09308e-07	4.66116e-07	3.29686e-07	2.43849e-07	1.80551e-07	1.32048e-07	8.52074e-08	6.20388e-08	3.4501e-08	1.72883e-08	1.52358e-09	-5.51512e-09
4.80582e-06	1.29912e-06	1.02212e-06	8.3322e-07	7.11632e-07	6.11514e-07	4.68256e-07	3.32502e-07	2.4621e-07	1.84761e-07	1.34759e-07	8.80553e-08	6.48736e-08	3.75491e-08	1.83968e-08	8.77657e-09	2.14063e-09
4.72953e-06	1.287e-06	1.00908e-06	8.24637e-07	7.06792e-07	6.08061e-07	4.65663e-07	3.32129e-07	2.45347e-07	1.82075e-07	1.34277e-07	9.10121e-08	6.58793e-08	3.78504e-08	2.26901e-08	7.16462e-09	5.79214e-09
4.69611e-06	1.2881e-06	1.01315e-06	8.32666e-07	7.1444e-07	6.18956e-07	4.74149e-07	3.42248e-07	2.60691e-07	1.9972e-07	1.50889e-07	1.07774e-07	8.4857e-08	4.38577e-08	1.97693e-08	4.15533e-10	-1.52866e-08
4.69982e-06	1.28294e-06	1.01532e-06	8.34378e-07	7.09278e-07	6.14259e-07	4.74514e-07	3.39365e-07	2.57606e-07	1.97681e-07	1.47086e-07	1.04311e-07	8.08149e-08	5.18535e-08	3.41619e-08	1.80694e-08	1.42918e-08
4.74045e-06	1.30505e-06	1.03975e-06	8.46967e-07	7.27655e-07	6.27219e-07	4.80646e-07	3.41476e-07	2.526e-07	1.93782e-07	1.41436e-07	9.40011e-08	6.98995e-08	3.97663e-08	2.21623e-08	6.05687e-09	2.61919e-09
4.83105e-06	1.34138e-06	1.07244e-06	8.74273e-07	7.51958e-07	6.48455e-07	4.96688e-07	3.51243e-07	2.59009e-07	1.97197e-07	1.43015e-07	9.66154e-08	7.22884e-08	3.89458e-08	1.83334e-08	3.55083e-09	2.53091e-09
4.9536e-06	1.41983e-06	1.12473e-06	9.24044e-07	7.94092e-07	6.86907e-07	5.30763e-07	3.77641e-07	2.82608e-07	2.14723e-07	1.58801e-07	1.07198e-07	8.25799e-08	4.6352e-08	2.37616e-08	2.32956e-09	-7.55534e-09
5.10279e-06	1.48345e-06	1.18208e-06	9.66254e-07	8.28851e-07	7.16959e-07	5.54586e-07	3.93535e-07	2.95482e-07	2.22147e-07	1.61038e-07	1.1169e-07	8.48192e-08	4.73582e-08	2.48187e-08	4.68419e-09	-4.77234e-09
5.17644e-06	1.54528e-06	1.22574e-06	9.99723e-07	8.61818e-07	7.5017e-07	5.7829e-07	4.14431e-07	3.08551e-07	2.33447e-07	1.712e-07	1.18348e-07	8.64878e-08	4.88855e-08	2.1282e-08	1.90152e-09	-8.00907e-09
5.21406e-06	1.57639e-06	1.24822e-06	1.02395e-06	8.83519e-07	7.66635e-07	5.93097e-07	4.23954e-07	3.17824e-07	2.40984e-07	1.76019e-07	1.21644e-07	9.09057e-08	5.26117e-08	2.90762e-08	2.99703e-09	-8.8022e-09
5.27113e-06	1.61101e-06	1.27063e-06	1.04386e-06	8.98005e-07	7.77047e-07	6.04034e-07	4.32243e-07	3.25463e-07	2.46953e-07	1.82646e-07	1.27317e-07	9.5132e-08	5.68525e-08	3.2122e-08	1.32467e-08	3.13539e-09
5.32572e-06	1.63824e-06	1.2907e-06	1.05702e-06	9.09739e-07	7.86788e-07	6.13179e-07	4.39507e-07	3.31163e-07	2.49767e-07	1.84892e-07	1.2805e-07	9.58899e-08	5.7408e-08	3.18835e-08	9.78417e-09	-4.15544e-10
5.3441e-06	1.64169e-06	1.29256e-06	1.05427e-06	9.06991e-07	7.87098e-07	6.11633e-07	4.3608e-07	3.26538e-07	2.46159e-07	1.80968e-07	1.22929e-07	9.09686e-08	5.12265e-08	2.76533e-08	6.86294e-09	-1.63703e-10
5.31056e-06	1.6325e-06	1.28415e-06	1.04842e-06	9.02546e-07	7.79693e-07	6.05249e-07	4.32277e-07	3.23049e-07	2.45316e-07	1.78978e-07	1.20964e-07	8.83368e-08	4.76376e-08	2.45555e-08	7.89553e-09	2.12814e-09
5.25499e-06	1.63948e-06	1.2779e-06	1.04489e-06	8.99491e-07	7.77287e-07	6.02624e-07	4.30694e-07	3.22278e-07	2.43717e-07	1.78881e-07	1.22633e-07	9.03596e-08	4.89826e-08	2.53979e-08	6.27078e-09	2.50579e-09
5.24657e-06	1.66597e-06	1.29011e-06	1.05522e-06	9.05624e-07	7.82676e-07	6.07107e-07	4.33628e-07	3.24292e-07	2.44623e-07	1.77773e-07	1.22154e-07	9.007e-08	5.10351e-08	2.63675e-08	4.11756e-09	-3.56351e-09
5.24469e-06	1.70785e-06	1.31196e-06	1.07238e-06	9.16979e-07	7.9316e-07	6.15131e-07	4.38575e-07	3.2794e-07	2.46757e-07	1.79553e-07	1.23265e-07	9.10041e-08	5.12882e-08	2.5663e-08	3.70212e-09	-6.63611e-09
5.25126e-06	1.74261e-06	1.34061e-06	1.09553e-06	9.34862e-07	8.09912e-07	6.25856e-07	4.47467e-07	3.34555e-07	2.54495e-07	1.87015e-07	1.31812e-07	9.9791e-08	5.86028e-08	3.425e-08	1.69739e-08	3.94127e-09
5.20066e-06	1.74467e-06	1.35001e-06	1.10574e-06	9.4341e-07	8.18697e-07	6.3009e-07	4.4977e-07	3.39814e-07	2.56731e-07	1.84942e-07	1.27962e-07	9.41899e-08	5.48266e-08	2.86599e-08	7.84496e-09	1.76291e-10
5.09244e-06	1.73569e-06	1.33625e-06	1.0972e-06	9.36497e-07	8.12514e-07	6.23152e-07	4.45803e-07	3.36716e-07	2.53658e-07	1.84199e-07	1.26905e-07	9.49455e-08	5.48518e-08	2.96044e-08	7.50497e-09	-1.03256e-09
4.9655e-06	1.70213e-06	1.30788e-06	1.07743e-06	9.19363e-07	7.97036e-07	6.19721e-07	4.44446e-07	3.31902e-07	2.51744e-07	1.84555e-07	1.28195e-07	9.70813e-08	5.72162e-08	3.16427e-08	1.22139e-08	1.61173e-09
4.86471e-06	1.6396e-06	1.26469e-06	1.04366e-06	8.93142e-07	7.76929e-07	6.01519e-07	4.3316e-07	3.23658e-07	2.45183e-07	1.78785e-07	1.23568e-07	9.41773e-08	5.77102e-08	3.50946e-08	1.40278e-08	5.26356e-09
4.778e-06	1.56451e-06	1.2306e-06	1.01283e-06	8.71364e-07	7.58493e-07	5.90357e-07	4.2406e-07	3.19915e-07	2.42426e-07	1.75653e-07	1.21433e-07	9.0647e-08	5.17137e-08	2.80919e-08	7.76902e-09	-9.31779e-10
4.64015e-06	1.51317e-06	1.17991e-06	9.80495e-07	8.41124e-07	7.35752e-07	5.72997e-07	4.13982e-07	3.10235e-07	2.37187e-07	1.74063e-07	1.20168e-07	8.95434e-08	5.16156e-08	2.89621e-08	1.2076e-08	5.28874e-10
4.52217e-06	1.44723e-06	1.13292e-06	9.43234e-07	8.09429e-07	7.11008e-07	5.52913e-07	3.99867e-07	3.00879e-07	2.31105e-07	1.69529e-07	1.16189e-07	8.70376e-08	4.95756e-08	2.77533e-08	1.21389e-08	1.19626e-09
4.45545e-06	1.40583e-06	1.10228e-06	9.1751e-07	7.90999e-07	6.96912e-07	5.50494e-07	3.99176e-07	3.02999e-07	2.33908e-07	1.73605e-07	1.21676e-07	9.3558e-08	5.50897e-08	3.39604e-08	1.56643e-08	5.36416e-09
4.42311e-06	1.34439e-06	1.05202e-06	8.74408e-07	7.5578e-07	6.661e-07	5.23345e-07	3.75541e-07	2.83192e-07	2.15926e-07	1.57323e-07	1.0445e-07	8.01098e-08	4.11252e-08	2.04619e-08	6.79964e-09	4.34421e-09
4.43201e-06	1.30189e-06	1.02418e-06	8.53993e-07	7.37238e-07	6.45906e-07	5.08336e-07	3.71207e-07	2.80694e-07	2.16184e-07	1.56824e-07	1.06845e-07	8.29073e-08	4.56595e-08	2.45549e-08	4.26877e-09	-2.01476e-09
4.43346e-06	1.27199e-06	9.95807e-07	8.37119e-07	7.22555e-07	6.34321e-07	5.01234e-07	3.69217e-07	2.81839e-07	2.17934e-07	1.6239e-07	1.13846e-07	8.77049e-08	4.88075e-08	2.73377e-08	4.09248e-09	-3.14806e-10
4.44307e-06	1.23843e-06	9.78367e-07	8.1711e-07	7.08187e-07	6.22988e-07	4.93616e-07	3.65036e-07	2.80202e-07	2.16712e-07	1.63057e-07	1.13922e-07	8.81205e-08	4.78757e-08	2.64311e-08	6.04427e-09	-8.31088e-10
4.45391e-06	1.20972e-06	9.53006e-07	7.90805e-07	6.8634e-07	6.01116e-07	4.78027e-07	3.50253e-07	2.69701e-07	2.08867e-07	1.55565e-07	1.09427e-07	8.37258e-08	4.73846e-08	2.68341e-08	9.29307e-09	4.40728e-10
4.52983e-06	1.19e-06	9.47917e-07	7.81154e-07	6.84594e-07	5.99292e-07	4.78051e-07	3.53977e-07	2.76533e-07	2.15899e-07	1.62708e-07	1.16746e-07	9.05908e-08	5.36317e-08	3.01844e-08	9.07923e-09	2.55629e-09
4.58802e-06	1.16245e-06	9.35503e-07	7.65167e-07	6.7371e-07	5.8904e-07	4.70597e-07	3.53326e-07	2.74347e-07	2.15768e-07	1.61609e-07	1.17914e-07	9.1193e-08	5.44992e-08	2.93147e-08	7.60571e-09	-5.74206e-09
4.59478e-06	1.12066e-06	8.95799e-07	7.3244e-07	6.40416e-07	5.57635e-07	4.44997e-07	3.30055e-07	2.54879e-07	1.98315e-07	1.51888e-07	1.09704e-07	8.79442e-08	5.41844e-08	3.50442e-08	1.77551e-08	2.97177e-09
4.60385e-06	1.07552e-06	8.66044e-07	7.03428e-07	6.1843e-07	5.34943e-07	4.23955e-07	3.12917e-07	2.43219e-07	1.87196e-07	1.43652e-07	1.00813e-07	7.69134e-08	4.55713e-08	2.65444e-08	1.01997e-08	2.12809e-09
4.57723e-06	1.03688e-06	8.33636e-07	6.77383e-07	5.95114e-07	5.2001e-07	4.1156e-07	3.07052e-07	2.3866e-07	1.87798e-07	1.44453e-07	1.01033e-07	8.0947e-08	4.64425e-08	2.80443e-08	1.13336e-08	3.526e-09
4.56206e-06	1.00481e-06	8.09349e-07	6.55291e-07	5.76525e-07	5.01561e-07	3.9761e-07	2.96542e-07	2.31275e-07	1.81157e-07	1.39702e-07	1.00123e-07	8.07309e-08	4.76502e-08	2.92903e-08	1.25044e-08	4.72221e-09
4.53872e-06	9.66416e-07	7.77011e-07	6.24754e-07	5.46819e-07	4.75054e-07	3.75535e-07	2.78799e-07	2.14892e-07	1.68249e-07	1.30295e-07	9.18627e-08	7.29613e-08	4.15177e-08	2.79681e-08	1.16481e-08	2.51851e-10
4.52133e-06	9.40626e-07	7.50919e-07	5.99607e-07	5.24115e-07	4.55498e-07	3.56533e-07	2.62945e-07	2.03962e-07	1.59774e-07	1.19214e-07	8.29849e-08	6.68917e-08	3.18466e-08	2.10799e-08	6.79998e-09	2.89629e-10
4.45793e-06	9.24015e-07	7.28485e-07	5.85027e-07	5.08248e-07	4.40788e-07	3.45246e-07	2.54401e-07	1.99169e-07	1.55509e-07	1.16018e-07	8.36419e-08	6.46644e-08	3.48823e-08	1.66981e-08	3.22378e-09	-9.82244e-10
4.46193e-06	8.89372e-07	7.07946e-07	5.62221e-07	4.91109e-07	4.22781e-07	3.3356e-07	2.42098e-07	1.87634e-07	1.46417e-07	1.12152e-07	8.05062e-08	6.44251e-08	3.58645e-08	2.24657e-08	7.31646e-09	8.81501e-11
4.43581e-06	8.67536e-07	6.85632e-07	5.46153e-07	4.75394e-07	4.08966e-07	3.20904e-07	2.36406e-07	1.83843e-07	1.44327e-07	1.11535e-07	8.04307e-08	6.68304e-08	3.92646e-08	2.21383e-08	7.00164e-09	-2.89636e-10
4.38812e-06	8.37237e-07	6.62927e-07	5.21735e-07	4.55446e-07	3.90291e-07	3.0209e-07	2.21672e-07	1.73278e-07	1.33396e-07	1.02292e-07	7.3152e-08	5.93754e-08	3.12429e-08	1.67737e-08	3.37489e-09	-1.71263e-09
4.37577e-06	8.16963e-07	6.44982e-07	5.05125e-07	4.40876e-07	3.77056e-07	2.89636e-07	2.10956e-07	1.65823e-07	1.26835e-07	9.77711e-08	7.03438e-08	5.78894e-08	3.29052e-08	2.05012e-08	8.42463e-09	2.73265e-09
4.31115e-06	8.05896e-07	6.2659e-07	4.92041e-07	4.25661e-07	3.63688e-07	2.80722e-07	2.04367e-07	1.59673e-07	1.26162e-07	9.79523e-08	7.0574e-08	5.98443e-08	3.31713e-08	1.95073e-08	4.2692e-09	-5.69227e-09
4.25565e-06	8.06158e-07	6.1831e-07	4.83075e-07	4.18625e-07	3.57222e-07	2.76628e-07	2.02304e-07	1.57587e-07	1.2472e-07	9.56806e-08	7.03186e-08	6.01058e-08	3.52726e-08	2.23272e-08	5.16308e-09	-4.40751e-09
4.21583e-06	7.97161e-07	6.0703e-07	4.74562e-07	4.07364e-07	3.48693e-07	2.68915e-07	1.95749e-07	1.49456e-07	1.18212e-07	9.17414e-08	6.76506e-08	5.93013e-08	3.46942e-08	2.34485e-08	8.65152e-09	7.17812e-10
4.18611e-06	7.9152e-07	5.97169e-07	4.64097e-07	3.97882e-07	3.37422e-07	2.58891e-07	1.87299e-07	1.42341e-07	1.07558e-07	8.2775e-08	6.20215e-08	5.47048e-08	3.03244e-08	2.03758e-08	8.07223e-09	1.51118e-09
4.15594e-06	7.93862e-07	5.92031e-07	4.59979e-07	3.95086e-07	3.36616e-07	2.53211e-07	1.81077e-07	1.385e-07	1.06098e-07	8.14653e-08	5.99436e-08	5.49315e-08	3.19741e-08	2.58286e-08	1.51622e-08	1.08805e-08
4.11514e-06	7.86677e-07	5.84297e-07	4.52714e-07	3.84146e-07	3.20753e-07	2.44604e-07	1.73177e-07	1.31293e-07	1.03425e-07	7.86929e-08	5.53205e-08	5.017e-08	2.83843e-08	2.02493e-08	9.24317e-09	4.23121e-09
4.05641e-06	7.86556e-07	5.76336e-07	4.47678e-07	3.75157e-07	3.15229e-07	2.39422e-07	1.68463e-07	1.26593e-07	9.54768e-08	7.05813e-08	4.87962e-08	4.24873e-08	2.03244e-08	9.65849e-09	-7.42961e-10	-6.52294e-09
4.04292e-06	7.82634e-07	5.71817e-07	4.44503e-07	3.71477e-07	3.11674e-07	2.33913e-07	1.64551e-07	1.24392e-07	9.45725e-08	7.11875e-08	5.11648e-08	4.5158e-08	2.52235e-08	1.63455e-08	5.96902e-09	2.98451e-09
4.03803e-06	7.99164e-07	5.8139e-07	4.51806e-07	3.81397e-07	3.21529e-07	2.43099e-07	1.72779e-07	1.32808e-07	1.02546e-07	7.87704e-08	5.85835e-08	5.21862e-08	2.96066e-08	1.82475e-08	6.4729e-09	-2.89643e-09
4.04737e-06	7.92167e-07	5.76099e-07	4.43294e-07	3.71326e-07	3.12228e-07	2.30903e-07	1.60118e-07	1.18348e-07	8.92205e-08	6.55459e-08	4.40373e-08	3.8169e-08	1.66352e-08	7.21572e-09	-2.4682e-09	-1.04521e-08
4.08663e-06	8.21345e-07	5.99534e-07	4.66352e-07	3.9223e-07	3.30462e-07	2.4842e-07	1.74575e-07	1.34555e-07	1.02418e-07	7.82269e-08	5.7562e-08	4.93263e-08	2.78302e-08	1.26558e-08	6.13273e-09	-1.25929e-11
4.16603e-06	8.51194e-07	6.25976e-07	4.86211e-07	4.1116e-07	3.45666e-07	2.61346e-07	1.83864e-07	1.39916e-07	1.06747e-07	8.15872e-08	5.7825e-08	4.30665e-08	1.9594e-08	1.32222e-08	-7.05183e-10	-8.63849e-09
4.27831e-06	8.66267e-07	6.43744e-07	4.93679e-07	4.14371e-07	3.48222e-07	2.58538e-07	1.79721e-07	1.35143e-07	1.0176e-07	7.68398e-08	5.56213e-08	4.55473e-08	2.52859e-08	1.66474e-08	4.38221e-09	-2.05259e-09
4.30547e-06	8.87895e-07	6.52743e-07	5.02405e-07	4.2269e-07	3.55141e-07	2.63437e-07	1.82614e-07	1.37669e-07	1.03075e-07	7.82919e-08	5.65812e-08	5.02594e-08	2.70628e-08	1.75549e-08	6.01954e-09	3.27423e-10
4.32532e-06	9.0749e-07	6.7055e-07	5.20199e-07	4.39402e-07	3.68338e-07	2.77327e-07	1.9362e-07	1.48348e-07	1.11953e-07	8.53692e-08	6.13918e-08	5.22869e-08	2.81458e-08	1.73156e-08	4.34465e-09	-2.73272e-09
4.33961e-06	9.02697e-07	6.86244e-07	5.27225e-07	4.48484e-07	3.75006e-07	2.83207e-07	2.04465e-07	1.57004e-07	1.20057e-07	9.74286e-08	7.2105e-08	6.41339e-08	3.96665e-08	2.79555e-08	1.30207e-08	1.08296e-09
4.30657e-06	9.12293e-07	6.81005e-07	5.29051e-07	4.46771e-07	3.75875e-07	2.80184e-07	1.99403e-07	1.50745e-07	1.1876e-07	9.2316e-08	6.92842e-08	5.99532e-08	3.6594e-08	2.56007e-08	1.22148e-08	1.63703e-09
4.24264e-06	9.09936e-07	6.77648e-07	5.28737e-07	4.43823e-07	3.74323e-07	2.81249e-07	1.98048e-07	1.5056e-07	1.1666e-07	8.92457e-08	6.542e-08	5.53709e-08	3.24518e-08	2.13575e-08	8.05944e-09	7.55572e-10
4.14392e-06	9.13842e-07	6.62771e-07	5.23347e-07	4.35085e-07	3.7109e-07	2.78698e-07	1.95902e-07	1.49511e-07	1.16708e-07	9.0402e-08	6.56324e-08	5.64398e-08	3.3811e-08	2.47192e-08	9.9733e-09	5.55332e-09
4.07336e-06	8.90495e-07	6.5271e-07	5.14104e-07	4.25616e-07	3.63132e-07	2.69405e-07	1.88372e-07	1.43706e-07	1.10449e-07	8.41938e-08	5.87191e-08	5.12643e-08	3.22621e-08	2.55251e-08	8.7896e-09	-3.75258e-09
4.04827e-06	8.78885e-07	6.43026e-07	5.10767e-07	4.24734e-07	3.61557e-07	2.69053e-07	1.90387e-07	1.47283e-07	1.13648e-07	8.7556e-08	6.2862e-08	5.79635e-08	3.44029e-08	2.30947e-08	1.25296e-08	4.38221e-09
4.03372e-06	8.62849e-07	6.46708e-07	5.08865e-07	4.2912e-07	3.63567e-07	2.74982e-07	1.90843e-07	1.48988e-07	1.14083e-07	8.84331e-08	6.267e-08	5.46993e-08	3.23235e-08	2.26025e-08	9.09137e-09	6.42188e-10
4.00689e-06	8.89777e-07	6.61537e-07	5.28434e-07	4.40538e-07	3.75296e-07	2.84982e-07	2.01443e-07	1.61008e-07	1.20977e-07	9.44064e-08	6.84154e-08	6.0142e-08	3.70095e-08	2.36992e-08	9.89775e-09	2.10296e-09
3.99315e-06	8.91395e-07	6.59326e-07	5.25688e-07	4.39168e-07	3.73124e-07	2.81832e-07	1.97895e-07	1.52589e-07	1.2014e-07	9.0473e-08	6.54276e-08	5.81495e-08	3.55974e-08	2.6506e-08	1.50473e-08	6.77445e-09
3.98855e-06	8.86305e-07	6.56736e-07	5.20689e-07	4.37895e-07	3.71874e-07	2.78868e-07	1.93895e-07	1.48614e-07	1.13229e-07	8.68864e-08	6.27345e-08	5.42474e-08	3.20347e-08	2.54741e-08	1.47455e-08	1.06656e-08
3.96965e-06	8.88735e-07	6.54154e-07	5.15501e-07	4.33123e-07	3.68436e-07	2.80177e-07	1.97988e-07	1.48765e-07	1.15622e-07	8.88005e-08	6.49004e-08	5.56829e-08	3.32183e-08	2.19609e-08	9.80935e-09	2.77029e-09
3.9566e-06	8.73949e-07	6.3795e-07	5.05162e-07	4.23042e-07	3.59846e-07	2.71443e-07	1.92332e-07	1.45643e-07	1.12566e-07	8.51549e-08	6.14203e-08	5.311e-08	3.16545e-08	2.22866e-08	9.51901e-09	1.78796e-09
3.99008e-06	8.65443e-07	6.23489e-07	4.87761e-07	4.092e-07	3.47096e-07	2.61043e-07	1.8558e-07	1.37944e-07	1.05885e-07	8.17845e-08	5.77214e-08	4.87559e-08	2.7186e-08	1.65836e-08	4.30644e-09	-1.93916e-09
4.02641e-06	8.60985e-07	6.22582e-07	4.8567e-07	4.09905e-07	3.48972e-07	2.62907e-07	1.8393e-07	1.4142e-07	1.08089e-07	8.16334e-08	5.8225e-08	4.96374e-08	2.68586e-08	1.8699e-08	5.65377e-09	-4.31903e-09
4.05986e-06	8.48557e-07	6.18087e-07	4.83026e-07	4.07726e-07	3.4488e-07	2.62428e-07	1.84182e-07	1.4181e-07	1.07636e-07	8.23008e-08	5.74318e-08	4.95618e-08	2.72237e-08	2.0336e-08	6.91296e-09	3.19835e-09
4.13079e-06	8.49984e-07	6.23775e-07	4.89549e-07	4.17172e-07	3.55058e-07	2.7077e-07	1.91896e-07	1.47888e-07	1.13413e-07	8.89219e-08	6.33861e-08	5.74681e-08	3.3947e-08	2.50069e-08	1.23398e-08	5.74177e-09
4.16333e-06	8.63966e-07	6.38817e-07	5.03299e-07	4.29269e-07	3.64759e-07	2.79535e-07	2.02987e-07	1.55187e-07	1.21591e-07	9.2767e-08	6.77211e-08	5.93094e-08	3.46412e-08	2.25149e-08	8.21014e-09	1.22145e-09
4.21308e-06	9.17498e-07	6.78642e-07	5.38468e-07	4.61796e-07	3.95487e-07	3.03453e-07	2.20547e-07	1.71578e-07	1.36988e-07	1.08756e-07	8.03113e-08	7.19125e-08	4.47643e-08	3.07495e-08	1.49214e-08	4.09237e-09
4.22611e-06	9.81653e-07	7.20931e-07	5.72708e-07	4.85393e-07	4.14788e-07	3.16481e-07	2.27189e-07	1.74944e-07	1.3689e-07	1.0677e-07	7.63971e-08	6.17272e-08	3.45279e-08	2.09535e-08	5.40207e-09	-1.33478e-09
4.23814e-06	1.06499e-06	7.83897e-07	6.22167e-07	5.25725e-07	4.49292e-07	3.42727e-07	2.47091e-07	1.87053e-07	1.46306e-07	1.10897e-07	7.99083e-08	6.44203e-08	3.91861e-08	2.27662e-08	7.4796e-09	1.25919e-09
4.18695e-06	1.15345e-06	8.41568e-07	6.71502e-07	5.62607e-07	4.81868e-07	3.65606e-07	2.63763e-07	1.99355e-07	1.54301e-07	1.15972e-07	7.94928e-08	6.71023e-08	3.31042e-08	1.68354e-08	1.5614e-09	-2.1784e-09
4.22776e-06	1.25429e-06	9.26578e-07	7.3948e-07	6.21068e-07	5.31995e-07	4.06961e-07	2.91949e-07	2.24042e-07	1.76925e-07	1.35234e-07	9.85293e-08	8.25002e-08	5.12982e-08	3.39344e-08	2.05621e-08	1.16724e-08
4.33712e-06	1.40998e-06	1.03534e-06	8.29841e-07	6.90657e-07	5.90191e-07	4.49572e-07	3.21065e-07	2.44888e-07	1.94712e-07	1.4791e-07	1.09872e-07	9.02418e-08	5.85117e-08	4.03928e-08	2.3382e-08	5.6409e-09
4.60422e-06	1.63481e-06	1.1971e-06	9.56359e-07	7.91186e-07	6.73735e-07	5.10614e-07	3.59154e-07	2.7031e-07	2.0928e-07	1.50453e-07	1.05981e-07	8.50038e-08	5.34122e-08	3.33543e-08	1.53614e-08	2.53085e-09
5.10495e-06	1.98338e-06	1.46167e-06	1.16072e-06	9.55854e-07	8.12121e-07	6.07671e-07	4.20018e-07	3.1139e-07	2.36357e-07	1.73374e-07	1.15352e-07	9.44874e-08	5.50883e-08	3.31285e-08	1.13073e-08	-2.35463e-09
5.84723e-06	2.51851e-06	1.85582e-06	1.47215e-06	1.20793e-06	1.01722e-06	7.55666e-07	5.15714e-07	3.73848e-07	2.79426e-07	2.00126e-07	1.37736e-07	1.01536e-07	5.94309e-08	3.51801e-08	1.2478e-08	-7.68068e-10
6.96115e-06	3.28849e-06	2.43238e-06	1.92276e-06	1.57201e-06	1.31713e-06	9.75446e-07	6.55166e-07	4.69654e-07	3.46471e-07	2.46393e-07	1.66184e-07	1.20791e-07	6.88761e-08	3.96761e-08	1.62432e-08	5.33884e-09
8.3857e-06	4.23056e-06	3.13955e-06	2.47488e-06	2.02109e-06	1.68746e-06	1.23771e-06	8.19088e-07	5.77638e-07	4.20687e-07	2.93176e-07	1.92949e-07	1.37031e-07	7.92999e-08	4.55175e-08	1.94535e-08	5.4898e-09
1.00702e-05	5.34034e-06	3.96789e-06	3.1209e-06	2.54239e-06	2.11221e-06	1.5313e-06	9.96487e-07	6.88063e-07	4.914e-07	3.33518e-07	2.13498e-07	1.44787e-07	8.09997e-08	4.33518e-08	1.62805e-08	7.00076e-09
1.22388e-05	6.70228e-06	5.00135e-06	3.92342e-06	3.18735e-06	2.6348e-06	1.89378e-06	1.21236e-06	8.25661e-07	5.82977e-07	3.90846e-07	2.4762e-07	1.67326e-07	9.4825e-08	5.24175e-08	2.56359e-08	1.38882e-08
1.48208e-05	8.28413e-06	6.17465e-06	4.80955e-06	3.88207e-06	3.17515e-06	2.24472e-06	1.40304e-06	9.36299e-07	6.51477e-07	4.30897e-07	2.71752e-07	1.82679e-07	1.0101e-07	5.71029e-08	1.69105e-08	7.90753e-09
1.79692e-05	9.95428e-06	7.34023e-06	5.62632e-06	4.48587e-06	3.62079e-06	2.50958e-06	1.51972e-06	9.86917e-07	6.75892e-07	4.37961e-07	2.66451e-07	1.71775e-07	9.06847e-08	4.33907e-08	1.375e-08	1.29694e-09
2.06642e-05	1.09695e-05	7.87599e-06	5.89157e-06	4.63665e-06	3.69589e-06	2.5218e-06	1.50065e-06	9.67349e-07	6.55888e-07	4.22069e-07	2.60942e-07	1.68921e-07	9.11403e-08	4.56583e-08	1.38763e-08	5.26342e-09
2.09102e-05	1.02728e-05	7.01336e-06	5.10787e-06	3.96933e-06	3.14075e-06	2.1443e-06	1.28651e-06	8.40792e-07	5.76947e-07	3.76791e-07	2.3156e-07	1.51515e-07	8.0133e-08	4.22196e-08	1.54121e-08	3.62638e-09
1.77676e-05	7.87915e-06	5.20424e-06	3.7618e-06	2.94823e-06	2.35747e-06	1.65196e-06	1.03451e-06	7.03546e-07	4.96147e-07	3.32553e-07	2.1183e-07	1.42416e-07	7.91091e-08	3.94475e-08	1.01483e-08	-3.22329e-09
1.33415e-05	5.8121e-06	3.95314e-06	2.93757e-06	2.34921e-06	1.91432e-06	1.37821e-06	8.93858e-07	6.27345e-07	4.49044e-07	3.03518e-07	1.94908e-07	1.32381e-07	7.38712e-08	3.52799e-08	1.06646e-08	-1.6469e-08
1.06511e-05	4.77847e-06	3.34935e-06	2.55081e-06	2.06167e-06	1.70215e-06	1.24004e-06	8.18031e-07	5.76001e-07	4.14795e-07	2.90078e-07	1.86565e-07	1.27613e-07	7.2211e-08	4.15261e-08	2.05742e-08	9.35533e-09
8.92176e-06	3.97243e-06	2.82359e-06	2.18742e-06	1.78488e-06	1.48849e-06	1.09638e-06	7.32266e-07	5.18546e-07	3.76306e-07	2.647e-07	1.71136e-07	1.18645e-07	6.63418e-08	3.95482e-08	1.82821e-08	2.4011e-08
7.80957e-06	3.28485e-06	2.36582e-06	1.84689e-06	1.52307e-06	1.27885e-06	9.49008e-07	6.38837e-07	4.51828e-07	3.27433e-07	2.23761e-07	1.43408e-07	9.93906e-08	5.15839e-08	2.57353e-08	6.28274e-09	3.16025e-09
7.08393e-06	2.80937e-06	2.03327e-06	1.59591e-06	1.31914e-06	1.107e-06	8.20339e-07	5.49054e-07	3.87198e-07	2.79494e-07	1.90577e-07	1.19438e-07	8.26597e-08	4.25701e-08	1.83073e-08	6.16958e-10	-5.13712e-09
6.59053e-06	2.52089e-06	1.83237e-06	1.4326e-06	1.18241e-06	9.8518e-07	7.24175e-07	4.79262e-07	3.37824e-07	2.43176e-07	1.65903e-07	1.03488e-07	7.35457e-08	3.64266e-08	1.78167e-08	4.4825e-09	-2.11534e-09
6.37658e-06	2.38479e-06	1.72664e-06	1.33012e-06	1.08459e-06	8.96349e-07	6.51032e-07	4.24477e-07	2.96777e-07	2.09708e-07	1.4213e-07	9.25585e-08	6.42533e-08	3.20071e-08	1.87736e-08	6.24528e-09	-3.68925e-09
6.41914e-06	2.36643e-06	1.66989e-06	1.26888e-06	1.02044e-06	8.37879e-07	6.00602e-07	3.90534e-07	2.69031e-07	1.91584e-07	1.30782e-07	8.45735e-08	6.11292e-08	3.20314e-08	1.68467e-08	7.47904e-09	1.72496e-09
6.59388e-06	2.36612e-06	1.63887e-06	1.22066e-06	9.74063e-07	7.91808e-07	5.63257e-07	3.59523e-07	2.47261e-07	1.7514e-07	1.19224e-07	7.37579e-08	5.42167e-08	2.52197e-08	1.23392e-08	8.68777e-10	-3.63879e-09
6.75026e-06	2.33186e-06	1.58718e-06	1.15458e-06	9.16759e-07	7.38126e-07	5.23055e-07	3.3207e-07	2.31226e-07	1.6346e-07	1.14379e-07	7.31932e-08	5.47973e-08	2.81667e-08	1.66835e-08	-2.64417e-10	-3.57593e-09
6.82363e-06	2.25033e-06	1.46675e-06	1.05492e-06	8.28486e-07	6.64967e-07	4.63499e-07	2.92362e-07	2.01179e-07	1.43109e-07	1.004e-07	6.38236e-08	4.87271e-08	2.07373e-08	1.12815e-08	-6.29548e-11	-3.70175e-09
6.91835e-06	2.03473e-06	1.27838e-06	9.02606e-07	7.11219e-07	5.689e-07	3.99396e-07	2.54722e-07	1.77739e-07	1.26971e-07	8.99899e-08	5.78821e-08	4.5316e-08	2.11156e-08	1.19995e-08	1.09544e-09	-1.52355e-09
6.87062e-06	1.75636e-06	1.06742e-06	7.47834e-07	5.97993e-07	4.8022e-07	3.41169e-07	2.19342e-07	1.56552e-07	1.1217e-07	8.06935e-08	5.32333e-08	4.41051e-08	1.90748e-08	1.28676e-08	2.70699e-09	5.53989e-10
6.33247e-06	1.52687e-06	9.32779e-07	6.53279e-07	5.23205e-07	4.18904e-07	2.97202e-07	1.91945e-07	1.3851e-07	1.02135e-07	7.46248e-08	4.85118e-08	4.22039e-08	2.16811e-08	1.4517e-08	7.83139e-09	-3.84015e-09
5.78745e-06	1.45174e-06	8.96628e-07	6.23064e-07	4.90343e-07	3.89187e-07	2.71222e-07	1.74775e-07	1.24097e-07	9.51751e-08	7.00436e-08	4.60829e-08	3.72567e-08	1.93775e-08	9.59432e-09	2.6441e-10	-8.81368e-09
5.57253e-06	1.43356e-06	8.87912e-07	6.14971e-07	4.77298e-07	3.76102e-07	2.58688e-07	1.66281e-07	1.18081e-07	8.83657e-08	6.52103e-08	4.3931e-08	3.58222e-08	1.97557e-08	1.11181e-08	2.90859e-09	-4.45732e-09
5.33503e-06	1.37674e-06	8.5987e-07	5.95044e-07	4.59396e-07	3.59303e-07	2.45285e-07	1.52935e-07	1.06061e-07	7.76572e-08	5.64677e-08	3.70911e-08	3.38428e-08	1.82056e-08	1.51084e-08	1.44537e-08	6.39589e-09
5.21862e-06	1.30671e-06	8.30668e-07	5.7285e-07	4.44538e-07	3.46193e-07	2.33972e-07	1.47361e-07	1.03294e-07	7.52669e-08	5.50463e-08	3.84896e-08	3.44228e-08	2.07998e-08	1.62671e-08	1.11553e-08	3.68906e-09
5.3033e-06	1.28895e-06	8.03503e-07	5.44469e-07	4.2194e-07	3.27928e-07	2.22396e-07	1.37562e-07	9.63664e-08	6.99897e-08	5.17211e-08	3.44346e-08	3.10729e-08	1.64304e-08	1.08906e-08	2.7321e-09	-3.94078e-09
5.50528e-06	1.2794e-06	7.73688e-07	5.14969e-07	4.00239e-07	3.10248e-07	2.08863e-07	1.28503e-07	8.75236e-08	6.14126e-08	4.43787e-08	2.79114e-08	2.58341e-08	1.02858e-08	6.18154e-09	-1.39746e-09	-6.91175e-09
5.72925e-06	1.2382e-06	7.55842e-07	5.03576e-07	3.94886e-07	3.05963e-07	2.09599e-07	1.31503e-07	9.08244e-08	6.59465e-08	4.82324e-08	3.05056e-08	2.73455e-08	1.14317e-08	6.77343e-09	-3.51262e-09	-4.48205e-09
5.68613e-06	1.12783e-06	7.18936e-07	4.83987e-07	3.84823e-07	2.99292e-07	2.08462e-07	1.30045e-07	9.06791e-08	6.6508e-08	4.97394e-08	3.10321e-08	3.09313e-08	1.16449e-08	7.35202e-09	-1.29667e-09	-3.19762e-09
5.5194e-06	1.00482e-06	7.0031e-07	4.6052e-07	3.73603e-07	2.90563e-07	1.98308e-07	1.18743e-07	8.49909e-08	5.1969e-08	4.19478e-08	2.32022e-08	2.47633e-08	9.20284e-09	5.38826e-09	3.47467e-09	1.7751e-09
5.6131e-06	1.03781e-06	7.41741e-07	4.9616e-07	4.05152e-07	3.12129e-07	2.15052e-07	1.30502e-07	9.04421e-08	6.20908e-08	4.51204e-08	2.72182e-08	2.5569e-08	8.56078e-09	6.10585e-09	-1.27153e-09	-1.74992e-09
5.69271e-06	1.15289e-06	8.03908e-07	5.38599e-07	4.28757e-07	3.26871e-07	2.15983e-07	1.2641e-07	8.4437e-08	5.74076e-08	3.53258e-08	2.14271e-08	2.16915e-08	5.77853e-09	2.65636e-09	-5.70299e-09	-1.13808e-08
5.68725e-06	1.3091e-06	8.73153e-07	5.91309e-07	4.65242e-07	3.56535e-07	2.41093e-07	1.43515e-07	9.67596e-08	6.64451e-08	4.58746e-08	3.09062e-08	2.27736e-08	6.28194e-09	7.45273e-09	7.138e-09	1.78765e-09
5.57355e-06	1.36173e-06	8.94451e-07	6.13355e-07	4.78888e-07	3.71198e-07	2.48477e-07	1.45533e-07	9.91288e-08	6.7177e-08	4.42265e-08	2.58712e-08	2.25098e-08	7.06264e-09	-1.00715e-10	-4.30557e-09	-4.99799e-09
5.49674e-06	1.34711e-06	8.99788e-07	6.28726e-07	4.97155e-07	3.91807e-07	2.69237e-07	1.64392e-07	1.15017e-07	7.91243e-08	5.56199e-08	3.48474e-08	3.05544e-08	1.26523e-08	8.23346e-09	-5.79112e-10	-4.43146e-09
5.43346e-06	1.31561e-06	8.68425e-07	6.17991e-07	4.92144e-07	3.91552e-07	2.7263e-07	1.69243e-07	1.16832e-07	8.01964e-08	5.34811e-08	3.26199e-08	2.7647e-08	7.98187e-09	4.05388e-09	-3.4244e-09	-6.10601e-09
5.64041e-06	1.3224e-06	8.69262e-07	6.26331e-07	5.08461e-07	4.09035e-07	2.91013e-07	1.87546e-07	1.34414e-07	9.94637e-08	6.91461e-08	4.71508e-08	4.08934e-08	2.21212e-08	1.70851e-08	9.19095e-09	5.35089e-09
5.81705e-06	1.35268e-06	8.77496e-07	6.33571e-07	5.17098e-07	4.18767e-07	3.00317e-07	1.94558e-07	1.37688e-07	1.03165e-07	6.9058e-08	4.49349e-08	3.73933e-08	1.87848e-08	8.17113e-09	1.62415e-09	2.51807e-10
6.018e-06	1.40919e-06	9.2092e-07	6.63725e-07	5.39911e-07	4.39655e-07	3.24894e-07	2.11215e-07	1.5709e-07	1.15101e-07	8.0981e-08	5.40125e-08	4.79566e-08	2.48785e-08	1.43152e-08	3.37421e-09	-2.7321e-09
6.24963e-06	1.46462e-06	9.64708e-07	6.89905e-07	5.70143e-07	4.63865e-07	3.40577e-07	2.25473e-07	1.62193e-07	1.19296e-07	8.30479e-08	5.38754e-08	4.26068e-08	1.90245e-08	8.889e-09	8.15874e-09	1.33461e-09
6.4067e-06	1.47847e-06	9.98678e-07	7.14309e-07	5.94022e-07	4.81868e-07	3.54504e-07	2.36218e-07	1.69483e-07	1.24959e-07	8.69576e-08	6.01627e-08	4.86288e-08	2.82052e-08	2.09021e-08	1.69987e-08	1.31834e-08
6.41999e-06	1.4659e-06	1.02542e-06	7.38907e-07	6.20429e-07	5.06032e-07	3.7466e-07	2.4796e-07	1.7572e-07	1.27178e-07	8.84457e-08	5.73814e-08	4.41851e-08	2.04619e-08	9.73355e-09	-1.04513e-09	-8.94026e-10
6.28561e-06	1.45583e-06	1.03326e-06	7.61257e-07	6.38159e-07	5.23106e-07	3.84859e-07	2.55301e-07	1.82218e-07	1.31107e-07	9.05863e-08	6.05671e-08	4.52805e-08	2.19603e-08	1.2529e-08	1.10809e-09	-5.54045e-10
6.21601e-06	1.44906e-06	1.0675e-06	7.91707e-07	6.69609e-07	5.48229e-07	4.04309e-07	2.69418e-07	1.89757e-07	1.39274e-07	9.73656e-08	6.69042e-08	5.19947e-08	2.60288e-08	1.56777e-08	6.92591e-10	-3.7148e-09
6.18409e-06	1.51826e-06	1.12098e-06	8.37783e-07	7.05599e-07	5.79132e-07	4.25893e-07	2.81406e-07	1.96205e-07	1.43719e-07	1.038e-07	6.8025e-08	5.76361e-08	3.11414e-08	2.20622e-08	8.92812e-09	5.28887e-09
6.25584e-06	1.61648e-06	1.18119e-06	8.77931e-07	7.31168e-07	5.99176e-07	4.36711e-07	2.83199e-07	1.96439e-07	1.39875e-07	9.25152e-08	5.59725e-08	3.95144e-08	1.3927e-08	2.30438e-09	-1.67477e-09	8.96567e-09
6.4319e-06	1.75375e-06	1.26109e-06	9.41722e-07	7.74417e-07	6.34211e-07	4.60308e-07	3.00824e-07	2.10308e-07	1.49688e-07	1.01622e-07	6.46376e-08	4.66428e-08	2.03622e-08	7.63109e-09	-8.13479e-09	-8.95331e-09
6.69362e-06	1.87332e-06	1.32681e-06	9.86664e-07	8.09109e-07	6.60454e-07	4.79424e-07	3.10532e-07	2.20231e-07	1.58565e-07	1.09732e-07	7.06568e-08	5.32287e-08	2.66458e-08	1.43807e-08	5.70443e-09	1.25926e-09
7.03782e-06	1.97255e-06	1.40014e-06	1.03117e-06	8.47034e-07	6.86992e-07	4.95618e-07	3.20564e-07	2.23876e-07	1.60244e-07	1.11724e-07	7.20816e-08	5.41619e-08	2.52361e-08	1.43307e-08	3.5386e-09	2.27931e-09
7.60031e-06	2.04132e-06	1.47369e-06	1.0697e-06	8.80116e-07	7.08462e-07	5.10238e-07	3.30802e-07	2.31117e-07	1.68896e-07	1.18348e-07	7.74336e-08	5.84057e-08	2.68102e-08	1.30714e-08	-1.92671e-09	-7.70684e-09
7.94987e-06	2.1324e-06	1.5151e-06	1.09857e-06	8.98063e-07	7.24727e-07	5.20274e-07	3.34483e-07	2.35128e-07	1.70289e-07	1.20914e-07	7.99124e-08	6.09732e-08	3.63421e-08	2.14577e-08	-9.57034e-10	-6.61109e-09
7.99636e-06	2.25914e-06	1.54265e-06	1.10782e-06	8.98199e-07	7.23272e-07	5.18826e-07	3.32603e-07	2.31961e-07	1.67473e-07	1.17894e-07	7.83906e-08	6.02065e-08	3.75142e-08	2.19116e-08	1.43685e-08	9.23058e-09
7.91123e-06	2.36969e-06	1.56144e-06	1.12463e-06	9.01761e-07	7.20129e-07	5.09445e-07	3.23771e-07	2.2499e-07	1.61659e-07	1.12986e-07	7.35694e-08	5.65686e-08	3.16971e-08	1.29332e-08	1.34747e-09	-2.74532e-09
7.9725e-06	2.57386e-06	1.64732e-06	1.17447e-06	9.24678e-07	7.33395e-07	5.17316e-07	3.27494e-07	2.27665e-07	1.65063e-07	1.15495e-07	7.52336e-08	5.55877e-08	3.39017e-08	2.02881e-08	8.67693e-09	-5.26409e-09
8.12397e-06	2.74691e-06	1.7612e-06	1.24807e-06	9.79183e-07	7.71075e-07	5.41105e-07	3.44168e-07	2.41921e-07	1.82417e-07	1.28026e-07	8.72352e-08	6.8748e-08	4.28557e-08	2.95192e-08	1.22409e-08	9.8859e-09
7.94354e-06	2.75741e-06	1.76661e-06	1.25992e-06	9.81021e-07	7.83676e-07	5.48851e-07	3.50688e-07	2.46864e-07	1.81968e-07	1.31316e-07	8.83835e-08	6.9266e-08	3.4356e-08	1.8324e-08	3.65221e-10	-8.71493e-09
7.63083e-06	2.61118e-06	1.68403e-06	1.19922e-06	9.3665e-07	7.41537e-07	5.24521e-07	3.33665e-07	2.26889e-07	1.66587e-07	1.18098e-07	7.98615e-08	6.30856e-08	3.64484e-08	2.34257e-08	9.91184e-09	6.38539e-09
7.6136e-06	2.54256e-06	1.63618e-06	1.17034e-06	9.15682e-07	7.27941e-07	5.12078e-07	3.26289e-07	2.28458e-07	1.67061e-07	1.18952e-07	7.99728e-08	6.49984e-08	4.20518e-08	2.90673e-08	1.54656e-08	9.26929e-09
7.68211e-06	2.48816e-06	1.61118e-06	1.14757e-06	9.0674e-07	7.22702e-07	5.11826e-07	3.28027e-07	2.33369e-07	1.71998e-07	1.24632e-07	8.54009e-08	6.96708e-08	4.30594e-08	2.99867e-08	1.82237e-08	9.47079e-09
7.61492e-06	2.44336e-06	1.57899e-06	1.12694e-06	8.88101e-07	7.11594e-07	5.0296e-07	3.24085e-07	2.30548e-07	1.68547e-07	1.20413e-07	8.11063e-08	6.43309e-08	3.66993e-08	2.3148e-08	1.0705e-08	4.9369e-09
7.57194e-06	2.38753e-06	1.55256e-06	1.11524e-06	8.86096e-07	7.12217e-07	5.06738e-07	3.27695e-07	2.33463e-07	1.72607e-07	1.24798e-07	8.40806e-08	6.64861e-08	4.08816e-08	2.77456e-08	1.49748e-08	6.80101e-09
7.44598e-06	2.28965e-06	1.50801e-06	1.08403e-06	8.64496e-07	6.97393e-07	4.93174e-07	3.19559e-07	2.24887e-07	1.63388e-07	1.14433e-07	7.51637e-08	5.64106e-08	2.92317e-08	1.64861e-08	2.22922e-09	-5.11335e-09
7.20479e-06	2.21847e-06	1.45961e-06	1.05788e-06	8.46361e-07	6.81903e-07	4.88664e-07	3.1651e-07	2.20634e-07	1.63098e-07	1.14782e-07	7.42625e-08	5.83545e-08	3.00401e-08	1.44343e-08	-3.77862e-11	-4.40839e-09
6.96205e-06	2.13906e-06	1.42012e-06	1.03269e-06	8.30953e-07	6.7566e-07	4.87404e-07	3.19163e-07	2.26219e-07	1.68871e-07	1.23942e-07	8.27539e-08	6.47294e-08	3.92609e-08	2.54182e-08	1.2306e-08	5.56731e-09
6.82794e-06	2.099e-06	1.40507e-06	1.02622e-06	8.28144e-07	6.74804e-07	4.91145e-07	3.23206e-07	2.352e-07	1.75799e-07	1.25705e-07	8.64319e-08	6.2437e-08	3.73463e-08	2.20173e-08	1.1714e-08	6.05854e-09
6.84288e-06	2.12e-06	1.41226e-06	1.03259e-06	8.35903e-07	6.81391e-07	4.96095e-07	3.31041e-07	2.39155e-07	1.77134e-07	1.30063e-07	8.75655e-08	6.03965e-08	3.33031e-08	1.8163e-08	9.06892e-09	1.31499e-08
6.99238e-06	2.17464e-06	1.44366e-06	1.05369e-06	8.50582e-07	6.95181e-07	5.04862e-07	3.37595e-07	2.4219e-07	1.82849e-07	1.3565e-07	9.12606e-08	7.10561e-08	3.97919e-08	2.82914e-08	1.71185e-08	1.25964e-08
6.99038e-06	2.204e-06	1.46643e-06	1.07776e-06	8.66668e-07	7.1143e-07	5.18794e-07	3.46916e-07	2.48904e-07	1.87106e-07	1.35449e-07	9.11095e-08	7.03255e-08	3.99683e-08	2.39583e-08	6.37376e-09	-2.17917e-09
6.88707e-06	2.21205e-06	1.50125e-06	1.11548e-06	9.01219e-07	7.41825e-07	5.43483e-07	3.67058e-07	2.6965e-07	2.03696e-07	1.50791e-07	1.06364e-07	8.34257e-08	5.2552e-08	3.45392e-08	1.8038e-08	1.03038e-08
6.72688e-06	2.20138e-06	1.51522e-06	1.14376e-06	9.29558e-07	7.71276e-07	5.65076e-07	3.84586e-07	2.80812e-07	2.1231e-07	1.57853e-07	1.10891e-07	8.46896e-08	5.17359e-08	3.01572e-08	7.58339e-09	1.58722e-09
6.45963e-06	2.13596e-06	1.502e-06	1.14893e-06	9.42484e-07	7.84509e-07	5.83617e-07	4.01519e-07	2.97584e-07	2.30015e-07	1.72801e-07	1.23208e-07	9.52687e-08	6.10813e-08	3.84955e-08	1.61237e-08	-6.17237e-10
6.13294e-06	2.01798e-06	1.43637e-06	1.10766e-06	9.10204e-07	7.62938e-07	5.72613e-07	3.97115e-07	2.9806e-07	2.28131e-07	1.71744e-07	1.2231e-07	9.45452e-08	5.91585e-08	3.61678e-08	1.5155e-08	1.0834e-09
5.80787e-06	1.85601e-06	1.34261e-06	1.04126e-06	8.65794e-07	7.29396e-07	5.52584e-07	3.86933e-07	2.91743e-07	2.27569e-07	1.6982e-07	1.22918e-07	9.56184e-08	5.95001e-08	3.77057e-08	1.04185e-08	-2.56998e-09
5.53281e-06	1.69414e-06	1.2406e-06	9.71641e-07	8.12273e-07	6.90032e-07	5.29417e-07	3.80707e-07	2.89937e-07	2.29188e-07	1.74095e-07	1.27079e-07	1.00207e-07	6.48811e-08	4.11585e-08	1.7562e-08	6.86606e-09
5.2868e-06	1.55493e-06	1.14444e-06	9.04354e-07	7.65521e-07	6.54241e-07	5.08164e-07	3.70402e-07	2.88337e-07	2.28495e-07	1.75343e-07	1.29699e-07	1.04125e-07	6.73377e-08	4.15239e-08	1.83557e-08	-1.51179e-10
5.09443e-06	1.42771e-06	1.05182e-06	8.37588e-07	7.1524e-07	6.15897e-07	4.83962e-07	3.60203e-07	2.8466e-07	2.32072e-07	1.82281e-07	1.40894e-07	1.162e-07	7.88187e-08	5.51706e-08	3.05397e-08	1.1654e-08
4.92729e-06	1.30909e-06	9.44288e-07	7.45918e-07	6.38802e-07	5.49627e-07	4.31197e-07	3.20655e-07	2.5577e-07	2.0574e-07	1.57965e-07	1.22537e-07	9.84856e-08	6.6812e-08	4.26851e-08	1.71219e-08	-2.11662e-09
4.83365e-06	1.23514e-06	8.74102e-07	6.89269e-07	5.90118e-07	5.09147e-07	4.0638e-07	3.07607e-07	2.49767e-07	2.0314e-07	1.64701e-07	1.28002e-07	1.06105e-07	7.54529e-08	5.64669e-08	2.02207e-08	1.43624e-09
4.77769e-06	1.16384e-06	8.0378e-07	6.26975e-07	5.34194e-07	4.61358e-07	3.6665e-07	2.74008e-07	2.21759e-07	1.81618e-07	1.45811e-07	1.13002e-07	9.3839e-08	6.5075e-08	5.19592e-08	2.43417e-08	1.0155e-08
4.75146e-06	1.1035e-06	7.55751e-07	5.82596e-07	4.94331e-07	4.25227e-07	3.34089e-07	2.46945e-07	1.98088e-07	1.61879e-07	1.28279e-07	9.69461e-08	7.72923e-08	5.38086e-08	3.46209e-08	2.02207e-08	7.29458e-09
4.73011e-06	1.08017e-06	7.33798e-07	5.64015e-07	4.77083e-07	4.10523e-07	3.2519e-07	2.4583e-07	1.9813e-07	1.6279e-07	1.31495e-07	1.02668e-07	8.53072e-08	6.05755e-08	4.09716e-08	1.97299e-08	2.96074e-09
4.68014e-06	1.04325e-06	6.95578e-07	5.35832e-07	4.50813e-07	3.87854e-07	3.0417e-07	2.28386e-07	1.84049e-07	1.51531e-07	1.23687e-07	9.64218e-08	8.02696e-08	5.92289e-08	4.24594e-08	2.55386e-08	1.14023e-08
4.64359e-06	1.0059e-06	6.72681e-07	5.14237e-07	4.33566e-07	3.71731e-07	2.91224e-07	2.17268e-07	1.73562e-07	1.41939e-07	1.14801e-07	8.85451e-08	7.48627e-08	5.4969e-08	4.00015e-08	2.27662e-08	1.20823e-08
4.64208e-06	9.8793e-07	6.61535e-07	5.03339e-07	4.24757e-07	3.62354e-07	2.85939e-07	2.11163e-07	1.68326e-07	1.40015e-07	1.1052e-07	8.60023e-08	7.16518e-08	5.04347e-08	3.70417e-08	2.00202e-08	9.43681e-09
4.65363e-06	9.83281e-07	6.54966e-07	4.9772e-07	4.19921e-07	3.56851e-07	2.82455e-07	2.0826e-07	1.64453e-07	1.34959e-07	1.0641e-07	8.16283e-08	6.94577e-08	4.98161e-08	3.59825e-08	2.20481e-08	1.15406e-08
4.69638e-06	9.95981e-07	6.6395e-07	5.06564e-07	4.27418e-07	3.67107e-07	2.84748e-07	2.09633e-07	1.61946e-07	1.32477e-07	1.03991e-07	7.75336e-08	6.50985e-08	4.6364e-08	3.29587e-08	1.81046e-08	4.77498e-09
4.78288e-06	1.01414e-06	6.86637e-07	5.2346e-07	4.44373e-07	3.80493e-07	2.97954e-07	2.17695e-07	1.75386e-07	1.41757e-07	1.1298e-07	8.5765e-08	7.27749e-08	5.07509e-08	3.51023e-08	2.18224e-08	1.41871e-08
4.90999e-06	1.04181e-06	7.19156e-07	5.52805e-07	4.73201e-07	4.07217e-07	3.2212e-07	2.39946e-07	1.93831e-07	1.58401e-07	1.2815e-07	9.99143e-08	8.64076e-08	6.33127e-08	4.87728e-08	3.11713e-08	1.48801e-08
4.96849e-06	1.04641e-06	7.23086e-07	5.55932e-07	4.72065e-07	4.02966e-07	3.15307e-07	2.29323e-07	1.8017e-07	1.45746e-07	1.13868e-07	8.67018e-08	7.15186e-08	5.14339e-08	3.69941e-08	2.18235e-08	1.2323e-08
4.99175e-06	1.08527e-06	7.57094e-07	5.82531e-07	4.98349e-07	4.27184e-07	3.34484e-07	2.46384e-07	1.95202e-07	1.58409e-07	1.25397e-07	9.57361e-08	8.02757e-08	5.69906e-08	4.15302e-08	2.43057e-08	1.21088e-08
4.97935e-06	1.11294e-06	7.80859e-07	6.03465e-07	5.13319e-07	4.391e-07	3.43838e-07	2.51941e-07	1.99105e-07	1.56956e-07	1.23778e-07	9.30318e-08	7.73059e-08	5.31124e-08	3.6744e-08	2.04007e-08	9.97984e-09
5.00108e-06	1.14471e-06	8.10945e-07	6.31392e-07	5.37337e-07	4.59046e-07	3.57897e-07	2.63074e-07	2.06986e-07	1.61307e-07	1.28758e-07	9.6764e-08	7.96517e-08	5.53441e-08	3.88115e-08	2.40681e-08	1.24499e-08
5.06379e-06	1.17814e-06	8.4522e-07	6.63739e-07	5.64493e-07	4.83984e-07	3.77341e-07	2.80388e-07	2.2062e-07	1.75156e-07	1.38625e-07	1.03972e-07	8.59523e-08	5.99814e-08	4.14073e-08	2.18756e-08	9.90448e-09
5.10576e-06	1.20263e-06	8.76043e-07	6.93112e-07	5.92883e-07	5.09501e-07	3.98914e-07	2.94765e-07	2.35565e-07	1.87316e-07	1.46652e-07	1.12881e-07	9.3702e-08	6.69624e-08	4.61957e-08	2.88692e-08	1.46299e-08
5.08343e-06	1.19539e-06	8.8464e-07	7.01651e-07	6.02533e-07	5.15537e-07	4.05255e-07	2.93813e-07	2.32371e-07	1.81162e-07	1.39113e-07	1.02419e-07	8.38584e-08	5.906e-08	4.14819e-08	2.79108e-08	1.86366e-08
5.0259e-06	1.18935e-06	8.96668e-07	7.15031e-07	6.16601e-07	5.30911e-07	4.15432e-07	3.04073e-07	2.37714e-07	1.86867e-07	1.45811e-07	1.03974e-07	8.63703e-08	5.93528e-08	3.96693e-08	2.21281e-08	1.27149e-08
4.94144e-06	1.17504e-06	9.00252e-07	7.20565e-07	6.234e-07	5.38319e-07	4.20023e-07	3.06225e-07	2.36064e-07	1.84866e-07	1.41784e-07	1.02974e-07	8.0683e-08	5.42087e-08	2.81754e-08	1.45161e-08	9.84123e-09
4.84525e-06	1.18027e-06	9.13355e-07	7.35175e-07	6.38663e-07	5.51841e-07	4.34184e-07	3.18808e-07	2.47549e-07	1.95582e-07	1.51503e-07	1.10928e-07	8.74518e-08	5.99183e-08	3.97439e-08	2.2808e-08	1.3269e-08
4.75676e-06	1.18917e-06	9.30656e-07	7.60352e-07	6.59883e-07	5.74687e-07	4.47882e-07	3.35908e-07	2.55841e-07	2.07818e-07	1.57035e-07	1.15036e-07	8.9342e-08	5.77888e-08	3.39726e-08	1.46677e-08	2.96126e-09
4.64167e-06	1.19698e-06	9.44744e-07	7.69513e-07	6.69435e-07	5.83823e-07	4.62965e-07	3.43935e-07	2.66678e-07	2.12379e-07	1.64961e-07	1.22382e-07	9.75075e-08	6.57149e-08	4.23398e-08	2.2871e-08	8.17813e-09
4.52306e-06	1.19792e-06	9.43104e-07	7.82524e-07	6.80125e-07	5.96111e-07	4.7355e-07	3.49627e-07	2.74623e-07	2.16291e-07	1.66515e-07	1.23494e-07	9.74217e-08	6.58425e-08	4.78477e-08	2.64756e-08	1.2236e-08
4.3774e-06	1.19738e-06	9.5107e-07	7.95509e-07	6.92898e-07	6.07349e-07	4.85761e-07	3.6266e-07	2.86146e-07	2.28307e-07	1.76819e-07	1.31518e-07	1.04476e-07	7.11207e-08	4.76196e-08	2.73444e-08	9.36264e-09
4.31604e-06	1.20415e-06	9.74836e-07	8.10005e-07	7.09136e-07	6.23526e-07	5.01815e-07	3.76726e-07	2.96522e-07	2.39163e-07	1.86404e-07	1.36895e-07	1.07145e-07	7.43196e-08	5.00252e-08	3.1124e-08	1.42011e-08
4.27712e-06	1.2365e-06	9.96295e-07	8.40844e-07	7.33706e-07	6.47613e-07	5.24384e-07	3.95925e-07	3.15149e-07	2.52873e-07	1.98145e-07	1.49201e-07	1.17823e-07	8.41902e-08	5.62528e-08	2.87439e-08	9.14865e-09
4.23668e-06	1.27345e-06	1.03197e-06	8.72385e-07	7.65286e-07	6.74984e-07	5.45806e-07	4.14776e-07	3.31683e-07	2.67289e-07	2.09486e-07	1.58123e-07	1.26745e-07	8.89788e-08	5.96678e-08	3.33434e-08	1.19462e-08
4.2193e-06	1.29383e-06	1.05608e-06	8.96406e-07	7.84861e-07	6.94221e-07	5.60687e-07	4.22629e-07	3.37685e-07	2.68039e-07	2.08901e-07	1.56052e-07	1.21399e-07	8.09874e-08	5.06691e-08	2.58449e-08	1.05975e-08
4.23106e-06	1.33619e-06	1.09568e-06	9.35745e-07	8.2048e-07	7.29964e-07	5.92066e-07	4.51636e-07	3.59065e-07	2.8725e-07	2.24961e-07	1.68406e-07	1.31294e-07	8.85377e-08	5.55094e-08	2.71687e-08	7.39705e-09
4.2927e-06	1.38095e-06	1.14689e-06	9.86969e-07	8.72291e-07	7.77737e-07	6.35435e-07	4.87121e-07	3.89858e-07	3.16426e-07	2.47316e-07	1.87947e-07	1.44092e-07	9.8271e-08	6.36657e-08	3.303e-08	9.06089e-09
4.31455e-06	1.42681e-06	1.18575e-06	1.02754e-06	9.07765e-07	8.13199e-07	6.67406e-07	5.13434e-07	4.09202e-07	3.36312e-07	2.64001e-07	2.01973e-07	1.61584e-07	1.05278e-07	6.79e-08	3.6168e-08	1.85377e-08
4.44189e-06	1.49291e-06	1.24551e-06	1.07722e-06	9.55138e-07	8.55735e-07	7.02901e-07	5.46652e-07	4.43796e-07	3.62653e-07	2.8611e-07	2.20468e-07	1.76412e-07	1.25728e-07	7.97187e-08	4.09935e-08	1.734e-08
4.57198e-06	1.57123e-06	1.3043e-06	1.12406e-06	9.94253e-07	8.88519e-07	7.29553e-07	5.67007e-07	4.57845e-07	3.7477e-07	2.98664e-07	2.28607e-07	1.84486e-07	1.31645e-07	9.12287e-08	5.70762e-08	3.52615e-08
4.70853e-06	1.66931e-06	1.37509e-06	1.17972e-06	1.04047e-06	9.29313e-07	7.61676e-07	5.86944e-07	4.73018e-07	3.87347e-07	3.09653e-07	2.35917e-07	1.90586e-07	1.3477e-07	9.63579e-08	6.22306e-08	3.84121e-08
4.88653e-06	1.80029e-06	1.47537e-06	1.26001e-06	1.10662e-06	9.83843e-07	8.05649e-07	6.19804e-07	4.9966e-07	4.09069e-07	3.27981e-07	2.5322e-07	2.03652e-07	1.47317e-07	1.03534e-07	6.39352e-08	3.66748e-08
5.20171e-06	1.98194e-06	1.62328e-06	1.38036e-06	1.20898e-06	1.0702e-06	8.69319e-07	6.64142e-07	5.30877e-07	4.36103e-07	3.46117e-07	2.68167e-07	2.14188e-07	1.57613e-07	1.09293e-07	6.67078e-08	3.72041e-08
5.56589e-06	2.21064e-06	1.81193e-06	1.53373e-06	1.34131e-06	1.18415e-06	9.57602e-07	7.27528e-07	5.79993e-07	4.73369e-07	3.74168e-07	2.87356e-07	2.30389e-07	1.68809e-07	1.1798e-07	7.36035e-08	4.42125e-08
5.97706e-06	2.47613e-06	2.02678e-06	1.71051e-06	1.4939e-06	1.31805e-06	1.06379e-06	8.03458e-07	6.40329e-07	5.22901e-07	4.10464e-07	3.17549e-07	2.50347e-07	1.82476e-07	1.24335e-07	7.34163e-08	3.60465e-08
6.46151e-06	2.75829e-06	2.25733e-06	1.90115e-06	1.65854e-06	1.46002e-06	1.17717e-06	8.86554e-07	6.98596e-07	5.68022e-07	4.4622e-07	3.40425e-07	2.68269e-07	1.93781e-07	1.29805e-07	7.49414e-08	3.86302e-08
6.85315e-06	3.0472e-06	2.48552e-06	2.09267e-06	1.82246e-06	1.60409e-06	1.29351e-06	9.74541e-07	7.66265e-07	6.17567e-07	4.82015e-07	3.66741e-07	2.85586e-07	2.04394e-07	1.35691e-07	8.01719e-08	4.19198e-08
7.29232e-06	3.34754e-06	2.72551e-06	2.29266e-06	1.9975e-06	1.75807e-06	1.41702e-06	1.06723e-06	8.41265e-07	6.78132e-07	5.29871e-07	4.03466e-07	3.14734e-07	2.27704e-07	1.56794e-07	9.71515e-08	5.19788e-08
7.78777e-06	3.66142e-06	2.9788e-06	2.50176e-06	2.17851e-06	1.91535e-06	1.5423e-06	1.15949e-06	9.11467e-07	7.34175e-07	5.71983e-07	4.31874e-07	3.34216e-07	2.40162e-07	1.59255e-07	9.55658e-08	5.03038e-08
8.1906e-06	3.99444e-06	3.22428e-06	2.71048e-06	2.35455e-06	2.0707e-06	1.66563e-06	1.25231e-06	9.8311e-07	7.89899e-07	6.12216e-07	4.64368e-07	3.57244e-07	2.5346e-07	1.64877e-07	9.39272e-08	4.48965e-08
8.62606e-06	4.28652e-06	3.44954e-06	2.89425e-06	2.5104e-06	2.20457e-06	1.76862e-06	1.32452e-06	1.03628e-06	8.31014e-07	6.44597e-07	4.87219e-07	3.71058e-07	2.61136e-07	1.66226e-07	9.39651e-08	4.56528e-08
9.01049e-06	4.5474e-06	3.64436e-06	3.05069e-06	2.64069e-06	2.3153e-06	1.85346e-06	1.3819e-06	1.07826e-06	8.65928e-07	6.69641e-07	4.99181e-07	3.79213e-07	2.63594e-07	1.68961e-07	9.70531e-08	4.77955e-08
9.37053e-06	4.71645e-06	3.7881e-06	3.15221e-06	2.72585e-06	2.38465e-06	1.90595e-06	1.41703e-06	1.10499e-06	8.85039e-07	6.85203e-07	5.10171e-07	3.8853e-07	2.73267e-07	1.773e-07	1.05042e-07	4.98866e-08
9.51655e-06	4.86078e-06	3.8673e-06	3.21294e-06	2.76424e-06	2.4129e-06	1.9259e-06	1.42997e-06	1.11343e-06	8.92167e-07	6.90204e-07	5.19235e-07	3.98596e-07	2.85318e-07	1.91187e-07	1.16883e-07	6.31743e-08
9.59124e-06	4.9081e-06	3.87145e-06	3.20924e-06	2.75358e-06	2.40013e-06	1.90705e-06	1.41217e-06	1.10048e-06	8.82197e-07	6.85111e-07	5.20029e-07	4.04041e-07	2.92629e-07	1.9904e-07	1.24181e-07	7.23127e-08
9.45806e-06	4.83246e-06	3.80866e-06	3.16235e-06	2.71609e-06	2.37094e-06	1.89058e-06	1.41217e-06	1.11082e-06	8.99387e-07	7.08952e-07	5.4597e-07	4.31152e-07	3.22081e-07	2.25855e-07	1.44957e-07	9.25202e-08
9.25627e-06	4.779e-06	3.80351e-06	3.18484e-06	2.75717e-06	2.42472e-06	1.95984e-06	1.49034e-06	1.19083e-06	9.77941e-07	7.84241e-07	6.17465e-07	4.98626e-07	3.77984e-07	2.68863e-07	1.73015e-07	1.00386e-07
9.20826e-06	4.93327e-06	3.95518e-06	3.36003e-06	2.93038e-06	2.60118e-06	2.12086e-06	1.63642e-06	1.32066e-06	1.09538e-06	8.87047e-07	7.04818e-07	5.70802e-07	4.34643e-07	3.10094e-07	2.0236e-07	1.16432e-07
9.51751e-06	5.28718e-06	4.3349e-06	3.71963e-06	3.28133e-06	2.93395e-06	2.42636e-06	1.90482e-06	1.55984e-06	1.3109e-06	1.07763e-06	8.69022e-07	7.13238e-07	5.5192e-07	3.98908e-07	2.60922e-07	1.50112e-07
9.98578e-06	5.89948e-06	4.93266e-06	4.30733e-06	3.84815e-06	3.4792e-06	2.92539e-06	2.34558e-06	1.94972e-06	1.66137e-06	1.38281e-06	1.13018e-06	9.35803e-07	7.32561e-07	5.34172e-07	3.53342e-07	2.02599e-07
1.09547e-05	6.98457e-06	5.98544e-06	5.31424e-06	4.79901e-06	4.38487e-06	3.74454e-06	3.05027e-06	2.56693e-06	2.20396e-06	1.84988e-06	1.52457e-06	1.26846e-06	9.98059e-07	7.31036e-07	4.85504e-07	2.8104e-07
1.23886e-05	8.37754e-06	7.2797e-06	6.51792e-06	5.92423e-06	5.43719e-06	4.67774e-06	3.83741e-06	3.24009e-06	2.78689e-06	2.34226e-06	1.93058e-06	1.60558e-06	1.2647e-06	9.27938e-07	6.18171e-07	3.59921e-07
1.43535e-05	1.01148e-05	8.82892e-06	7.91856e-06	7.20527e-06	6.61358e-06	5.68617e-06	4.65124e-06	3.90845e-06	3.34605e-06	2.79436e-06	2.29074e-06	1.89851e-06	1.49769e-06	1.10867e-06	7.52842e-07	4.46621e-07
1.62062e-05	1.16969e-05	1.01924e-05	9.1253e-06	8.28683e-06	7.5948e-06	6.51269e-06	5.30482e-06	4.43999e-06	3.78605e-06	3.1483e-06	2.56956e-06	2.12415e-06	1.67494e-06	1.24051e-06	8.43607e-07	4.98563e-07
1.79151e-05	1.31309e-05	1.13989e-05	1.01855e-05	9.23289e-06	8.45069e-06	7.23254e-06	5.87822e-06	4.91117e-06	4.1817e-06	3.46725e-06	2.81818e-06	2.31469e-06	1.80811e-06	1.31706e-06	8.84876e-07	5.19122e-07
1.88874e-05	1.40082e-05	1.21717e-05	1.08912e-05	9.8807e-06	9.0506e-06	7.75764e-06	6.32128e-06	5.29031e-06	4.50645e-06	3.73521e-06	3.02677e-06	2.47081e-06	1.90661e-06	1.36618e-06	8.95427e-07	5.1321e-07
1.87945e-05	1.38929e-05	1.21107e-05	1.08463e-05	9.85628e-06	9.03709e-06	7.76448e-06	6.34417e-06	5.31742e-06	4.53705e-06	3.7657e-06	3.05337e-06	2.49155e-06	1.91953e-06	1.36685e-06	8.85882e-07	5.03908e-07
1.78741e-05	1.31801e-05	1.14378e-05	1.02351e-05	9.283e-06	8.50764e-06	7.29786e-06	5.95518e-06	4.99744e-06	4.27507e-06	3.56406e-06	2.91265e-06	2.40115e-06	1.87589e-06	1.36229e-06	8.98629e-07	5.13891e-07
1.74446e-05	1.27052e-05	1.09841e-05	9.79319e-06	8.85903e-06	8.09796e-06	6.92128e-06	5.62291e-06	4.7109e-06	4.03237e-06	3.37533e-06	2.7801e-06	2.31956e-06	1.84332e-06	1.37131e-06	9.26394e-07	5.39393e-07
1.75125e-05	1.26728e-05	1.09775e-05	9.7759e-06	8.84716e-06	8.08431e-06	6.90551e-06	5.60775e-06	4.6935e-06	4.01859e-06	3.36639e-06	2.77636e-06	2.31975e-06	1.85011e-06	1.38571e-06	9.47019e-07	5.65436e-07
1.73284e-05	1.27133e-05	1.10527e-05	9.8986e-06	8.99077e-06	8.24752e-06	7.08925e-06	5.80886e-06	4.89989e-06	4.21589e-06	3.5503e-06	2.93809e-06	2.45605e-06	1.95651e-06	1.4571e-06	9.9313e-07	5.91244e-07
1.79916e-05	1.33803e-05	1.17117e-05	1.05542e-05	9.63813e-06	8.88484e-06	7.71109e-06	6.40398e-06	5.46914e-06	4.75786e-06	4.05229e-06	3.38927e-06	2.85099e-06	2.27518e-06	1.68478e-06	1.13021e-06	6.54804e-07
1.9526e-05	1.47426e-05	1.29564e-05	1.17143e-05	1.07317e-05	9.92671e-06	8.66746e-06	7.26452e-06	6.25623e-06	5.48283e-06	4.70307e-06	3.95763e-06	3.33936e-06	2.66324e-06	1.95578e-06	1.28832e-06	7.20659e-07
2.1465e-05	1.63387e-05	1.43523e-05	1.29722e-05	1.18867e-05	1.10007e-05	9.62481e-06	8.094e-06	6.99542e-06	6.14629e-06	5.28339e-06	4.44964e-06	3.75021e-06	2.9818e-06	2.177e-06	1.42065e-06	7.80628e-07
2.30639e-05	1.76495e-05	1.55106e-05	1.40267e-05	1.28696e-05	1.19254e-05	1.04588e-05	8.82944e-06	7.64929e-06	6.7286e-06	5.7849e-06	4.86211e-06	4.08225e-06	3.22559e-06	2.33246e-06	1.50325e-06	8.1884e-07
2.61256e-05	2.01694e-05	1.76777e-05	1.59538e-05	1.46168e-05	1.35251e-05	1.18329e-05	9.95018e-06	8.58474e-06	7.52374e-06	6.42998e-06	5.36447e-06	4.46735e-06	3.49361e-06	2.49189e-06	1.57919e-06	8.46326e-07
3.11943e-05	2.41062e-05	2.09147e-05	1.87177e-05	1.70235e-05	1.56458e-05	1.35322e-05	1.11996e-05	9.52883e-06	8.2489e-06	6.95294e-06	5.71882e-06	4.70325e-06	3.63017e-06	2.55183e-06	1.6001e-06	8.54085e-07
3.88257e-05	2.98537e-05	2.55873e-05	2.26374e-05	2.03885e-05	1.8563e-05	1.57902e-05	1.27619e-05	1.06302e-05	9.03144e-06	7.45724e-06	6.00251e-06	4.84871e-06	3.67505e-06	2.5352e-06	1.57466e-06	8.35909e-07
4.65774e-05	3.56843e-05	3.02865e-05	2.65426e-05	2.37011e-05	2.13945e-05	1.7915e-05	1.41523e-05	1.15533e-05	9.6446e-06	7.81338e-06	6.16669e-06	4.90377e-06	3.65615e-06	2.48219e-06	1.51257e-06	7.83818e-07
5.40751e-05	4.10048e-05	3.43776e-05	2.97931e-05	2.63528e-05	2.35698e-05	1.94214e-05	1.49966e-05	1.19867e-05	9.8158e-06	7.76986e-06	5.98201e-06	4.64505e-06	3.37547e-06	2.23174e-06	1.32402e-06	6.70449e-07
6.16643e-05	4.60978e-05	3.80851e-05	3.25816e-05	2.85052e-05	2.52473e-05	2.0469e-05	1.54561e-05	1.21057e-05	9.72237e-06	7.51131e-06	5.61292e-06	4.22833e-06	2.9649e-06	1.88728e-06	1.08824e-06	5.5029e-07
6.59246e-05	4.85802e-05	3.95011e-05	3.33106e-05	2.87722e-05	2.51887e-05	2.00356e-05	1.47573e-05	1.13291e-05	8.952e-06	6.79663e-06	4.98923e-06	3.70261e-06	2.55696e-06	1.60052e-06	9.08911e-07	4.58975e-07
6.66989e-05	4.86591e-05	3.91899e-05	3.27382e-05	2.80341e-05	2.43439e-05	1.91048e-05	1.3834e-05	1.04895e-05	8.2157e-06	6.19354e-06	4.52655e-06	3.35258e-06	2.31633e-06	1.45233e-06	8.22096e-07	4.10424e-07
6.4295e-05	4.69964e-05	3.79324e-05	3.17494e-05	2.72329e-05	2.36835e-05	1.86298e-05	1.35272e-05	1.02786e-05	8.06347e-06	6.09081e-06	4.4592e-06	3.30682e-06	2.28575e-06	1.4312e-06	8.05593e-07	3.89369e-07
6.07619e-05	4.50765e-05	3.68593e-05	3.12184e-05	2.70413e-05	2.37187e-05	1.88917e-05	1.39033e-05	1.06454e-05	8.38409e-06	6.34098e-06	4.63611e-06	3.42768e-06	2.35583e-06	1.46293e-06	8.17507e-07	3.96278e-07
5.99047e-05	4.52641e-05	3.74882e-05	3.20616e-05	2.79778e-05	2.46917e-05	1.98409e-05	1.47412e-05	1.13509e-05	8.96895e-06	6.79219e-06	4.96162e-06	3.65751e-06	2.49779e-06	1.53607e-06	8.46277e-07	4.03729e-07
6.01466e-05	4.6354e-05	3.89021e-05	3.36085e-05	2.95502e-05	2.62438e-05	2.12729e-05	1.5956e-05	1.23639e-05	9.80953e-06	7.45661e-06	5.46242e-06	4.03471e-06	2.75801e-06	1.69328e-06	9.294e-07	4.37658e-07
5.76651e-05	4.49515e-05	3.81805e-05	3.33284e-05	2.95664e-05	2.64666e-05	2.17304e-05	1.65718e-05	1.3014e-05	1.0446e-05	8.04361e-06	5.97608e-06	4.46893e-06	3.09457e-06	1.92073e-06	1.05462e-06	4.82362e-07
5.25513e-05	4.10101e-05	3.50742e-05	3.08264e-05	2.75361e-05	2.48168e-05	2.06457e-05	1.606e-05	1.2849e-05	1.04864e-05	8.22602e-06	6.23409e-06	4.73647e-06	3.32236e-06	2.07432e-06	1.12419e-06	4.95323e-07
4.86622e-05	3.80739e-05	3.2768e-05	2.89483e-05	2.59847e-05	2.35252e-05	1.97294e-05	1.55061e-05	1.25021e-05	1.02578e-05	8.075e-06	6.1173e-06	4.62956e-06	3.21447e-06	1.96694e-06	1.0356e-06	4.40453e-07
4.61635e-05	3.56948e-05	3.05262e-05	2.67995e-05	2.39185e-05	2.15321e-05	1.78632e-05	1.38091e-05	1.09556e-05	8.84884e-06	6.8314e-06	5.05813e-06	3.74413e-06	2.53037e-06	1.50098e-06	7.65255e-07	3.15431e-07
3.68495e-05	2.71552e-05	2.27564e-05	1.96686e-05	1.73413e-05	1.54465e-05	1.2605e-05	9.54896e-06	7.46162e-06	5.95626e-06	4.54622e-06	3.3309e-06	2.44629e-06	1.64428e-06	9.73738e-07	5.00681e-07	2.11811e-07
2.61619e-05	1.81839e-05	1.50683e-05	1.29543e-05	1.13979e-05	1.01467e-05	8.29322e-06	6.31649e-06	4.96865e-06	3.99415e-06	3.07266e-06	2.27333e-06	1.68369e-06	1.14311e-06	6.85519e-07	3.55342e-07	1.49071e-07
2.11712e-05	1.42129e-05	1.17232e-05	1.00457e-05	8.81406e-06	7.82461e-06	6.36711e-06	4.82673e-06	3.78703e-06	3.03808e-06	2.33807e-06	1.73307e-06	1.29145e-06	8.83491e-07	5.3771e-07	2.85037e-07	1.22661e-07
1.98643e-05	1.28027e-05	1.03433e-05	8.70888e-06	7.53566e-06	6.61105e-06	5.28068e-06	3.92072e-06	3.03586e-06	2.4149e-06	1.84733e-06	1.36606e-06	1.01823e-06	7.00267e-07	4.30315e-07	2.3064e-07	1.0437e-07
2.09818e-05	1.30493e-05	1.01765e-05	8.32668e-06	7.0428e-06	6.06399e-06	4.71317e-06	3.39273e-06	2.57517e-06	2.02008e-06	1.52866e-06	1.11831e-06	8.28933e-07	5.68374e-07	3.49333e-07	1.8781e-07	8.72103e-08
2.30784e-05	1.40067e-05	1.05747e-05	8.43579e-06	6.99517e-06	5.92318e-06	4.49444e-06	3.14398e-06	2.33526e-06	1.80248e-06	1.33933e-06	9.62414e-07	7.0176e-07	4.72198e-07	2.84623e-07	1.4975e-07	6.97625e-08
2.3894e-05	1.42095e-05	1.06072e-05	8.3867e-06	6.91319e-06	5.81404e-06	4.36193e-06	2.99788e-06	2.18843e-06	1.66111e-06	1.20994e-06	8.49787e-07	6.04887e-07	3.96147e-07	2.31308e-07	1.16663e-07	5.23363e-08
2.23655e-05	1.32305e-05	9.89763e-06	7.85439e-06	6.47823e-06	5.44776e-06	4.07416e-06	2.77701e-06	2.00881e-06	1.5082e-06	1.08471e-06	7.50914e-07	5.2765e-07	3.40142e-07	1.95022e-07	9.46365e-08	3.86565e-08
2.00774e-05	1.16887e-05	8.75601e-06	6.93991e-06	5.71906e-06	4.80257e-06	3.58364e-06	2.4308e-06	1.75095e-06	1.31098e-06	9.38045e-07	6.47347e-07	4.54675e-07	2.92211e-07	1.67999e-07	8.16985e-08	3.48732e-08
1.75762e-05	9.98947e-06	7.43369e-06	5.87557e-06	4.83307e-06	4.05714e-06	3.02803e-06	2.05985e-06	1.4896e-06	1.1183e-06	8.05255e-07	5.62763e-07	4.00396e-07	2.63144e-07	1.56744e-07	7.7956e-08	4.01442e-08
1.51665e-05	8.30077e-06	6.1801e-06	4.88502e-06	4.02742e-06	3.38639e-06	2.535e-06	1.73188e-06	1.25878e-06	9.48495e-07	6.87298e-07	4.81478e-07	3.43189e-07	2.25754e-07	1.30069e-07	6.26261e-08	2.60995e-08
1.31143e-05	6.98328e-06	5.20413e-06	4.12883e-06	3.41179e-06	2.87731e-06	2.16627e-06	1.49043e-06	1.09253e-06	8.31715e-07	6.10072e-07	4.31461e-07	3.12954e-07	2.09023e-07	1.25542e-07	6.36474e-08	2.63264e-08
1.15871e-05	5.98153e-06	4.46808e-06	3.55189e-06	2.94312e-06	2.48797e-06	1.88329e-06	1.30968e-06	9.70257e-07	7.45644e-07	5.52904e-07	3.9587e-07	2.91336e-07	1.96762e-07	1.23875e-07	6.502e-08	2.57458e-08
1.0357e-05	5.25941e-06	3.91391e-06	3.12025e-06	2.5885e-06	2.19712e-06	1.67153e-06	1.17448e-06	8.78139e-07	6.78888e-07	5.06052e-07	3.66388e-07	2.71926e-07	1.82759e-07	1.13312e-07	6.0344e-08	2.61751e-08
9.67998e-06	4.81326e-06	3.5612e-06	2.84103e-06	2.35857e-06	2.00311e-06	1.52865e-06	1.0794e-06	8.11978e-07	6.29076e-07	4.70206e-07	3.39327e-07	2.47497e-07	1.66436e-07	1.00025e-07	5.28685e-08	1.93292e-08
9.36461e-06	4.56438e-06	3.37615e-06	2.68971e-06	2.23422e-06	1.90296e-06	1.4576e-06	1.03278e-06	7.77454e-07	6.01659e-07	4.5103e-07	3.27597e-07	2.3876e-07	1.61548e-07	9.74733e-08	4.98903e-08	1.53315e-08
9.24173e-06	4.47327e-06	3.31639e-06	2.64026e-06	2.19406e-06	1.86564e-06	1.42241e-06	1.00076e-06	7.46211e-07	5.71719e-07	4.22418e-07	2.98323e-07	2.10541e-07	1.34737e-07	7.41268e-08	3.14336e-08	2.09305e-09
9.40778e-06	4.50451e-06	3.32272e-06	2.63164e-06	2.1724e-06	1.83848e-06	1.38489e-06	9.56994e-07	6.98275e-07	5.23224e-07	3.7465e-07	2.5418e-07	1.74194e-07	1.07018e-07	5.36475e-08	2.36024e-08	6.37971e-09
9.83169e-06	4.60753e-06	3.34625e-06	2.61466e-06	2.13518e-06	1.78422e-06	1.3211e-06	8.86038e-07	6.30176e-07	4.62303e-07	3.21158e-07	2.09277e-07	1.39392e-07	8.14085e-08	3.95381e-08	9.46846e-09	-3.27803e-10
1.0351e-05	4.56139e-06	3.24214e-06	2.47326e-06	1.99378e-06	1.63805e-06	1.18509e-06	7.67412e-07	5.32076e-07	3.81468e-07	2.5928e-07	1.65549e-07	1.07726e-07	6.02683e-08	2.63642e-08	5.06859e-09	-7.04811e-09
1.06358e-05	4.26342e-06	2.90203e-06	2.14074e-06	1.68875e-06	1.3594e-06	9.58732e-07	6.00277e-07	4.07792e-07	2.87152e-07	1.91842e-07	1.23061e-07	8.30917e-08	5.01324e-08	2.75501e-08	9.78439e-09	3.65654e-10
1.03932e-05	3.70325e-06	2.35987e-06	1.65394e-06	1.27087e-06	9.93872e-07	6.74778e-07	4.02524e-07	2.6276e-07	1.76165e-07	1.14447e-07	7.55623e-08	5.12785e-08	3.08024e-08	1.72988e-08	2.8369e-09	3.89601e-09
9.16299e-06	2.91756e-06	1.75806e-06	1.19086e-06	8.94553e-07	6.87353e-07	4.52944e-07	2.55844e-07	1.66448e-07	1.09482e-07	6.67886e-08	3.76497e-08	2.28975e-08	9.86004e-09	4.23654e-09	-8.18308e-09	-3.8835e-09
7.52541e-06	2.11585e-06	1.27163e-06	8.51809e-07	6.36465e-07	4.85122e-07	3.1421e-07	1.76233e-07	1.12684e-07	7.63838e-08	5.07124e-08	3.1068e-08	2.22923e-08	1.43361e-08	7.28786e-09	3.83306e-09	3.00088e-09
6.31096e-06	1.60749e-06	9.65554e-07	6.46611e-07	4.81226e-07	3.62001e-07	2.30507e-07	1.31342e-07	8.53465e-08	5.67379e-08	3.78379e-08	2.26447e-08	1.54075e-08	9.67067e-09	6.75812e-09	-3.30341e-09	7.94331e-10
5.69406e-06	1.31575e-06	7.64071e-07	5.01992e-07	3.70713e-07	2.80449e-07	1.79632e-07	1.00704e-07	6.23109e-08	4.32469e-08	2.92768e-08	1.75005e-08	1.31128e-08	8.19548e-09	5.49728e-09	8.0694e-10	-3.00081e-09
5.10995e-06	1.00695e-06	5.72286e-07	3.82839e-07	2.85437e-07	2.20741e-07	1.48455e-07	9.0783e-08	6.59059e-08	5.17841e-08	3.90619e-08	2.92397e-08	2.68945e-08	1.97579e-08	1.7564e-08	1.18901e-08	7.1996e-09
4.19401e-06	5.46321e-07	3.26088e-07	2.25881e-07	1.79346e-07	1.41321e-07	9.83156e-08	6.27742e-08	4.77205e-08	3.73569e-08	2.87836e-08	1.71466e-08	1.50411e-08	1.43729e-08	1.00484e-08	-1.21035e-09	-7.71597e-09
3.39103e-06	2.52282e-07	1.68617e-07	1.24905e-07	1.03434e-07	8.3741e-08	5.52348e-08	2.90358e-08	1.93404e-08	1.39064e-08	7.56468e-09	9.83408e-10	6.17782e-10	-1.63901e-10	-2.89979e-10	-8.06899e-10	-2.49634e-09
2.9651e-06	2.03445e-07	1.30872e-07	9.55695e-08	7.92672e-08	7.61152e-08	4.23885e-08	2.25055e-08	2.38293e-08	1.29359e-08	8.5483e-09	1.39446e-08	1.3415e-08	1.05908e-08	1.08304e-08	5.85017e-09	-2.84943e-09
