2.43136e-06	1.11149e-06	9.04739e-07	7.00123e-07	6.05453e-07	5.09248e-07	3.94987e-07	2.77505e-07	2.12869e-07	1.59495e-07	1.19659e-07	8.86809e-08	6.33525e-08	4.72092e-08	2.34159e-08	9.43681e-10	-3.48533e-09
2.40672e-06	1.0978e-06	9.00438e-07	6.98948e-07	6.04431e-07	5.0799e-07	3.94273e-07	2.84569e-07	2.08284e-07	1.56408e-07	1.11742e-07	8.4514e-08	5.72485e-08	3.80734e-08	1.76275e-08	-1.18272e-09	-2.81839e-09
2.36707e-06	1.08665e-06	8.88447e-07	6.86806e-07	5.89547e-07	4.94439e-07	3.80848e-07	2.67093e-07	2.01653e-07	1.49815e-07	1.09615e-07	7.87639e-08	5.1184e-08	3.18075e-08	1.65077e-08	-2.21445e-09	2.40318e-09
2.39676e-06	1.09583e-06	8.95455e-07	6.88908e-07	5.89383e-07	4.90802e-07	3.72745e-07	2.5407e-07	1.88832e-07	1.37057e-07	9.84801e-08	6.97677e-08	4.4289e-08	2.80958e-08	1.54005e-08	4.85669e-09	1.52369e-08
2.45633e-06	1.12879e-06	9.03936e-07	6.86454e-07	5.80563e-07	4.78875e-07	3.58049e-07	2.3794e-07	1.77785e-07	1.27935e-07	9.03646e-08	6.35018e-08	4.00866e-08	2.46987e-08	9.44916e-09	-4.49181e-09	-4.02627e-10
2.48718e-06	1.13405e-06	8.96792e-07	6.73226e-07	5.63613e-07	4.57813e-07	3.35606e-07	2.14947e-07	1.62267e-07	1.1111e-07	7.7919e-08	5.83543e-08	3.43231e-08	1.93759e-08	4.13941e-09	-9.38601e-09	-1.116e-08
2.49083e-06	1.10533e-06	8.62107e-07	6.31942e-07	5.22609e-07	4.21718e-07	3.08321e-07	1.97579e-07	1.40459e-07	9.91923e-08	7.02926e-08	4.86399e-08	3.06359e-08	1.89603e-08	1.35251e-08	3.77444e-10	1.17008e-09
2.44084e-06	1.04993e-06	8.04162e-07	5.82256e-07	4.80524e-07	3.89588e-07	2.89304e-07	1.90554e-07	1.42255e-07	1.02121e-07	7.49459e-08	5.34196e-08	3.51517e-08	2.15893e-08	1.00523e-08	-3.68628e-09	-5.18343e-09
2.34074e-06	9.69063e-07	7.35582e-07	5.26295e-07	4.35182e-07	3.49366e-07	2.6048e-07	1.70927e-07	1.28365e-07	9.15656e-08	6.77369e-08	4.99472e-08	3.39188e-08	2.34513e-08	1.11343e-08	-6.91963e-10	2.47849e-09
2.20457e-06	8.78013e-07	6.64297e-07	4.71831e-07	3.89751e-07	3.12264e-07	2.32336e-07	1.53465e-07	1.15709e-07	8.27588e-08	5.96724e-08	4.49273e-08	2.97544e-08	2.2017e-08	1.2015e-08	4.78084e-10	7.54869e-11
2.05656e-06	7.91543e-07	6.01039e-07	4.27017e-07	3.56839e-07	2.8831e-07	2.17792e-07	1.45514e-07	1.12916e-07	8.37779e-08	5.98863e-08	4.5116e-08	3.1239e-08	2.15389e-08	1.04046e-08	8.8068e-11	-4.65502e-10
1.9163e-06	7.18937e-07	5.53797e-07	3.95098e-07	3.34143e-07	2.70935e-07	2.05677e-07	1.39437e-07	1.0923e-07	8.22933e-08	6.12324e-08	4.62483e-08	3.19435e-08	2.34513e-08	1.1084e-08	-2.79301e-09	-3.15787e-09
1.78291e-06	6.33596e-07	5.03711e-07	3.56365e-07	3.05714e-07	2.47276e-07	1.89304e-07	1.26437e-07	1.0071e-07	7.31953e-08	5.57205e-08	3.46728e-08	2.15006e-08	2.19284e-08	1.10711e-08	1.5097e-09	4.2649e-09
1.62426e-06	5.77097e-07	4.59954e-07	3.30444e-07	2.81868e-07	2.26347e-07	1.73846e-07	1.14048e-07	8.64451e-08	6.18238e-08	4.57199e-08	2.61814e-08	1.30592e-08	1.00272e-08	-1.92492e-09	-9.92653e-09	-5.0702e-09
1.52853e-06	5.49982e-07	4.49867e-07	3.30691e-07	2.86119e-07	2.31595e-07	1.77549e-07	1.2232e-07	9.5549e-08	6.95325e-08	5.2813e-08	3.76409e-08	2.54378e-08	1.51721e-08	1.97514e-09	-8.99507e-09	-3.52254e-09
1.45777e-06	5.40485e-07	4.61792e-07	3.44979e-07	3.01261e-07	2.5012e-07	1.91329e-07	1.38087e-07	1.09214e-07	8.21654e-08	6.40616e-08	5.20469e-08	3.82206e-08	3.06846e-08	1.86448e-08	-8.05173e-10	6.29042e-11
1.37428e-06	5.17538e-07	4.44594e-07	3.33115e-07	2.88038e-07	2.35991e-07	1.80359e-07	1.23368e-07	9.81808e-08	6.93455e-08	4.78575e-08	3.46476e-08	2.13119e-08	1.13102e-08	-4.29006e-09	-1.55751e-08	-1.31973e-08
1.33153e-06	5.14518e-07	4.45338e-07	3.36177e-07	2.93088e-07	2.42263e-07	1.88532e-07	1.30045e-07	1.054e-07	7.77602e-08	5.9682e-08	4.58308e-08	3.56154e-08	2.35759e-08	1.3675e-08	2.89352e-10	-1.76127e-09
1.27427e-06	4.82123e-07	4.28516e-07	3.23805e-07	2.82805e-07	2.31865e-07	1.79227e-07	1.21644e-07	9.69605e-08	6.74081e-08	4.94678e-08	3.88119e-08	3.47105e-08	1.93493e-08	1.34615e-08	5.19588e-09	2.55391e-09
1.2365e-06	4.78626e-07	4.25198e-07	3.23361e-07	2.84388e-07	2.35476e-07	1.83734e-07	1.25362e-07	9.87546e-08	7.33929e-08	5.62712e-08	4.40684e-08	3.03309e-08	2.02415e-08	8.00101e-09	-8.90678e-09	-5.58561e-09
1.17399e-06	4.5549e-07	4.05935e-07	3.08021e-07	2.68405e-07	2.22889e-07	1.68654e-07	1.10394e-07	8.59752e-08	5.88139e-08	4.24718e-08	2.99542e-08	1.60024e-08	9.58635e-09	-3.89996e-10	-1.18508e-08	-1.29957e-08
1.15051e-06	4.43377e-07	3.95798e-07	2.9844e-07	2.59341e-07	2.13914e-07	1.62448e-07	1.05435e-07	8.12807e-08	5.50761e-08	3.74764e-08	2.59404e-08	1.37502e-08	6.75557e-09	8.05133e-10	-6.86879e-09	-3.04441e-09
1.13954e-06	4.48446e-07	3.9688e-07	3.00289e-07	2.61077e-07	2.15927e-07	1.64348e-07	1.08303e-07	8.35074e-08	5.87873e-08	4.17159e-08	2.98277e-08	1.87697e-08	1.23286e-08	8.22745e-09	-3.89986e-10	-6.0385e-10
1.14283e-06	4.4846e-07	4.04003e-07	3.06383e-07	2.6541e-07	2.20915e-07	1.67489e-07	1.14049e-07	9.05877e-08	6.49625e-08	4.85961e-08	3.47331e-08	2.43043e-08	1.67312e-08	8.76818e-09	3.25819e-09	9.56071e-10
1.15129e-06	4.61708e-07	4.06333e-07	3.06916e-07	2.68372e-07	2.24017e-07	1.70113e-07	1.16902e-07	9.14786e-08	6.21934e-08	4.7186e-08	3.61034e-08	2.55491e-08	1.67308e-08	7.45968e-09	1.09442e-09	2.60397e-09
1.15973e-06	4.67659e-07	4.09253e-07	3.08733e-07	2.66554e-07	2.19961e-07	1.66184e-07	1.09641e-07	8.51238e-08	5.8418e-08	4.31091e-08	3.24922e-08	2.01645e-08	1.07553e-08	4.85559e-09	-4.365e-09	-2.94354e-09
1.17751e-06	4.86012e-07	4.26361e-07	3.22834e-07	2.77171e-07	2.29722e-07	1.75053e-07	1.16232e-07	8.98158e-08	6.428e-08	4.34613e-08	3.22029e-08	2.02526e-08	1.26421e-08	3.3964e-09	-9.66086e-09	-8.62936e-09
1.20703e-06	5.03132e-07	4.35744e-07	3.29912e-07	2.85066e-07	2.35703e-07	1.79712e-07	1.21368e-07	9.49757e-08	7.00179e-08	5.09976e-08	3.99024e-08	2.8065e-08	2.08695e-08	1.42778e-08	3.48454e-09	2.88072e-09
1.24118e-06	5.17938e-07	4.45972e-07	3.35136e-07	2.88493e-07	2.37408e-07	1.80525e-07	1.21641e-07	9.47972e-08	7.1513e-08	5.31096e-08	4.16122e-08	2.76492e-08	2.00136e-08	1.02647e-08	-5.67324e-09	-4.64174e-09
1.27503e-06	5.29132e-07	4.5122e-07	3.37396e-07	2.8883e-07	2.37308e-07	1.8127e-07	1.24491e-07	9.77233e-08	7.66918e-08	5.96604e-08	4.70566e-08	3.44654e-08	2.57107e-08	1.78742e-08	5.66038e-09	1.00252e-08
1.32096e-06	5.40579e-07	4.56679e-07	3.40465e-07	2.92403e-07	2.42164e-07	1.80239e-07	1.2083e-07	9.51824e-08	6.82138e-08	4.94465e-08	3.63899e-08	2.51572e-08	1.72579e-08	1.07799e-08	9.43396e-10	3.15723e-09
1.36188e-06	5.50387e-07	4.68794e-07	3.47203e-07	2.99608e-07	2.44981e-07	1.85789e-07	1.25126e-07	9.65738e-08	7.00594e-08	5.17207e-08	3.69541e-08	2.38479e-08	1.53577e-08	6.79211e-09	-4.21362e-09	-1.2578e-09
1.39396e-06	5.63707e-07	4.72542e-07	3.50045e-07	2.99608e-07	2.44126e-07	1.86519e-07	1.27968e-07	9.78819e-08	6.9116e-08	5.40979e-08	4.29161e-08	3.13946e-08	2.59735e-08	1.91814e-08	1.14208e-08	1.19491e-08
1.41743e-06	5.83929e-07	4.83322e-07	3.57335e-07	3.04837e-07	2.4873e-07	1.91327e-07	1.29962e-07	9.1387e-08	7.24833e-08	4.83096e-08	4.2436e-08	3.09906e-08	2.45384e-08	1.77718e-08	1.11561e-08	1.2112e-08
1.48703e-06	6.02996e-07	4.93347e-07	3.63221e-07	3.07478e-07	2.5156e-07	1.90974e-07	1.26742e-07	9.58017e-08	6.87478e-08	5.23595e-08	3.90024e-08	2.60728e-08	1.61871e-08	6.04971e-09	-4.81713e-09	1.8866e-09
1.582e-06	6.4441e-07	5.20865e-07	3.8082e-07	3.22626e-07	2.63652e-07	1.98667e-07	1.30587e-07	1.00252e-07	7.04062e-08	5.19683e-08	4.11646e-08	2.76443e-08	1.94818e-08	1.21871e-08	-1.91171e-09	6.96768e-09
1.69099e-06	7.00357e-07	5.54925e-07	4.08953e-07	3.44217e-07	2.79745e-07	2.09136e-07	1.41596e-07	1.1014e-07	8.04322e-08	6.00065e-08	4.54671e-08	3.09151e-08	2.20229e-08	7.98662e-09	-6.32641e-09	-5.34537e-09
1.82317e-06	7.64583e-07	5.8931e-07	4.26336e-07	3.55817e-07	2.87146e-07	2.1015e-07	1.34851e-07	1.02364e-07	6.92869e-08	4.70381e-08	3.01597e-08	1.65514e-08	8.98e-09	-4.56546e-09	-1.74947e-08	-1.28663e-08
1.97121e-06	8.31338e-07	6.35838e-07	4.65226e-07	3.85819e-07	3.0992e-07	2.29607e-07	1.49131e-07	1.14345e-07	8.15831e-08	5.97882e-08	4.37156e-08	3.05984e-08	1.75315e-08	6.09955e-09	-4.87964e-09	3.18183e-09
2.12457e-06	8.60238e-07	6.67857e-07	4.8799e-07	4.06658e-07	3.27389e-07	2.40511e-07	1.56601e-07	1.18419e-07	8.46015e-08	6.29575e-08	4.68848e-08	3.20447e-08	2.64733e-08	1.63996e-08	1.84873e-09	1.67266e-09
2.3085e-06	9.008e-07	6.901e-07	5.02754e-07	4.20569e-07	3.38272e-07	2.46076e-07	1.59968e-07	1.21171e-07	8.55803e-08	6.31445e-08	4.77514e-08	3.15786e-08	2.31148e-08	1.44877e-08	6.31319e-09	8.84099e-09
2.55331e-06	9.65879e-07	7.26104e-07	5.22537e-07	4.37142e-07	3.50136e-07	2.55257e-07	1.62818e-07	1.19227e-07	8.29309e-08	5.67462e-08	4.36035e-08	2.75304e-08	1.72427e-08	7.5083e-09	-2.35185e-09	2.5908e-09
2.72684e-06	1.06584e-06	7.91697e-07	5.69422e-07	4.73954e-07	3.80537e-07	2.80969e-07	1.81691e-07	1.26858e-07	9.17197e-08	6.26682e-08	4.19171e-08	2.89635e-08	1.83238e-08	8.97955e-09	-4.43947e-09	-6.36366e-09
2.79149e-06	1.16917e-06	8.68328e-07	6.25887e-07	5.16412e-07	4.15388e-07	3.07548e-07	2.00513e-07	1.47844e-07	1.07588e-07	7.85377e-08	5.75985e-08	3.86086e-08	2.7265e-08	1.60471e-08	-1.48398e-09	-3.19433e-09
2.83589e-06	1.26661e-06	9.37121e-07	6.7386e-07	5.50731e-07	4.40429e-07	3.1501e-07	1.9832e-07	1.40396e-07	9.86821e-08	6.91164e-08	5.08187e-08	3.18293e-08	2.24477e-08	1.36699e-08	3.6344e-09	8.04849e-09
2.94733e-06	1.3784e-06	1.01846e-06	7.38022e-07	5.97651e-07	4.77024e-07	3.40175e-07	2.12166e-07	1.50821e-07	1.06341e-07	7.51905e-08	5.44782e-08	3.53128e-08	2.35796e-08	1.69018e-08	6.30046e-09	3.16909e-09
3.10814e-06	1.48937e-06	1.09575e-06	7.94957e-07	6.39386e-07	5.08476e-07	3.61129e-07	2.24233e-07	1.58903e-07	1.12223e-07	8.00805e-08	5.74698e-08	3.97384e-08	2.90367e-08	2.05986e-08	6.26258e-09	7.78421e-09
3.223e-06	1.5819e-06	1.14825e-06	8.28345e-07	6.59645e-07	5.23881e-07	3.66373e-07	2.24686e-07	1.58174e-07	1.09079e-07	7.48365e-08	5.06036e-08	3.23692e-08	2.07621e-08	1.13682e-08	-1.05634e-09	1.29527e-09
3.41295e-06	1.66458e-06	1.19963e-06	8.56857e-07	6.81007e-07	5.38228e-07	3.77732e-07	2.31584e-07	1.62395e-07	1.13629e-07	7.75634e-08	5.39096e-08	3.62541e-08	2.73132e-08	1.38075e-08	5.91031e-10	3.92344e-09
3.53987e-06	1.69092e-06	1.21116e-06	8.6179e-07	6.84158e-07	5.39812e-07	3.77106e-07	2.33313e-07	1.60857e-07	1.13513e-07	7.46944e-08	5.21101e-08	3.56496e-08	2.59796e-08	1.13551e-08	5.15568e-10	6.60178e-09
3.55435e-06	1.6773e-06	1.19678e-06	8.5339e-07	6.77644e-07	5.38114e-07	3.76503e-07	2.33703e-07	1.61762e-07	1.20794e-07	8.43519e-08	6.04346e-08	4.21131e-08	3.44299e-08	2.14652e-08	1.09149e-08	1.99437e-08
3.49445e-06	1.64715e-06	1.18472e-06	8.50884e-07	6.80353e-07	5.37285e-07	3.80234e-07	2.38802e-07	1.695e-07	1.21224e-07	8.79254e-08	6.67614e-08	4.7861e-08	3.95488e-08	3.05702e-08	1.92651e-08	2.12897e-08
3.40305e-06	1.60195e-06	1.15486e-06	8.31728e-07	6.66927e-07	5.28305e-07	3.69502e-07	2.26882e-07	1.58778e-07	1.12341e-07	7.99487e-08	5.91379e-08	3.93456e-08	2.90345e-08	2.01444e-08	9.02849e-09	1.44984e-08
3.26699e-06	1.55969e-06	1.13866e-06	8.30047e-07	6.67828e-07	5.30455e-07	3.74434e-07	2.32308e-07	1.67186e-07	1.19694e-07	8.70008e-08	6.24308e-08	4.19475e-08	2.755e-08	1.80817e-08	6.37511e-09	8.80193e-09
3.11377e-06	1.50614e-06	1.11641e-06	8.18529e-07	6.6095e-07	5.26632e-07	3.72573e-07	2.30975e-07	1.6266e-07	1.15481e-07	8.6108e-08	6.25314e-08	4.48773e-08	3.60502e-08	3.47551e-08	2.81285e-08	2.49975e-08
3.05784e-06	1.50294e-06	1.11788e-06	8.17415e-07	6.5911e-07	5.26103e-07	3.71633e-07	2.33157e-07	1.62002e-07	1.15265e-07	8.45593e-08	5.84182e-08	4.62216e-08	3.63008e-08	3.15101e-08	3.13592e-08	3.63888e-08
3.07738e-06	1.52184e-06	1.11248e-06	8.06933e-07	6.50556e-07	5.20658e-07	3.74076e-07	2.39627e-07	1.70133e-07	1.2302e-07	8.81783e-08	6.4867e-08	4.79052e-08	3.64004e-08	2.70331e-08	1.4183e-08	1.4623e-08
2.94759e-06	1.4483e-06	1.05493e-06	7.64214e-07	6.15611e-07	4.92833e-07	3.55785e-07	2.31209e-07	1.673e-07	1.22639e-07	8.86665e-08	6.63867e-08	5.04061e-08	3.98194e-08	3.21875e-08	2.19277e-08	2.6957e-08
2.74505e-06	1.35363e-06	9.9272e-07	7.22805e-07	5.84742e-07	4.69398e-07	3.41518e-07	2.23597e-07	1.63272e-07	1.26396e-07	9.23858e-08	6.84973e-08	5.5346e-08	4.54008e-08	3.76936e-08	2.59631e-08	2.90057e-08
2.68586e-06	1.31494e-06	9.61188e-07	6.96988e-07	5.6485e-07	4.53368e-07	3.30559e-07	2.17016e-07	1.57811e-07	1.1773e-07	8.93158e-08	6.72257e-08	5.49171e-08	4.49094e-08	3.74412e-08	2.51955e-08	2.78986e-08
2.65214e-06	1.31553e-06	9.49873e-07	6.86339e-07	5.52528e-07	4.44316e-07	3.20463e-07	2.08969e-07	1.54014e-07	1.14951e-07	8.44251e-08	6.39946e-08	4.76879e-08	3.64983e-08	2.59624e-08	1.21703e-08	1.02592e-08
2.60428e-06	1.30089e-06	9.39805e-07	6.77076e-07	5.43901e-07	4.38033e-07	3.15997e-07	2.07727e-07	1.53542e-07	1.15763e-07	8.63946e-08	7.22889e-08	5.49772e-08	4.76855e-08	3.319e-08	2.14352e-08	2.08695e-08
2.48173e-06	1.23639e-06	8.952e-07	6.45697e-07	5.11893e-07	4.07797e-07	2.93053e-07	1.86002e-07	1.354e-07	9.51321e-08	6.72475e-08	4.77106e-08	3.16185e-08	2.08569e-08	9.80614e-09	-6.41171e-10	6.66315e-09
2.36372e-06	1.17177e-06	8.55875e-07	6.18604e-07	4.85982e-07	3.84112e-07	2.78331e-07	1.74323e-07	1.28926e-07	8.55774e-08	6.02575e-08	4.40522e-08	3.06882e-08	2.21015e-08	1.75253e-08	9.21526e-09	1.83551e-08
2.27913e-06	1.12651e-06	8.27865e-07	5.99349e-07	4.80502e-07	3.83253e-07	2.76399e-07	1.7871e-07	1.32121e-07	9.74757e-08	7.30628e-08	5.68336e-08	4.44763e-08	3.43566e-08	2.72917e-08	1.81148e-08	2.04782e-08
2.21065e-06	1.07793e-06	7.89365e-07	5.71804e-07	4.6005e-07	3.68862e-07	2.67618e-07	1.75211e-07	1.29013e-07	9.49089e-08	7.07982e-08	5.47706e-08	4.27781e-08	3.4846e-08	2.85732e-08	1.81144e-08	2.35324e-08
2.17281e-06	1.02929e-06	7.56292e-07	5.49164e-07	4.45833e-07	3.55135e-07	2.56845e-07	1.67505e-07	1.22351e-07	8.95663e-08	6.52797e-08	5.03206e-08	3.81521e-08	3.21559e-08	2.45506e-08	1.33878e-08	1.63671e-08
2.16168e-06	9.92433e-07	7.22837e-07	5.25441e-07	4.26718e-07	3.41923e-07	2.48856e-07	1.62263e-07	1.20745e-07	9.04646e-08	6.77133e-08	5.20514e-08	3.89914e-08	3.17889e-08	2.49887e-08	1.54608e-08	1.75474e-08
2.14402e-06	9.65421e-07	6.99339e-07	5.0631e-07	4.11838e-07	3.31582e-07	2.40567e-07	1.55396e-07	1.17147e-07	8.78102e-08	6.49338e-08	5.19747e-08	3.7922e-08	3.05815e-08	2.30901e-08	1.55987e-08	1.629e-08
2.10424e-06	9.52274e-07	6.90968e-07	4.99007e-07	4.04849e-07	3.27233e-07	2.38178e-07	1.54893e-07	1.14307e-07	8.80238e-08	6.8051e-08	5.14719e-08	4.1366e-08	3.56218e-08	2.98901e-08	2.06265e-08	2.28764e-08
2.08544e-06	9.6766e-07	7.05927e-07	5.13637e-07	4.17775e-07	3.38918e-07	2.49328e-07	1.67077e-07	1.26078e-07	9.55858e-08	7.94349e-08	6.29321e-08	4.98856e-08	4.21055e-08	3.60474e-08	2.42452e-08	2.37425e-08
2.09757e-06	9.73946e-07	7.06186e-07	5.12895e-07	4.18167e-07	3.35755e-07	2.44684e-07	1.63416e-07	1.21424e-07	9.27555e-08	7.23066e-08	5.73124e-08	4.46056e-08	3.90001e-08	3.37338e-08	2.60294e-08	2.54261e-08
2.09337e-06	9.70691e-07	7.09135e-07	5.13636e-07	4.18445e-07	3.36211e-07	2.46789e-07	1.63864e-07	1.20403e-07	9.35324e-08	6.90496e-08	5.28995e-08	3.88608e-08	3.49521e-08	2.82407e-08	1.86638e-08	1.78343e-08
2.01204e-06	9.53924e-07	6.98029e-07	5.12631e-07	4.18619e-07	3.39714e-07	2.48768e-07	1.65489e-07	1.25698e-07	9.53572e-08	7.1741e-08	5.49118e-08	4.15766e-08	3.31306e-08	2.72359e-08	1.67664e-08	5.30391e-09
1.90072e-06	9.12335e-07	6.78221e-07	4.99522e-07	4.1001e-07	3.36861e-07	2.48856e-07	1.64057e-07	1.22744e-07	9.06817e-08	6.66633e-08	5.07516e-08	3.74667e-08	2.88447e-08	2.25982e-08	1.42778e-08	1.2116e-08
1.84909e-06	9.09233e-07	6.79775e-07	5.04675e-07	4.22278e-07	3.49018e-07	2.62499e-07	1.76055e-07	1.33361e-07	1.013e-07	7.64145e-08	5.82912e-08	4.45668e-08	3.4462e-08	2.65817e-08	1.35485e-08	1.48556e-08
1.82508e-06	9.1948e-07	6.92359e-07	5.20158e-07	4.28843e-07	3.5766e-07	2.69096e-07	1.8561e-07	1.44175e-07	1.08885e-07	8.52206e-08	6.78648e-08	5.45809e-08	4.56956e-08	3.77278e-08	3.00113e-08	2.18927e-08
1.85708e-06	9.56264e-07	7.15551e-07	5.37289e-07	4.42967e-07	3.65989e-07	2.75928e-07	1.8794e-07	1.48678e-07	1.15813e-07	8.50593e-08	6.72632e-08	5.42806e-08	4.40504e-08	3.56173e-08	2.38789e-08	2.46707e-08
1.86432e-06	9.71999e-07	7.24582e-07	5.43622e-07	4.47631e-07	3.68594e-07	2.75016e-07	1.84605e-07	1.41837e-07	1.07063e-07	8.06585e-08	6.21968e-08	4.70655e-08	3.68229e-08	2.68443e-08	1.32462e-08	1.08709e-08
1.90593e-06	9.89054e-07	7.36968e-07	5.52946e-07	4.53891e-07	3.74516e-07	2.8045e-07	1.93347e-07	1.47137e-07	1.16775e-07	9.01825e-08	7.21862e-08	6.02348e-08	4.76927e-08	4.77932e-08	3.32655e-08	2.32242e-08
1.92392e-06	9.70216e-07	7.20191e-07	5.30526e-07	4.33746e-07	3.55929e-07	2.64314e-07	1.80176e-07	1.34934e-07	1.05615e-07	8.19886e-08	6.08631e-08	5.55723e-08	4.52546e-08	3.92977e-08	3.01739e-08	2.55869e-08
2.05527e-06	9.48638e-07	7.10564e-07	5.24795e-07	4.37767e-07	3.61823e-07	2.77535e-07	1.9674e-07	1.53722e-07	1.24315e-07	1.01279e-07	8.36224e-08	7.3179e-08	5.55723e-08	4.60715e-08	3.47861e-08	3.12421e-08
2.07774e-06	8.90542e-07	6.71903e-07	4.9956e-07	4.19773e-07	3.47174e-07	2.68517e-07	1.92814e-07	1.51369e-07	1.23784e-07	1.01767e-07	8.61714e-08	7.44339e-08	6.82258e-08	5.90017e-08	4.44115e-08	3.35411e-08
2.00891e-06	8.36391e-07	6.44117e-07	4.78209e-07	4.0233e-07	3.30485e-07	2.52495e-07	1.71827e-07	1.30495e-07	9.91404e-08	8.28788e-08	6.58507e-08	4.8835e-08	4.22123e-08	3.33652e-08	1.54824e-08	1.71664e-08
1.96285e-06	7.87091e-07	6.1461e-07	4.60427e-07	3.91648e-07	3.23988e-07	2.49227e-07	1.75484e-07	1.27529e-07	9.90902e-08	8.28411e-08	6.77483e-08	5.37613e-08	4.74276e-08	4.09933e-08	2.88662e-08	2.82504e-08
1.84381e-06	7.37791e-07	5.77978e-07	4.33332e-07	3.72697e-07	3.09787e-07	2.38985e-07	1.66939e-07	1.27944e-07	1.00661e-07	7.89957e-08	6.35383e-08	5.20647e-08	4.43361e-08	3.91083e-08	2.864e-08	2.9859e-08
1.6658e-06	6.8933e-07	5.36019e-07	4.06372e-07	3.50057e-07	2.92786e-07	2.2883e-07	1.62348e-07	1.22257e-07	9.83788e-08	7.68129e-08	6.12919e-08	5.31482e-08	4.50924e-08	4.01156e-08	3.11424e-08	3.38695e-08
1.49314e-06	6.24786e-07	4.94986e-07	3.7784e-07	3.2824e-07	2.76666e-07	2.18533e-07	1.57635e-07	1.21783e-07	9.81452e-08	7.96974e-08	6.48939e-08	5.35463e-08	4.76023e-08	4.13944e-08	3.26983e-08	3.55635e-08
1.32229e-06	5.65965e-07	4.53011e-07	3.47635e-07	3.01651e-07	2.56485e-07	2.02923e-07	1.46056e-07	1.14425e-07	8.96798e-08	7.21862e-08	5.91163e-08	4.6637e-08	4.13965e-08	3.6269e-08	2.71075e-08	2.83517e-08
1.19223e-06	5.29156e-07	4.25112e-07	3.26949e-07	2.81946e-07	2.39695e-07	1.89237e-07	1.35085e-07	1.074e-07	8.36349e-08	6.64304e-08	5.46172e-08	4.28794e-08	3.63319e-08	2.96587e-08	1.99442e-08	1.92027e-08
1.11788e-06	5.10745e-07	4.01599e-07	3.05447e-07	2.60619e-07	2.17828e-07	1.67898e-07	1.16662e-07	9.40281e-08	6.99115e-08	5.11361e-08	4.00015e-08	2.45438e-08	1.87126e-08	1.60358e-08	3.50626e-09	7.3644e-09
1.10353e-06	5.39198e-07	4.13636e-07	3.14226e-07	2.64622e-07	2.23966e-07	1.74915e-07	1.2183e-07	1.03418e-07	7.44502e-08	5.47568e-08	4.1121e-08	2.38029e-08	1.57094e-08	3.54405e-09	-1.57094e-08	-1.60236e-08
1.08698e-06	5.39776e-07	4.10519e-07	3.05693e-07	2.50597e-07	2.08873e-07	1.69473e-07	1.1449e-07	9.92711e-08	6.39688e-08	4.04298e-08	3.59181e-08	2.11889e-08	1.395e-08	-1.60865e-09	-1.59105e-08	-1.02426e-08
1.06815e-06	5.32688e-07	3.99698e-07	3.00226e-07	2.44213e-07	1.99648e-07	1.51238e-07	9.59658e-08	8.06962e-08	5.2369e-08	3.81048e-08	2.68694e-08	1.13359e-08	4.7631e-09	-3.41837e-09	-9.92836e-09	-8.10607e-09
1.09233e-06	5.70303e-07	4.28026e-07	3.26631e-07	2.7063e-07	2.24394e-07	1.71019e-07	1.19404e-07	1.02652e-07	7.16099e-08	5.39399e-08	3.98643e-08	2.29232e-08	1.30577e-08	-2.07365e-09	-1.76197e-08	-2.39538e-08
1.1156e-06	5.89041e-07	4.30992e-07	3.25336e-07	2.62084e-07	2.17946e-07	1.63931e-07	1.06925e-07	9.06246e-08	5.79741e-08	3.77655e-08	2.73344e-08	1.209e-08	3.68229e-09	-8.75958e-09	-2.47581e-08	-1.97562e-08
1.23137e-06	6.32192e-07	4.58714e-07	3.42986e-07	2.77493e-07	2.29156e-07	1.71443e-07	1.11957e-07	9.40854e-08	5.70973e-08	3.83707e-08	2.78385e-08	1.34731e-08	6.8748e-09	-4.12236e-09	-1.54086e-08	-2.02348e-08
1.42384e-06	6.97823e-07	5.16301e-07	3.79333e-07	3.11075e-07	2.54581e-07	1.91401e-07	1.28258e-07	1.0791e-07	7.9544e-08	6.33185e-08	5.13662e-08	3.62969e-08	2.85549e-08	1.77337e-08	4.85132e-09	-2.68959e-09
1.57716e-06	7.42566e-07	5.31435e-07	3.85372e-07	3.11229e-07	2.53262e-07	1.86798e-07	1.22898e-07	9.6981e-08	7.14537e-08	5.34677e-08	4.06727e-08	2.25862e-08	1.43159e-08	7.74239e-09	-1.96074e-09	1.99844e-09
1.71664e-06	7.6991e-07	5.47524e-07	3.90573e-07	3.15561e-07	2.53394e-07	1.85772e-07	1.2177e-07	9.31498e-08	6.7182e-08	5.00628e-08	3.72298e-08	1.83384e-08	1.45676e-08	1.61639e-08	1.18527e-08	1.4178e-08
1.74989e-06	7.61389e-07	5.39999e-07	3.94434e-07	3.18257e-07	2.56725e-07	1.98223e-07	1.28658e-07	1.1155e-07	7.65788e-08	5.94957e-08	4.70636e-08	3.06592e-08	2.1068e-08	1.91321e-08	6.88858e-09	9.96832e-09
1.72453e-06	7.21388e-07	5.25481e-07	3.83177e-07	3.16664e-07	2.62609e-07	2.01036e-07	1.37866e-07	1.20041e-07	8.93171e-08	7.33268e-08	6.28174e-08	4.9291e-08	4.47906e-08	3.52743e-08	2.31307e-08	2.62232e-08
1.65647e-06	6.70258e-07	5.05796e-07	3.71241e-07	3.11915e-07	2.57719e-07	1.99751e-07	1.36943e-07	1.14641e-07	8.51478e-08	6.38263e-08	5.2009e-08	3.89721e-08	3.14417e-08	2.60988e-08	4.57608e-09	8.88816e-09
1.59188e-06	6.48173e-07	4.8597e-07	3.55385e-07	3.03927e-07	2.46172e-07	1.87599e-07	1.27367e-07	1.06899e-07	7.72548e-08	5.99935e-08	4.71198e-08	3.37683e-08	2.46034e-08	1.48726e-08	-1.50864e-09	-4.68935e-09
1.53077e-06	6.45544e-07	4.82146e-07	3.54959e-07	2.96558e-07	2.45159e-07	1.8667e-07	1.24648e-07	1.04217e-07	7.79773e-08	5.61758e-08	4.354e-08	3.26393e-08	2.33228e-08	7.99638e-09	-7.1037e-09	-8.29813e-09
1.48899e-06	6.38611e-07	4.84321e-07	3.58183e-07	3.01187e-07	2.4995e-07	1.93469e-07	1.29558e-07	1.05844e-07	7.77423e-08	6.05794e-08	4.53277e-08	3.19746e-08	1.62828e-08	6.92803e-09	-3.59604e-09	3.59604e-09
1.44681e-06	6.25009e-07	4.78511e-07	3.54231e-07	2.98353e-07	2.47957e-07	1.88633e-07	1.28907e-07	1.06714e-07	8.04602e-08	6.28568e-08	5.02955e-08	3.7269e-08	2.95109e-08	2.2985e-08	1.44851e-08	1.87854e-08
1.43153e-06	6.29599e-07	4.85073e-07	3.62189e-07	3.05626e-07	2.55124e-07	1.98134e-07	1.39798e-07	1.14798e-07	9.04152e-08	7.29987e-08	6.10146e-08	5.01874e-08	4.351e-08	3.63296e-08	2.42323e-08	2.33017e-08
1.38455e-06	6.20136e-07	4.8013e-07	3.5895e-07	3.02523e-07	2.51264e-07	1.95868e-07	1.34548e-07	1.10742e-07	8.25096e-08	6.53185e-08	5.41764e-08	3.98526e-08	3.33132e-08	2.41706e-08	1.1859e-08	7.08016e-09
1.3725e-06	6.12848e-07	4.70936e-07	3.51397e-07	2.94879e-07	2.43995e-07	1.85527e-07	1.23312e-07	1.02384e-07	6.99877e-08	5.04565e-08	4.02193e-08	2.23357e-08	1.57205e-08	7.55842e-09	-2.27633e-09	4.77903e-10
1.4011e-06	6.22711e-07	4.74343e-07	3.55582e-07	2.98131e-07	2.46592e-07	1.89959e-07	1.24245e-07	1.08084e-07	7.39763e-08	5.57652e-08	4.20314e-08	2.35436e-08	1.46016e-08	3.39571e-09	-1.05644e-08	-9.96076e-09
1.45292e-06	6.28321e-07	4.80844e-07	3.59957e-07	3.03079e-07	2.49736e-07	1.89336e-07	1.22346e-07	1.01743e-07	6.66004e-08	4.71045e-08	3.10047e-08	1.44521e-08	5.8865e-09	-4.7419e-09	-1.59615e-08	-1.19491e-08
1.56004e-06	6.5574e-07	5.10264e-07	3.86337e-07	3.27895e-07	2.72208e-07	2.08483e-07	1.40557e-07	1.15663e-07	8.19014e-08	6.31085e-08	4.48062e-08	2.91957e-08	1.96357e-08	8.51594e-09	-3.63531e-09	-5.33347e-09
1.64032e-06	6.37362e-07	5.07183e-07	3.84752e-07	3.25216e-07	2.67818e-07	2.01389e-07	1.3106e-07	1.04871e-07	7.46182e-08	5.64417e-08	4.26048e-08	2.77617e-08	2.1837e-08	1.0604e-08	-3.79884e-09	1.28054e-08
1.74738e-06	6.84761e-07	5.5164e-07	4.18419e-07	3.56665e-07	2.99489e-07	2.27394e-07	1.52405e-07	1.2049e-07	8.91788e-08	6.77301e-08	5.237e-08	3.7878e-08	3.02798e-08	2.08197e-08	1.09445e-08	1.89956e-08
1.92576e-06	7.46981e-07	5.96606e-07	4.44495e-07	3.78032e-07	3.09858e-07	2.36023e-07	1.5825e-07	1.22585e-07	8.96362e-08	6.81109e-08	5.31275e-08	3.79177e-08	3.04826e-08	2.34752e-08	1.19137e-08	1.43921e-08
2.15257e-06	8.48616e-07	6.60959e-07	4.8621e-07	4.08669e-07	3.34021e-07	2.50868e-07	1.66495e-07	1.28347e-07	9.48415e-08	7.25969e-08	5.8543e-08	4.21364e-08	3.32285e-08	2.461e-08	1.28083e-08	1.54378e-08
2.30805e-06	9.47998e-07	7.2454e-07	5.2948e-07	4.42374e-07	3.57394e-07	2.68213e-07	1.78678e-07	1.38906e-07	1.06117e-07	8.24002e-08	6.52508e-08	5.13601e-08	4.21249e-08	3.50789e-08	2.36921e-08	2.55291e-08
2.40487e-06	1.02017e-06	7.65364e-07	5.54371e-07	4.58048e-07	3.66305e-07	2.71051e-07	1.74992e-07	1.35507e-07	9.9016e-08	7.44287e-08	5.65356e-08	4.03538e-08	3.39994e-08	2.6588e-08	1.71633e-08	2.11395e-08
2.53385e-06	1.113e-06	8.19626e-07	5.89445e-07	4.80294e-07	3.87263e-07	2.8127e-07	1.8264e-07	1.41705e-07	1.02167e-07	7.92269e-08	6.08924e-08	4.20924e-08	3.44919e-08	2.36322e-08	1.31877e-08	1.7894e-08
2.74459e-06	1.22683e-06	8.87484e-07	6.31481e-07	5.08029e-07	4.04296e-07	2.91541e-07	1.87821e-07	1.43574e-07	1.02889e-07	7.61225e-08	5.97252e-08	4.02321e-08	3.20019e-08	2.44765e-08	1.3503e-08	1.18544e-08
2.97464e-06	1.33275e-06	9.45769e-07	6.65437e-07	5.28922e-07	4.17502e-07	2.97095e-07	1.88016e-07	1.40128e-07	9.80543e-08	7.10204e-08	5.38034e-08	3.61584e-08	2.65178e-08	1.48384e-08	4.65667e-09	4.58115e-09
3.12196e-06	1.39851e-06	9.77812e-07	6.79906e-07	5.37353e-07	4.20348e-07	2.98283e-07	1.84638e-07	1.39621e-07	9.60885e-08	6.94203e-08	5.08571e-08	3.15387e-08	2.26661e-08	1.36928e-08	8.55798e-10	9.64031e-09
3.24271e-06	1.44237e-06	9.98477e-07	6.92305e-07	5.45977e-07	4.2549e-07	2.97437e-07	1.8143e-07	1.35604e-07	9.25842e-08	6.25661e-08	4.27931e-08	2.49207e-08	1.57328e-08	2.59276e-09	-7.03569e-09	3.39828e-10
3.33778e-06	1.46157e-06	1.02449e-06	7.10014e-07	5.62944e-07	4.43274e-07	3.14743e-07	1.94495e-07	1.47611e-07	1.06354e-07	7.51397e-08	5.68393e-08	3.73181e-08	2.2265e-08	1.33162e-08	1.5481e-09	2.70604e-09
3.35601e-06	1.43426e-06	1.00711e-06	7.02497e-07	5.58378e-07	4.40301e-07	3.11814e-07	1.91924e-07	1.46146e-07	1.02558e-07	7.49043e-08	5.50423e-08	3.4274e-08	2.03278e-08	9.88068e-09	1.37197e-09	3.04602e-09
3.3346e-06	1.36204e-06	9.62767e-07	6.74496e-07	5.42809e-07	4.26793e-07	3.03011e-07	1.84792e-07	1.3866e-07	9.37618e-08	6.26841e-08	4.30733e-08	2.14737e-08	1.14417e-08	3.76356e-09	-5.87821e-09	2.8447e-09
3.24705e-06	1.29104e-06	9.23819e-07	6.51167e-07	5.26044e-07	4.14176e-07	2.95864e-07	1.75776e-07	1.36955e-07	8.5446e-08	5.63556e-08	3.6341e-08	1.86174e-08	9.31497e-09	-2.4798e-09	-1.00325e-08	6.04214e-10
3.09222e-06	1.23174e-06	9.06082e-07	6.31165e-07	5.12965e-07	4.26387e-07	2.91798e-07	1.7959e-07	1.46258e-07	9.45344e-08	7.08441e-08	4.76071e-08	2.88386e-08	1.98761e-08	1.06115e-08	1.25878e-09	9.68002e-09
2.97588e-06	1.2046e-06	8.88711e-07	6.34274e-07	5.21487e-07	4.2222e-07	3.04725e-07	1.94116e-07	1.50953e-07	1.04315e-07	7.51743e-08	5.37499e-08	3.30682e-08	2.24189e-08	9.51638e-09	-3.80152e-09	-5.03512e-11
2.9662e-06	1.19646e-06	8.84337e-07	6.36723e-07	5.25189e-07	4.2209e-07	3.11929e-07	2.01465e-07	1.54032e-07	1.07883e-07	7.7293e-08	5.89768e-08	3.59652e-08	2.58566e-08	1.35955e-08	-4.40595e-10	-1.5232e-09
2.98724e-06	1.18634e-06	8.80709e-07	6.31137e-07	5.21716e-07	4.18903e-07	3.07732e-07	1.94383e-07	1.46747e-07	1.00206e-07	6.94647e-08	4.59238e-08	2.40319e-08	1.30545e-08	6.92381e-10	-1.12166e-08	-5.71529e-09
2.9967e-06	1.18415e-06	8.91414e-07	6.42503e-07	5.34811e-07	4.3024e-07	3.16618e-07	2.02329e-07	1.53066e-07	1.07277e-07	7.64321e-08	5.58227e-08	3.49238e-08	2.55571e-08	1.3962e-08	3.51253e-09	9.9081e-09
2.98271e-06	1.19098e-06	9.08614e-07	6.61333e-07	5.51805e-07	4.46231e-07	3.28407e-07	2.11275e-07	1.61446e-07	1.1484e-07	8.34676e-08	6.17132e-08	4.0072e-08	2.94592e-08	1.62025e-08	3.70128e-09	4.05378e-09
2.94867e-06	1.17753e-06	9.08357e-07	6.59704e-07	5.45979e-07	4.38775e-07	3.22153e-07	2.03417e-07	1.52792e-07	1.05253e-07	7.47469e-08	5.49428e-08	3.42952e-08	2.50793e-08	1.93131e-08	6.92451e-09	7.6925e-09
2.94129e-06	1.16184e-06	9.11706e-07	6.60623e-07	5.53382e-07	4.42917e-07	3.25074e-07	2.02548e-07	1.52276e-07	1.06864e-07	7.31228e-08	5.08007e-08	2.88311e-08	1.79911e-08	7.22667e-09	-5.70328e-09	3.38672e-09
2.96558e-06	1.13702e-06	8.9726e-07	6.55784e-07	5.49267e-07	4.39414e-07	3.21376e-07	2.0028e-07	1.49652e-07	1.01531e-07	6.9022e-08	4.70135e-08	2.60375e-08	1.56376e-08	4.65854e-09	-5.06144e-09	2.50554e-09
3.02186e-06	1.13771e-06	9.04409e-07	6.61681e-07	5.58321e-07	4.48692e-07	3.30437e-07	2.12712e-07	1.59666e-07	1.15132e-07	8.34404e-08	6.14565e-08	4.1525e-08	3.08982e-08	2.04351e-08	1.16341e-08	1.36234e-08
3.04844e-06	1.15443e-06	9.12982e-07	6.68711e-07	5.66457e-07	4.59494e-07	3.42559e-07	2.26694e-07	1.72299e-07	1.28633e-07	9.89675e-08	7.64291e-08	5.91413e-08	4.99748e-08	3.9033e-08	2.60136e-08	2.05616e-08
3.13121e-06	1.17167e-06	9.12037e-07	6.63347e-07	5.59469e-07	4.5039e-07	3.32561e-07	2.14304e-07	1.61974e-07	1.18169e-07	8.79375e-08	6.47948e-08	4.69403e-08	3.83405e-08	2.82297e-08	1.90632e-08	1.76026e-08
3.28319e-06	1.22478e-06	9.38227e-07	6.73886e-07	5.63397e-07	4.50076e-07	3.31629e-07	2.11458e-07	1.57152e-07	1.12616e-07	8.35684e-08	6.31957e-08	4.38303e-08	3.44246e-08	2.53463e-08	1.38504e-08	1.41526e-08
3.37764e-06	1.27163e-06	9.67414e-07	6.9004e-07	5.76001e-07	4.56346e-07	3.34148e-07	2.08184e-07	1.56459e-07	1.12037e-07	8.04961e-08	5.94686e-08	3.86678e-08	2.78771e-08	1.60665e-08	1.75019e-09	4.50768e-09
3.49826e-06	1.31094e-06	9.91022e-07	7.02392e-07	5.83833e-07	4.61257e-07	3.34639e-07	2.11874e-07	1.59494e-07	1.13624e-07	8.5243e-08	6.42282e-08	4.55175e-08	3.68925e-08	2.26769e-08	1.21254e-08	1.43667e-08
3.65371e-06	1.36021e-06	1.01103e-06	7.13063e-07	5.87864e-07	4.65083e-07	3.35289e-07	2.09789e-07	1.55771e-07	1.10819e-07	8.21098e-08	6.40409e-08	4.60727e-08	3.93739e-08	3.12272e-08	1.6432e-08	2.11539e-08
3.73629e-06	1.38873e-06	1.02086e-06	7.04425e-07	5.77992e-07	4.5253e-07	3.20217e-07	1.91946e-07	1.34201e-07	9.27498e-08	6.17744e-08	4.49017e-08	2.86711e-08	2.34582e-08	2.47425e-08	1.97688e-08	3.0031e-08
3.82593e-06	1.43338e-06	1.0654e-06	7.42653e-07	6.12582e-07	4.80747e-07	3.45665e-07	2.13755e-07	1.54373e-07	1.10227e-07	7.83576e-08	5.80725e-08	3.78252e-08	3.04591e-08	1.88496e-08	9.40593e-09	1.83712e-08
3.78881e-06	1.45796e-06	1.07234e-06	7.66187e-07	6.31028e-07	4.96525e-07	3.59742e-07	2.23639e-07	1.64988e-07	1.1481e-07	8.36208e-08	5.77703e-08	4.43728e-08	3.20708e-08	2.45788e-08	1.91015e-08	2.53469e-08
3.7376e-06	1.47419e-06	1.0965e-06	7.83306e-07	6.40526e-07	5.10691e-07	3.64952e-07	2.2299e-07	1.66503e-07	1.16992e-07	8.13816e-08	5.57193e-08	3.9035e-08	2.79289e-08	1.77924e-08	1.1912e-08	1.20882e-08
3.70442e-06	1.48643e-06	1.1186e-06	7.99725e-07	6.53256e-07	5.17478e-07	3.67143e-07	2.2231e-07	1.62738e-07	1.09877e-07	7.61182e-08	5.30498e-08	3.05732e-08	1.81827e-08	5.81747e-09	-2.55616e-09	1.07031e-09
3.6992e-06	1.49736e-06	1.12713e-06	8.09756e-07	6.62301e-07	5.22616e-07	3.6899e-07	2.23109e-07	1.59418e-07	1.07047e-07	7.26824e-08	5.1326e-08	3.11658e-08	2.1092e-08	1.22397e-08	6.68648e-09	1.59166e-08
3.70485e-06	1.52231e-06	1.14846e-06	8.29543e-07	6.79586e-07	5.39325e-07	3.82077e-07	2.3523e-07	1.69147e-07	1.17394e-07	8.22378e-08	5.97613e-08	3.97023e-08	3.06236e-08	2.10789e-08	9.9728e-09	1.50348e-08
3.69865e-06	1.54439e-06	1.16597e-06	8.42802e-07	6.91674e-07	5.50481e-07	3.94366e-07	2.44497e-07	1.78465e-07	1.24408e-07	9.18707e-08	6.55032e-08	4.7119e-08	3.66803e-08	2.7186e-08	1.71754e-08	1.81953e-08
3.67044e-06	1.55312e-06	1.174e-06	8.46031e-07	6.96948e-07	5.54249e-07	3.97648e-07	2.46386e-07	1.82265e-07	1.27084e-07	9.41923e-08	6.81257e-08	4.75999e-08	3.76014e-08	2.61547e-08	1.4557e-08	1.7277e-08
3.6334e-06	1.5386e-06	1.16145e-06	8.39096e-07	6.90193e-07	5.46314e-07	3.93067e-07	2.4133e-07	1.76266e-07	1.22522e-07	8.93797e-08	6.15005e-08	4.12522e-08	3.0511e-08	2.00846e-08	9.26789e-09	1.33478e-08
3.57544e-06	1.52471e-06	1.1417e-06	8.23952e-07	6.75003e-07	5.35877e-07	3.81148e-07	2.36381e-07	1.71137e-07	1.17101e-07	7.82899e-08	5.38723e-08	3.11674e-08	1.9519e-08	7.61869e-09	-1.71263e-09	1.32225e-09
3.51454e-06	1.51461e-06	1.13493e-06	8.20078e-07	6.70125e-07	5.33672e-07	3.8134e-07	2.38352e-07	1.75452e-07	1.20158e-07	8.37909e-08	5.69813e-08	3.35718e-08	2.18733e-08	8.4622e-09	-5.32665e-09	6.29628e-11
3.46248e-06	1.4954e-06	1.12026e-06	8.07652e-07	6.61571e-07	5.27491e-07	3.7835e-07	2.36563e-07	1.76368e-07	1.20202e-07	8.49411e-08	6.07621e-08	3.76285e-08	2.7428e-08	1.57667e-08	5.01209e-09	1.08175e-08
3.41872e-06	1.46781e-06	1.09984e-06	7.94328e-07	6.49922e-07	5.18512e-07	3.73879e-07	2.33717e-07	1.73988e-07	1.20806e-07	8.4324e-08	5.88858e-08	3.50091e-08	2.56145e-08	1.27317e-08	3.97945e-09	8.90339e-09
3.36874e-06	1.41914e-06	1.07415e-06	7.70457e-07	6.34177e-07	5.06498e-07	3.65458e-07	2.28863e-07	1.68921e-07	1.20312e-07	8.65004e-08	6.41607e-08	4.00327e-08	3.16207e-08	2.18612e-08	1.49226e-08	1.87256e-08
3.25451e-06	1.35824e-06	1.03137e-06	7.45183e-07	6.16862e-07	4.93301e-07	3.56063e-07	2.24606e-07	1.67384e-07	1.14986e-07	8.05314e-08	5.98413e-08	3.5323e-08	2.50472e-08	1.42929e-08	4.4201e-09	1.00995e-08
3.11228e-06	1.28261e-06	9.83919e-07	7.13343e-07	5.90553e-07	4.71919e-07	3.43273e-07	2.14124e-07	1.60228e-07	1.08989e-07	7.60968e-08	5.43243e-08	3.10029e-08	2.12185e-08	1.17489e-08	2.93407e-09	7.02665e-09
2.98107e-06	1.22098e-06	9.44242e-07	6.89564e-07	5.75264e-07	4.64125e-07	3.39814e-07	2.15919e-07	1.66343e-07	1.1328e-07	7.98852e-08	5.81887e-08	3.68323e-08	2.78163e-08	1.77551e-08	7.19017e-09	9.70862e-09
2.83233e-06	1.14723e-06	8.93256e-07	6.55376e-07	5.48896e-07	4.43486e-07	3.25207e-07	2.08364e-07	1.59733e-07	1.11378e-07	8.07918e-08	5.94228e-08	3.89604e-08	2.84836e-08	1.57151e-08	6.54796e-10	6.79981e-10
2.6951e-06	1.08318e-06	8.52683e-07	6.24625e-07	5.24202e-07	4.22167e-07	3.10348e-07	2.00494e-07	1.51951e-07	1.06593e-07	7.61453e-08	5.67532e-08	3.58627e-08	2.73126e-08	1.60425e-08	5.86798e-09	1.09175e-08
2.55434e-06	1.03712e-06	8.21135e-07	6.03586e-07	5.06309e-07	4.07205e-07	3.01743e-07	1.93082e-07	1.4902e-07	1.02151e-07	7.33894e-08	5.41102e-08	3.15192e-08	2.0614e-08	1.49977e-08	-8.81479e-10	7.00146e-09
2.47121e-06	1.0048e-06	8.02982e-07	5.90286e-07	4.98627e-07	4.01315e-07	2.99431e-07	1.93492e-07	1.53852e-07	1.0721e-07	7.83237e-08	6.11605e-08	3.81671e-08	2.99947e-08	1.98454e-08	6.05687e-09	7.84496e-09
2.4268e-06	9.8504e-07	7.90402e-07	5.79747e-07	4.88541e-07	3.95673e-07	2.96195e-07	1.93946e-07	1.54104e-07	1.12512e-07	8.41917e-08	6.63737e-08	4.69061e-08	3.72982e-08	2.71615e-08	1.263e-08	1.36374e-08
2.39993e-06	9.76616e-07	7.74316e-07	5.66489e-07	4.76439e-07	3.84413e-07	2.84932e-07	1.84317e-07	1.46099e-07	1.03272e-07	7.5039e-08	5.62761e-08	3.73495e-08	2.69984e-08	1.56274e-08	5.81776e-09	9.3059e-09
2.40687e-06	9.6707e-07	7.6535e-07	5.55445e-07	4.64539e-07	3.7308e-07	2.77364e-07	1.78525e-07	1.41968e-07	9.91286e-08	7.34524e-08	5.47398e-08	3.6254e-08	2.77792e-08	1.76925e-08	1.05148e-08	1.60429e-08
2.44623e-06	9.5493e-07	7.67901e-07	5.58166e-07	4.71162e-07	3.84788e-07	2.89875e-07	1.92054e-07	1.55245e-07	1.13852e-07	8.78982e-08	7.07719e-08	5.17693e-08	4.24884e-08	2.86236e-08	1.64715e-08	1.77937e-08
2.40456e-06	9.07581e-07	7.474e-07	5.42715e-07	4.61403e-07	3.74462e-07	2.81891e-07	1.86223e-07	1.48571e-07	1.07782e-07	8.16396e-08	6.71074e-08	4.91248e-08	4.03727e-08	3.02103e-08	1.81463e-08	2.03879e-08
2.33356e-06	8.69356e-07	7.24608e-07	5.26129e-07	4.48107e-07	3.59445e-07	2.67472e-07	1.72375e-07	1.38489e-07	9.96927e-08	7.54275e-08	5.98131e-08	4.27003e-08	3.36716e-08	2.74637e-08	1.9858e-08	2.70481e-08
2.28199e-06	8.6445e-07	7.25904e-07	5.25211e-07	4.48306e-07	3.56794e-07	2.6877e-07	1.7455e-07	1.40222e-07	1.01574e-07	7.76602e-08	6.09621e-08	4.10024e-08	3.3497e-08	2.38509e-08	1.47966e-08	2.05012e-08
2.21433e-06	8.5454e-07	6.9898e-07	5.00869e-07	4.20186e-07	3.34202e-07	2.43181e-07	1.49452e-07	1.1632e-07	7.75343e-08	5.39982e-08	3.79297e-08	2.1962e-08	1.41544e-08	6.90089e-09	2.55635e-09	1.77811e-08
2.18213e-06	8.69122e-07	7.18172e-07	5.1428e-07	4.40637e-07	3.53243e-07	2.63103e-07	1.71213e-07	1.38056e-07	9.73303e-08	7.44113e-08	5.8985e-08	4.12039e-08	3.56001e-08	2.56895e-08	1.35122e-08	1.43559e-08
2.13364e-06	8.6814e-07	7.10339e-07	5.12354e-07	4.30764e-07	3.48092e-07	2.58859e-07	1.66805e-07	1.31545e-07	9.17391e-08	6.80141e-08	5.2953e-08	3.42652e-08	2.95681e-08	2.08034e-08	7.25349e-09	7.64387e-09
2.1397e-06	8.73325e-07	7.1086e-07	5.07115e-07	4.24844e-07	3.39298e-07	2.45139e-07	1.51244e-07	1.22204e-07	7.98282e-08	5.64175e-08	4.02856e-08	2.1887e-08	1.36384e-08	5.07506e-09	-3.21126e-09	4.01723e-09
2.25112e-06	9.19534e-07	7.53047e-07	5.37425e-07	4.49932e-07	3.59517e-07	2.6525e-07	1.70566e-07	1.39009e-07	9.93427e-08	7.69531e-08	6.04569e-08	4.38347e-08	3.54732e-08	2.27925e-08	1.72392e-08	2.19614e-08
2.34129e-06	9.83554e-07	7.864e-07	5.60786e-07	4.62234e-07	3.67158e-07	2.69953e-07	1.7183e-07	1.38761e-07	9.8854e-08	7.45498e-08	5.75116e-08	4.01839e-08	3.19229e-08	2.35361e-08	1.43685e-08	2.0539e-08
2.454e-06	1.04132e-06	8.16039e-07	5.8013e-07	4.73579e-07	3.7534e-07	2.74783e-07	1.75071e-07	1.42328e-07	1.04007e-07	7.85185e-08	6.2903e-08	4.56251e-08	3.75907e-08	2.76043e-08	1.60941e-08	1.89402e-08
2.55769e-06	1.04671e-06	8.20698e-07	5.85193e-07	4.81601e-07	3.81372e-07	2.76685e-07	1.79453e-07	1.43852e-07	1.03264e-07	7.88208e-08	6.13162e-08	4.20864e-08	3.24904e-08	2.03632e-08	7.32924e-09	7.64407e-09
2.60809e-06	9.95038e-07	7.83788e-07	5.58118e-07	4.65734e-07	3.71335e-07	2.69368e-07	1.75662e-07	1.37946e-07	1.0004e-07	7.2839e-08	5.57123e-08	3.69862e-08	3.02866e-08	1.84868e-08	4.00463e-09	7.42998e-09
2.70082e-06	9.96713e-07	7.68996e-07	5.38912e-07	4.51001e-07	3.55459e-07	2.59715e-07	1.61176e-07	1.26735e-07	8.55812e-08	6.07102e-08	4.33321e-08	2.43798e-08	1.79826e-08	3.38748e-09	-3.63934e-09	7.71943e-09
2.7934e-06	1.07502e-06	8.21714e-07	5.8245e-07	4.84183e-07	3.87326e-07	2.87862e-07	1.85087e-07	1.48578e-07	1.03393e-07	7.73871e-08	5.86731e-08	3.87502e-08	2.97333e-08	1.70264e-08	2.85873e-09	2.36758e-09
2.69041e-06	1.07592e-06	8.31793e-07	5.95885e-07	4.95869e-07	3.9593e-07	2.94026e-07	1.8653e-07	1.4894e-07	1.02748e-07	7.55214e-08	5.74753e-08	4.08523e-08	3.02111e-08	1.84994e-08	6.29659e-09	1.05405e-08
2.55047e-06	1.04209e-06	8.22033e-07	5.98328e-07	4.99987e-07	3.9933e-07	2.98156e-07	1.90359e-07	1.52617e-07	1.06551e-07	7.95638e-08	5.81805e-08	4.07264e-08	3.18734e-08	1.84238e-08	7.9589e-09	1.00997e-08
2.47047e-06	1.01608e-06	8.14817e-07	5.97648e-07	5.06083e-07	4.12125e-07	3.07966e-07	2.02335e-07	1.61583e-07	1.15379e-07	8.72582e-08	6.69076e-08	4.43784e-08	3.37749e-08	2.30455e-08	1.27695e-08	1.23665e-08
2.40062e-06	9.8208e-07	7.96184e-07	5.86878e-07	5.00013e-07	4.0714e-07	3.04307e-07	1.96801e-07	1.56756e-07	1.13109e-07	8.40322e-08	6.32918e-08	4.26898e-08	3.60912e-08	2.49969e-08	1.66352e-08	2.4808e-08
2.37187e-06	9.76563e-07	7.99776e-07	5.94199e-07	5.02871e-07	4.12437e-07	3.1344e-07	2.06823e-07	1.6762e-07	1.21313e-07	9.26126e-08	7.34076e-08	5.5147e-08	4.60419e-08	3.78939e-08	2.70005e-08	3.99466e-08
2.37402e-06	9.83931e-07	8.10057e-07	6.08276e-07	5.16699e-07	4.24353e-07	3.26478e-07	2.18744e-07	1.75637e-07	1.30654e-07	9.90706e-08	7.54332e-08	5.62664e-08	4.53607e-08	3.28304e-08	2.00484e-08	2.93044e-08
2.38501e-06	9.97355e-07	8.23171e-07	6.31041e-07	5.43332e-07	4.35247e-07	3.30575e-07	2.32905e-07	1.93087e-07	1.40196e-07	1.09319e-07	7.88818e-08	5.64287e-08	4.67699e-08	3.29555e-08	2.13827e-08	1.77685e-08
2.39647e-06	1.03063e-06	8.56819e-07	6.5056e-07	5.6129e-07	4.63518e-07	3.54552e-07	2.43357e-07	1.94812e-07	1.44428e-07	1.09999e-07	8.71301e-08	6.15791e-08	4.99056e-08	3.10792e-08	1.98338e-08	2.45183e-08
2.40886e-06	1.05775e-06	8.83091e-07	6.72606e-07	5.78603e-07	4.79965e-07	3.67854e-07	2.49597e-07	1.99945e-07	1.48353e-07	1.10663e-07	8.9319e-08	6.42724e-08	4.77384e-08	2.90132e-08	1.36503e-08	1.5174e-08
2.42238e-06	1.08515e-06	9.06865e-07	6.94605e-07	5.97555e-07	4.97683e-07	3.80257e-07	2.57203e-07	2.03659e-07	1.46061e-07	1.088e-07	8.02901e-08	5.51932e-08	4.1014e-08	1.99718e-08	3.77777e-09	8.89034e-09
2.4504e-06	1.11078e-06	9.31959e-07	7.13732e-07	6.16739e-07	5.12757e-07	3.89721e-07	2.59911e-07	2.0411e-07	1.43159e-07	1.0135e-07	7.21338e-08	4.71615e-08	2.91406e-08	1.23665e-08	7.17812e-10	9.50786e-09
2.51346e-06	1.17457e-06	9.87093e-07	7.64595e-07	6.55971e-07	5.47298e-07	4.18891e-07	2.83597e-07	2.22913e-07	1.58968e-07	1.15663e-07	8.33627e-08	5.4765e-08	3.69088e-08	1.93548e-08	6.01924e-09	1.14718e-08
2.59069e-06	1.23162e-06	1.04238e-06	8.10805e-07	6.98438e-07	5.8378e-07	4.47286e-07	2.99093e-07	2.33623e-07	1.67964e-07	1.19292e-07	8.77345e-08	5.65546e-08	3.36985e-08	1.58166e-08	8.18537e-10	7.0646e-09
2.68377e-06	1.30819e-06	1.10343e-06	8.68049e-07	7.48577e-07	6.28665e-07	4.84624e-07	3.28027e-07	2.56863e-07	1.85838e-07	1.33186e-07	9.66024e-08	6.10644e-08	4.04115e-08	1.78823e-08	3.09792e-09	7.2159e-09
2.81789e-06	1.38698e-06	1.17714e-06	9.28812e-07	8.00869e-07	6.77459e-07	5.21962e-07	3.52084e-07	2.7285e-07	1.97595e-07	1.45813e-07	1.03627e-07	6.62259e-08	4.16824e-08	1.73404e-08	6.04458e-10	3.77786e-11
2.96391e-06	1.4951e-06	1.25858e-06	9.97796e-07	8.61459e-07	7.26507e-07	5.59907e-07	3.78599e-07	2.91313e-07	2.07503e-07	1.50555e-07	1.03116e-07	6.38995e-08	3.77176e-08	1.38529e-08	-2.87132e-09	-6.42269e-09
3.18855e-06	1.61708e-06	1.35956e-06	1.07743e-06	9.29593e-07	7.83025e-07	6.04118e-07	4.10654e-07	3.15212e-07	2.27981e-07	1.6309e-07	1.10943e-07	7.25349e-08	4.3118e-08	1.63959e-08	-1.98967e-09	-6.49792e-09
3.46683e-06	1.77175e-06	1.48573e-06	1.17814e-06	1.01189e-06	8.52917e-07	6.57372e-07	4.50154e-07	3.47262e-07	2.5374e-07	1.81918e-07	1.3284e-07	9.02851e-08	6.40396e-08	3.76052e-08	1.73417e-08	1.60068e-08
3.71965e-06	1.90393e-06	1.58544e-06	1.25272e-06	1.07466e-06	9.02373e-07	6.9057e-07	4.6907e-07	3.58974e-07	2.6039e-07	1.87106e-07	1.33457e-07	8.80056e-08	5.78057e-08	3.12327e-08	9.94912e-09	7.31701e-09
3.96887e-06	2.03987e-06	1.68734e-06	1.33073e-06	1.13757e-06	9.51651e-07	7.27941e-07	4.94761e-07	3.77988e-07	2.76139e-07	2.00045e-07	1.44329e-07	9.68615e-08	6.59933e-08	3.70772e-08	1.70147e-08	9.82343e-09
4.21808e-06	2.14516e-06	1.76329e-06	1.38242e-06	1.17348e-06	9.75051e-07	7.37828e-07	4.92053e-07	3.70897e-07	2.69515e-07	1.90058e-07	1.33914e-07	8.67988e-08	5.70515e-08	2.80094e-08	9.65971e-09	8.74033e-09
4.45554e-06	2.23462e-06	1.82331e-06	1.41398e-06	1.19599e-06	9.9228e-07	7.43665e-07	4.9364e-07	3.69559e-07	2.63577e-07	1.89761e-07	1.30353e-07	8.40302e-08	5.37406e-08	2.45466e-08	3.46348e-09	1.43955e-08
4.5565e-06	2.2576e-06	1.82758e-06	1.40618e-06	1.18178e-06	9.74508e-07	7.26366e-07	4.82241e-07	3.61294e-07	2.60838e-07	1.89325e-07	1.33479e-07	9.11736e-08	5.9737e-08	3.24064e-08	1.32371e-08	1.83254e-08
4.47664e-06	2.17616e-06	1.75033e-06	1.33665e-06	1.12327e-06	9.2306e-07	6.88589e-07	4.56927e-07	3.4272e-07	2.49446e-07	1.80768e-07	1.29912e-07	8.8136e-08	5.92443e-08	3.35264e-08	1.45466e-08	2.25693e-08
4.23953e-06	2.01239e-06	1.62707e-06	1.23982e-06	1.04688e-06	8.6278e-07	6.48908e-07	4.35389e-07	3.3026e-07	2.40346e-07	1.7571e-07	1.23353e-07	8.40827e-08	5.71929e-08	3.30991e-08	1.79476e-08	2.42072e-08
3.84957e-06	1.83228e-06	1.48976e-06	1.14495e-06	9.73916e-07	8.08358e-07	6.15746e-07	4.20061e-07	3.23824e-07	2.41996e-07	1.81138e-07	1.35658e-07	9.66649e-08	7.1425e-08	4.85025e-08	2.92577e-08	3.33006e-08
3.5265e-06	1.67195e-06	1.37227e-06	1.0564e-06	9.01259e-07	7.4937e-07	5.72431e-07	3.89496e-07	3.01524e-07	2.24874e-07	1.69194e-07	1.24987e-07	9.08186e-08	6.9131e-08	4.66373e-08	2.84131e-08	3.11839e-08
3.25775e-06	1.55375e-06	1.27657e-06	9.80491e-07	8.37015e-07	6.98388e-07	5.33841e-07	3.65189e-07	2.82481e-07	2.1204e-07	1.60441e-07	1.21839e-07	8.81738e-08	6.80479e-08	4.51763e-08	2.52645e-08	1.97481e-08
3.09446e-06	1.46897e-06	1.19904e-06	9.15945e-07	7.80605e-07	6.48237e-07	4.91776e-07	3.32809e-07	2.54887e-07	1.88401e-07	1.4034e-07	1.07594e-07	7.67003e-08	5.28086e-08	3.36272e-08	1.88665e-08	1.94081e-08
3.08011e-06	1.45045e-06	1.17212e-06	8.87963e-07	7.50976e-07	6.18309e-07	4.65933e-07	3.10017e-07	2.40876e-07	1.78006e-07	1.29342e-07	9.68112e-08	7.12199e-08	5.25805e-08	3.58177e-08	2.39541e-08	2.71026e-08
3.10774e-06	1.46437e-06	1.17304e-06	8.7881e-07	7.39157e-07	6.03849e-07	4.4965e-07	2.99015e-07	2.32079e-07	1.70231e-07	1.24805e-07	9.51967e-08	7.04876e-08	5.03249e-08	3.32225e-08	1.19893e-08	1.63972e-08
3.0708e-06	1.43327e-06	1.13435e-06	8.37896e-07	6.98902e-07	5.6536e-07	4.18155e-07	2.72989e-07	2.12301e-07	1.52583e-07	1.14903e-07	8.8356e-08	6.22119e-08	4.72886e-08	3.13956e-08	1.52381e-08	1.73539e-08
3.01339e-06	1.3798e-06	1.07242e-06	7.84291e-07	6.47819e-07	5.21534e-07	3.83929e-07	2.50655e-07	1.9935e-07	1.45552e-07	1.10279e-07	8.9059e-08	6.55224e-08	5.61782e-08	4.24516e-08	2.76421e-08	3.29186e-08
2.89729e-06	1.27179e-06	9.78655e-07	7.05264e-07	5.82534e-07	4.67573e-07	3.4507e-07	2.23146e-07	1.82055e-07	1.32464e-07	9.81363e-08	7.74336e-08	5.26256e-08	4.15061e-08	2.59287e-08	2.78302e-09	1.07795e-08
2.70853e-06	1.10348e-06	8.59929e-07	6.13046e-07	5.13474e-07	4.11371e-07	3.09155e-07	2.01902e-07	1.68291e-07	1.1729e-07	8.67775e-08	6.71578e-08	3.99068e-08	2.72006e-08	1.1384e-08	-4.0675e-09	-3.43785e-09
2.37569e-06	9.14776e-07	7.27139e-07	5.25436e-07	4.47289e-07	3.64105e-07	2.76866e-07	1.8527e-07	1.55753e-07	1.07412e-07	8.14214e-08	6.32634e-08	4.23729e-08	3.16695e-08	1.7201e-08	5.54058e-10	1.10434e-08
2.04548e-06	7.57833e-07	6.35345e-07	4.69942e-07	4.06677e-07	3.3238e-07	2.60276e-07	1.77933e-07	1.51463e-07	1.08195e-07	8.37405e-08	6.53176e-08	4.43636e-08	3.41762e-08	2.14325e-08	1.01622e-08	1.28192e-08
1.84256e-06	6.6785e-07	5.8249e-07	4.35618e-07	3.85728e-07	3.2059e-07	2.52682e-07	1.72232e-07	1.46507e-07	1.03946e-07	8.23638e-08	6.39292e-08	4.29636e-08	3.78891e-08	2.47179e-08	8.81434e-09	9.84688e-09
1.76064e-06	6.43208e-07	5.78574e-07	4.45263e-07	3.99038e-07	3.36557e-07	2.71658e-07	1.91045e-07	1.66767e-07	1.23779e-07	9.8217e-08	8.28171e-08	6.233e-08	5.22313e-08	3.59877e-08	2.20862e-08	2.26529e-08
1.69542e-06	6.2528e-07	5.67998e-07	4.37064e-07	3.91102e-07	3.27637e-07	2.62183e-07	1.81051e-07	1.56333e-07	1.15357e-07	8.75538e-08	7.06425e-08	4.84046e-08	3.93885e-08	2.21623e-08	5.22578e-09	1.82587e-09
1.68454e-06	6.42166e-07	5.93283e-07	4.60536e-07	4.14436e-07	3.51538e-07	2.84912e-07	2.03642e-07	1.8323e-07	1.42267e-07	1.15496e-07	9.4341e-08	7.1738e-08	5.21696e-08	3.30672e-08	1.12197e-08	-1.19626e-09
1.66681e-06	6.43274e-07	5.94454e-07	4.56909e-07	4.11754e-07	3.45934e-07	2.77848e-07	1.96527e-07	1.66054e-07	1.28139e-07	1.01342e-07	8.28317e-08	6.08583e-08	3.925e-08	2.2792e-08	4.18062e-09	6.93832e-09
1.70549e-06	6.52047e-07	6.04123e-07	4.63093e-07	4.1435e-07	3.48444e-07	2.7779e-07	1.935e-07	1.67913e-07	1.2092e-07	9.35454e-08	7.64078e-08	5.58955e-08	4.61116e-08	2.88859e-08	2.1444e-08	2.70852e-08
1.8168e-06	7.41601e-07	6.6568e-07	5.17957e-07	4.62336e-07	3.91477e-07	3.16375e-07	2.24613e-07	1.94756e-07	1.4324e-07	1.05538e-07	8.5982e-08	6.02932e-08	4.86324e-08	2.76533e-08	1.72266e-08	1.41414e-08
1.90213e-06	7.80519e-07	6.8106e-07	5.24581e-07	4.61264e-07	3.87772e-07	3.02707e-07	2.07077e-07	1.79146e-07	1.24846e-07	9.04798e-08	7.15401e-08	4.45662e-08	3.05377e-08	1.25173e-08	-1.88893e-10	9.82244e-10
2.02127e-06	8.46732e-07	7.20023e-07	5.5124e-07	4.77723e-07	3.96046e-07	3.04193e-07	1.98464e-07	1.69135e-07	1.12832e-07	7.73328e-08	5.35449e-08	2.6785e-08	1.00869e-08	-1.17114e-08	-2.50598e-08	-1.729e-08
2.17148e-06	9.22552e-07	7.76408e-07	5.85911e-07	5.04521e-07	4.16444e-07	3.18041e-07	2.07322e-07	1.77652e-07	1.15152e-07	8.0206e-08	5.96162e-08	3.04629e-08	1.59934e-08	-4.6217e-09	-1.61571e-08	-1.00494e-08
2.34356e-06	1.01108e-06	8.40587e-07	6.31908e-07	5.42504e-07	4.46539e-07	3.39681e-07	2.2344e-07	1.84134e-07	1.29716e-07	9.31313e-08	7.05002e-08	4.45318e-08	3.20765e-08	1.43066e-08	2.8588e-09	8.00967e-09
2.5179e-06	1.1106e-06	9.07118e-07	6.81003e-07	5.78915e-07	4.75378e-07	3.61099e-07	2.33747e-07	1.9128e-07	1.29682e-07	9.14209e-08	6.48095e-08	3.93945e-08	1.79844e-08	-3.45079e-09	-1.9672e-08	-1.6788e-08
2.73372e-06	1.23602e-06	9.85479e-07	7.35126e-07	6.18929e-07	5.06058e-07	3.73652e-07	2.41222e-07	1.94798e-07	1.29295e-07	8.6927e-08	5.79093e-08	2.45214e-08	9.03023e-09	-1.36902e-08	-2.5529e-08	-2.10076e-08
3.04268e-06	1.37808e-06	1.08706e-06	8.04907e-07	6.73657e-07	5.48729e-07	4.08713e-07	2.60888e-07	2.07096e-07	1.42182e-07	1.00544e-07	7.18658e-08	4.11345e-08	2.53281e-08	8.22439e-09	-1.81365e-09	3.79103e-09
3.354e-06	1.53577e-06	1.20519e-06	8.96156e-07	7.49326e-07	6.1091e-07	4.55326e-07	2.97438e-07	2.35963e-07	1.63379e-07	1.20167e-07	8.68158e-08	5.53288e-08	4.13361e-08	2.1134e-08	9.43349e-09	8.72818e-09
3.56672e-06	1.62894e-06	1.27617e-06	9.49491e-07	7.91465e-07	6.43428e-07	4.77769e-07	3.08117e-07	2.4204e-07	1.69652e-07	1.24156e-07	9.28683e-08	6.09381e-08	4.08605e-08	2.22315e-08	9.18229e-09	1.01648e-08
3.67514e-06	1.68928e-06	1.32649e-06	9.89104e-07	8.22673e-07	6.67918e-07	4.94634e-07	3.17924e-07	2.46076e-07	1.72692e-07	1.14523e-07	7.74783e-08	4.49553e-08	2.58093e-08	6.44917e-09	-4.19448e-09	-8.47714e-09
3.66358e-06	1.69792e-06	1.3468e-06	1.00884e-06	8.44469e-07	6.87955e-07	5.11476e-07	3.32074e-07	2.57212e-07	1.8211e-07	1.31938e-07	9.1792e-08	5.96957e-08	5.45814e-08	2.45383e-08	-1.33651e-08	-9.62386e-09
3.5847e-06	1.67273e-06	1.33496e-06	1.00607e-06	8.46123e-07	6.91628e-07	5.16111e-07	3.33715e-07	2.54976e-07	1.8072e-07	1.30133e-07	9.52915e-08	6.33597e-08	4.14924e-08	2.94755e-08	1.91339e-08	2.69562e-08
3.51743e-06	1.65343e-06	1.33614e-06	1.00805e-06	8.57062e-07	6.99499e-07	5.28696e-07	3.49214e-07	2.59259e-07	1.88363e-07	1.31903e-07	9.59387e-08	5.72282e-08	3.46669e-08	1.52928e-08	6.94095e-09	2.77512e-08
3.37598e-06	1.60147e-06	1.30023e-06	9.91913e-07	8.40909e-07	6.96102e-07	5.22902e-07	3.48391e-07	2.67504e-07	1.94679e-07	1.44668e-07	1.09042e-07	7.3921e-08	5.4244e-08	3.70991e-08	2.3494e-08	3.60031e-08
3.23096e-06	1.53321e-06	1.26353e-06	9.66893e-07	8.23658e-07	6.81822e-07	5.16742e-07	3.44684e-07	2.68367e-07	1.93852e-07	1.3904e-07	1.01348e-07	6.65029e-08	4.87402e-08	2.72739e-08	9.20887e-09	2.10758e-08
3.0106e-06	1.4275e-06	1.20097e-06	9.29336e-07	7.98226e-07	6.65793e-07	5.12926e-07	3.48581e-07	2.76708e-07	2.03008e-07	1.50423e-07	1.18134e-07	8.44966e-08	6.37094e-08	4.30987e-08	2.7628e-08	2.77288e-08
2.78809e-06	1.31756e-06	1.12163e-06	8.76061e-07	7.57389e-07	6.31523e-07	4.90249e-07	3.3639e-07	2.72796e-07	2.00156e-07	1.49386e-07	1.13205e-07	7.78175e-08	5.60861e-08	3.08272e-08	1.37318e-08	1.71962e-08
2.64434e-06	1.22803e-06	1.06245e-06	8.34303e-07	7.27782e-07	6.13312e-07	4.81165e-07	3.36118e-07	2.7121e-07	2.02169e-07	1.53942e-07	1.15857e-07	8.16136e-08	6.03976e-08	3.67249e-08	1.74994e-08	1.2334e-08
2.52983e-06	1.15818e-06	1.00966e-06	7.93749e-07	6.95719e-07	5.87056e-07	4.60617e-07	3.18228e-07	2.59153e-07	1.88298e-07	1.39391e-07	1.01305e-07	6.65331e-08	3.74052e-08	2.01829e-08	-2.43153e-09	-9.22216e-09
2.56774e-06	1.15485e-06	1.016e-06	8.00194e-07	7.06458e-07	5.97478e-07	4.73202e-07	3.31313e-07	2.71292e-07	2.0031e-07	1.50355e-07	1.14978e-07	7.80628e-08	4.65403e-08	1.61518e-08	-8.44126e-09	-5.03956e-11
2.66e-06	1.16965e-06	1.01838e-06	8.02301e-07	7.08283e-07	5.98982e-07	4.7368e-07	3.33485e-07	2.72956e-07	1.99841e-07	1.49317e-07	1.13635e-07	7.6202e-08	4.9239e-08	1.85717e-08	-6.16117e-09	-3.32628e-09
2.80157e-06	1.22467e-06	1.04442e-06	8.13784e-07	7.12146e-07	5.95426e-07	4.65768e-07	3.23699e-07	2.651e-07	1.91823e-07	1.42825e-07	1.14867e-07	7.8153e-08	5.74524e-08	3.63991e-08	1.65554e-08	2.70001e-08
3.06946e-06	1.35826e-06	1.11469e-06	8.51682e-07	7.31536e-07	6.06715e-07	4.66133e-07	3.05808e-07	2.4702e-07	1.70908e-07	1.20839e-07	8.00554e-08	4.23586e-08	1.9806e-08	-3.94356e-09	-1.333e-08	1.15913e-08
3.35308e-06	1.52298e-06	1.21586e-06	9.22261e-07	7.83427e-07	6.47175e-07	4.88383e-07	3.26303e-07	2.62411e-07	1.82101e-07	1.29284e-07	9.14348e-08	5.15195e-08	2.77568e-08	9.82764e-10	-2.0953e-08	-1.6266e-08
3.45738e-06	1.60109e-06	1.27477e-06	9.62063e-07	8.07882e-07	6.66767e-07	5.04725e-07	3.34807e-07	2.66707e-07	1.85062e-07	1.34651e-07	9.48115e-08	5.76807e-08	3.94995e-08	1.40359e-08	-5.09021e-09	9.60085e-09
3.54696e-06	1.69533e-06	1.36098e-06	1.03699e-06	8.77003e-07	7.30219e-07	5.53334e-07	3.73034e-07	3.01457e-07	2.17506e-07	1.60745e-07	1.203e-07	7.54208e-08	5.06375e-08	2.56023e-08	1.12892e-08	1.29019e-08
3.75253e-06	1.80732e-06	1.44841e-06	1.10418e-06	9.32539e-07	7.76813e-07	5.86349e-07	3.9019e-07	3.12207e-07	2.21851e-07	1.59669e-07	1.163e-07	6.98427e-08	4.28532e-08	2.24787e-08	-3.56585e-09	-1.29026e-08
4.0765e-06	1.97602e-06	1.56139e-06	1.18718e-06	1.00092e-06	8.30817e-07	6.31836e-07	4.23945e-07	3.36601e-07	2.42515e-07	1.76226e-07	1.30034e-07	8.55552e-08	6.04808e-08	2.98624e-08	2.41923e-09	-1.76402e-09
4.49036e-06	2.163e-06	1.6882e-06	1.27832e-06	1.07623e-06	8.89254e-07	6.72286e-07	4.50329e-07	3.51201e-07	2.60301e-07	1.93027e-07	1.43079e-07	9.75026e-08	5.98397e-08	3.70076e-08	1.64184e-08	1.08238e-08
4.8232e-06	2.25817e-06	1.75186e-06	1.322e-06	1.11642e-06	9.24647e-07	7.04246e-07	4.76726e-07	3.70199e-07	2.71673e-07	1.99357e-07	1.45653e-07	9.71522e-08	6.59148e-08	3.45136e-08	1.25126e-08	1.16305e-08
4.8442e-06	2.20587e-06	1.72337e-06	1.30722e-06	1.10909e-06	9.20687e-07	7.00691e-07	4.71319e-07	3.67244e-07	2.61984e-07	1.88039e-07	1.34634e-07	8.81345e-08	5.81809e-08	3.00292e-08	9.07304e-09	9.6401e-09
4.67924e-06	2.14776e-06	1.72214e-06	1.31439e-06	1.11899e-06	9.31997e-07	7.11166e-07	4.74959e-07	3.71065e-07	2.6678e-07	1.92287e-07	1.36093e-07	8.79017e-08	5.76434e-08	2.57089e-08	4.39824e-09	3.80592e-09
4.72943e-06	2.2661e-06	1.81471e-06	1.38489e-06	1.17375e-06	9.70977e-07	7.4155e-07	5.03932e-07	3.91204e-07	2.87952e-07	2.11771e-07	1.52413e-07	1.03125e-07	7.0775e-08	3.88532e-08	1.97227e-08	2.63012e-08
4.8913e-06	2.36762e-06	1.87126e-06	1.42132e-06	1.20012e-06	9.95161e-07	7.57725e-07	5.14896e-07	3.97628e-07	2.96176e-07	2.2051e-07	1.64629e-07	1.16436e-07	8.37324e-08	5.00706e-08	2.69446e-08	2.4235e-08
4.77877e-06	2.31923e-06	1.83816e-06	1.40163e-06	1.18669e-06	9.84158e-07	7.49855e-07	5.0891e-07	3.94815e-07	2.93197e-07	2.14453e-07	1.58483e-07	1.09356e-07	7.58702e-08	4.5018e-08	1.75938e-08	2.53321e-09
4.53118e-06	2.19543e-06	1.76235e-06	1.36472e-06	1.1562e-06	9.61887e-07	7.32021e-07	4.94139e-07	3.83832e-07	2.80784e-07	2.00613e-07	1.46417e-07	9.78927e-08	6.39636e-08	2.60014e-08	2.49553e-09	1.7267e-09
4.44947e-06	2.17343e-06	1.76235e-06	1.36419e-06	1.16209e-06	9.6791e-07	7.40144e-07	5.02168e-07	3.91908e-07	2.89879e-07	2.11696e-07	1.58344e-07	1.09541e-07	7.9027e-08	5.02521e-08	2.30275e-08	1.89564e-08
4.47327e-06	2.19736e-06	1.78826e-06	1.3873e-06	1.18004e-06	9.85216e-07	7.54367e-07	5.11406e-07	3.93953e-07	2.90136e-07	2.13317e-07	1.59449e-07	1.09488e-07	7.94913e-08	4.91417e-08	2.69088e-08	2.32412e-08
4.49777e-06	2.23592e-06	1.82295e-06	1.40832e-06	1.1965e-06	9.95072e-07	7.56213e-07	5.11217e-07	3.92998e-07	2.86978e-07	2.11194e-07	1.55147e-07	1.06561e-07	7.50907e-08	5.0615e-08	2.78408e-08	2.53075e-08
4.48974e-06	2.25752e-06	1.84548e-06	1.43387e-06	1.21397e-06	1.01076e-06	7.68489e-07	5.1825e-07	3.96854e-07	2.89045e-07	2.12606e-07	1.57416e-07	1.08376e-07	7.67922e-08	4.44268e-08	1.48089e-08	6.37729e-09
4.46542e-06	2.28542e-06	1.85863e-06	1.44109e-06	1.21812e-06	1.01185e-06	7.64122e-07	5.1196e-07	3.92358e-07	2.82938e-07	2.05127e-07	1.53139e-07	1.03874e-07	6.4893e-08	3.58934e-08	5.10423e-09	2.94911e-09
4.56515e-06	2.33569e-06	1.8891e-06	1.46482e-06	1.22642e-06	1.01336e-06	7.59352e-07	5.01639e-07	3.90093e-07	2.77628e-07	1.98185e-07	1.41102e-07	9.07991e-08	6.25914e-08	3.22158e-08	8.35644e-09	7.68843e-10
4.74767e-06	2.43472e-06	1.95716e-06	1.50935e-06	1.26684e-06	1.04787e-06	7.90257e-07	5.27111e-07	4.03945e-07	2.90371e-07	2.106e-07	1.51437e-07	1.02319e-07	7.0242e-08	4.09377e-08	1.28939e-08	1.24905e-08
4.99294e-06	2.5804e-06	2.05748e-06	1.58786e-06	1.33423e-06	1.10275e-06	8.2751e-07	5.49195e-07	4.20328e-07	3.04722e-07	2.21533e-07	1.61726e-07	1.13136e-07	7.76803e-08	4.51108e-08	1.96249e-08	1.73939e-08
5.3208e-06	2.75376e-06	2.16727e-06	1.65539e-06	1.37504e-06	1.12573e-06	8.3027e-07	5.37548e-07	4.02934e-07	2.84719e-07	1.98606e-07	1.39454e-07	8.87469e-08	5.02029e-08	2.26373e-08	-3.15108e-10	1.4079e-08
5.82922e-06	3.0198e-06	2.34057e-06	1.7658e-06	1.45895e-06	1.18975e-06	8.71272e-07	5.63727e-07	4.25433e-07	3.0549e-07	2.20689e-07	1.60402e-07	1.08536e-07	7.68862e-08	4.17833e-08	1.53142e-08	1.38395e-08
6.24753e-06	3.2012e-06	2.44565e-06	1.82666e-06	1.49474e-06	1.21059e-06	8.81157e-07	5.63486e-07	4.20771e-07	2.99698e-07	2.18818e-07	1.59163e-07	1.08243e-07	7.46408e-08	4.27401e-08	1.67003e-08	1.26796e-08
6.38312e-06	3.20053e-06	2.41676e-06	1.78885e-06	1.4575e-06	1.17415e-06	8.48934e-07	5.41268e-07	4.08969e-07	2.96234e-07	2.1661e-07	1.60306e-07	1.10719e-07	7.96738e-08	4.6448e-08	2.15917e-08	1.52264e-08
6.21333e-06	3.00023e-06	2.25332e-06	1.65649e-06	1.3511e-06	1.08599e-06	7.85754e-07	5.01109e-07	3.82018e-07	2.71271e-07	1.98087e-07	1.46482e-07	1.00499e-07	7.12179e-08	3.87098e-08	1.20251e-08	3.64283e-09
5.88154e-06	2.71801e-06	2.05343e-06	1.50369e-06	1.23408e-06	9.92689e-07	7.24563e-07	4.70151e-07	3.62741e-07	2.58798e-07	1.90049e-07	1.42175e-07	9.75016e-08	6.95684e-08	3.76519e-08	1.10548e-08	7.09676e-09
5.61675e-06	2.51922e-06	1.91611e-06	1.40333e-06	1.15652e-06	9.32585e-07	6.87924e-07	4.48141e-07	3.49578e-07	2.54607e-07	1.8781e-07	1.42405e-07	9.74537e-08	7.13349e-08	3.74638e-08	1.3135e-08	9.93319e-09
5.63766e-06	2.49937e-06	1.89435e-06	1.38177e-06	1.14087e-06	9.19789e-07	6.8034e-07	4.46248e-07	3.5057e-07	2.5508e-07	1.92442e-07	1.43644e-07	9.97378e-08	7.49924e-08	3.81454e-08	1.49884e-08	1.32614e-08
5.72714e-06	2.54497e-06	1.92213e-06	1.39563e-06	1.15479e-06	9.3378e-07	6.95258e-07	4.63152e-07	3.65328e-07	2.71664e-07	2.06225e-07	1.59368e-07	1.16128e-07	8.92267e-08	5.86693e-08	3.40242e-08	2.80488e-08
5.63457e-06	2.51084e-06	1.90206e-06	1.38818e-06	1.15019e-06	9.33009e-07	6.99309e-07	4.69038e-07	3.71098e-07	2.75327e-07	2.07604e-07	1.57947e-07	1.12097e-07	8.27114e-08	4.87999e-08	2.31456e-08	1.88215e-08
5.43075e-06	2.39942e-06	1.83596e-06	1.35503e-06	1.13106e-06	9.25567e-07	7.0121e-07	4.72932e-07	3.76626e-07	2.77118e-07	2.06934e-07	1.57375e-07	1.06493e-07	7.68406e-08	4.05951e-08	1.4057e-08	1.15103e-08
5.24793e-06	2.27468e-06	1.77493e-06	1.32738e-06	1.12678e-06	9.32557e-07	7.18629e-07	4.93974e-07	3.92784e-07	2.93409e-07	2.20293e-07	1.6741e-07	1.16948e-07	8.31001e-08	4.95424e-08	1.5846e-08	1.24423e-08
5.09815e-06	2.19224e-06	1.743e-06	1.32358e-06	1.13905e-06	9.48731e-07	7.40224e-07	5.15644e-07	4.12097e-07	3.0865e-07	2.32257e-07	1.7413e-07	1.20553e-07	8.2911e-08	4.32267e-08	1.34634e-08	1.19381e-08
5.05571e-06	2.20921e-06	1.77929e-06	1.37002e-06	1.1858e-06	9.97176e-07	7.83236e-07	5.52555e-07	4.46789e-07	3.38288e-07	2.55805e-07	1.93291e-07	1.35302e-07	9.1874e-08	3.88523e-08	5.82407e-09	1.75226e-09
5.12466e-06	2.33016e-06	1.90143e-06	1.48365e-06	1.29139e-06	1.09583e-06	8.68051e-07	6.20074e-07	5.03719e-07	3.8633e-07	2.97267e-07	2.26975e-07	1.62393e-07	1.15044e-07	6.46068e-08	2.57167e-08	1.22532e-08
5.26182e-06	2.50599e-06	2.06394e-06	1.62682e-06	1.41779e-06	1.20943e-06	9.60568e-07	6.92497e-07	5.57232e-07	4.27817e-07	3.26614e-07	2.55137e-07	1.87492e-07	1.32252e-07	7.51078e-08	3.8928e-08	3.23475e-08
5.62852e-06	2.82389e-06	2.33045e-06	1.86408e-06	1.63073e-06	1.40387e-06	1.12604e-06	8.23021e-07	6.64877e-07	5.14069e-07	3.94146e-07	2.96246e-07	2.11293e-07	1.469e-07	8.11714e-08	3.37972e-08	1.78756e-08
6.21314e-06	3.29415e-06	2.71993e-06	2.20178e-06	1.92768e-06	1.67004e-06	1.34629e-06	9.93293e-07	8.01321e-07	6.25069e-07	4.78191e-07	3.56714e-07	2.54185e-07	1.73592e-07	9.24058e-08	3.67354e-08	1.96284e-08
7.15563e-06	3.99247e-06	3.29137e-06	2.68523e-06	2.35242e-06	2.04509e-06	1.65292e-06	1.22832e-06	9.88465e-07	7.76518e-07	5.93442e-07	4.40672e-07	3.11339e-07	2.08076e-07	1.09969e-07	4.37836e-08	1.86077e-08
8.4424e-06	4.93102e-06	4.05436e-06	3.32178e-06	2.90046e-06	2.5224e-06	2.0328e-06	1.50763e-06	1.20464e-06	9.44796e-07	7.20085e-07	5.29865e-07	3.73884e-07	2.45563e-07	1.26002e-07	4.60012e-08	1.35898e-08
1.0048e-05	6.09995e-06	5.00272e-06	4.10653e-06	3.57231e-06	3.10263e-06	2.4853e-06	1.83241e-06	1.44318e-06	1.12852e-06	8.52811e-07	6.2239e-07	4.40305e-07	2.91704e-07	1.59922e-07	7.08144e-08	3.15053e-08
1.17582e-05	7.41723e-06	6.0738e-06	4.99692e-06	4.3275e-06	3.74908e-06	2.97765e-06	2.16646e-06	1.67373e-06	1.29345e-06	9.61689e-07	6.879e-07	4.80069e-07	3.09793e-07	1.67301e-07	7.31935e-08	3.31173e-08
1.33599e-05	8.7029e-06	7.13534e-06	5.8766e-06	5.07201e-06	4.38122e-06	3.44313e-06	2.46407e-06	1.8662e-06	1.41892e-06	1.03478e-06	7.24766e-07	4.98134e-07	3.20142e-07	1.72092e-07	7.53549e-08	3.80998e-08
1.47461e-05	9.80525e-06	8.02165e-06	6.59564e-06	5.6595e-06	4.86087e-06	3.76397e-06	2.63125e-06	1.94645e-06	1.44925e-06	1.03084e-06	7.04562e-07	4.77016e-07	3.02575e-07	1.63208e-07	7.43104e-08	3.65626e-08
1.56652e-05	1.04612e-05	8.50876e-06	6.95169e-06	5.91519e-06	5.03814e-06	3.83266e-06	2.60757e-06	1.88562e-06	1.37723e-06	9.60248e-07	6.46654e-07	4.31477e-07	2.7166e-07	1.43225e-07	6.09209e-08	2.66529e-08
1.57685e-05	1.04295e-05	8.37565e-06	6.74399e-06	5.66054e-06	4.755e-06	3.53996e-06	2.3378e-06	1.65729e-06	1.19173e-06	8.24092e-07	5.52689e-07	3.67388e-07	2.35885e-07	1.2738e-07	5.35088e-08	2.43084e-08
1.49965e-05	9.59282e-06	7.51486e-06	5.90936e-06	4.87502e-06	4.02929e-06	2.93835e-06	1.90143e-06	1.34162e-06	9.6292e-07	6.70571e-07	4.58508e-07	3.1232e-07	2.03578e-07	1.1434e-07	5.41379e-08	2.86197e-08
1.28519e-05	7.76112e-06	5.95914e-06	4.58943e-06	3.75426e-06	3.07538e-06	2.23531e-06	1.44888e-06	1.04036e-06	7.54816e-07	5.37735e-07	3.77616e-07	2.60515e-07	1.75261e-07	1.00232e-07	4.5615e-08	2.59973e-08
1.03833e-05	5.91757e-06	4.51749e-06	3.45301e-06	2.83523e-06	2.3289e-06	1.71543e-06	1.1362e-06	8.43222e-07	6.25145e-07	4.61004e-07	3.34144e-07	2.3593e-07	1.63473e-07	9.39281e-08	3.8542e-08	2.27319e-08
8.64807e-06	4.71976e-06	3.62334e-06	2.76877e-06	2.29271e-06	1.89086e-06	1.41251e-06	9.54337e-07	7.25113e-07	5.43608e-07	4.09203e-07	3.02332e-07	2.15683e-07	1.51425e-07	8.94856e-08	4.21205e-08	2.3941e-08
7.32605e-06	3.87467e-06	3.01444e-06	2.30924e-06	1.92958e-06	1.59871e-06	1.20645e-06	8.23197e-07	6.35073e-07	4.76576e-07	3.52521e-07	2.64561e-07	1.87393e-07	1.27547e-07	7.54286e-08	3.72668e-08	2.92108e-08
6.34642e-06	3.2598e-06	2.57223e-06	1.98071e-06	1.66996e-06	1.39128e-06	1.0614e-06	7.31631e-07	5.73096e-07	4.31127e-07	3.26702e-07	2.43709e-07	1.7031e-07	1.20978e-07	6.99193e-08	3.33585e-08	2.89965e-08
5.75635e-06	2.86732e-06	2.2942e-06	1.77387e-06	1.51058e-06	1.26476e-06	9.76462e-07	6.82249e-07	5.43116e-07	4.13074e-07	3.15734e-07	2.37468e-07	1.68457e-07	1.17297e-07	6.73727e-08	2.97025e-08	1.8003e-08
5.46801e-06	2.66343e-06	2.1447e-06	1.66042e-06	1.42205e-06	1.19526e-06	9.26435e-07	6.50836e-07	5.18823e-07	3.94173e-07	3.01294e-07	2.2469e-07	1.59006e-07	1.10656e-07	6.62649e-08	2.99806e-08	1.46247e-08
5.37332e-06	2.57854e-06	2.07562e-06	1.60087e-06	1.37437e-06	1.154e-06	8.94412e-07	6.25243e-07	4.95436e-07	3.73711e-07	2.80289e-07	2.08149e-07	1.44873e-07	1.01894e-07	5.88895e-08	2.81021e-08	1.52298e-08
5.40024e-06	2.60727e-06	2.10415e-06	1.63426e-06	1.40196e-06	1.17245e-06	9.18623e-07	6.42092e-07	5.14775e-07	3.90875e-07	2.96942e-07	2.22561e-07	1.5814e-07	1.11344e-07	7.01697e-08	3.69128e-08	2.92353e-08
5.45867e-06	2.66954e-06	2.15924e-06	1.67995e-06	1.43913e-06	1.20665e-06	9.36462e-07	6.5098e-07	5.17044e-07	3.85467e-07	2.88293e-07	2.10812e-07	1.43579e-07	9.59885e-08	4.84103e-08	1.37415e-08	8.95086e-09
5.57359e-06	2.77578e-06	2.24371e-06	1.74803e-06	1.49637e-06	1.25911e-06	9.76046e-07	6.82161e-07	5.36208e-07	4.02975e-07	3.03253e-07	2.25e-07	1.55459e-07	1.09228e-07	5.94049e-08	2.6765e-08	2.02093e-08
5.67598e-06	2.87096e-06	2.31621e-06	1.806e-06	1.54351e-06	1.2977e-06	1.0015e-06	6.94596e-07	5.4492e-07	4.09995e-07	3.04824e-07	2.24905e-07	1.5516e-07	1.05109e-07	5.40861e-08	1.56837e-08	5.68597e-09
5.76508e-06	2.94427e-06	2.36798e-06	1.84271e-06	1.56952e-06	1.31639e-06	1.01152e-06	6.98951e-07	5.45161e-07	4.07244e-07	3.02108e-07	2.20233e-07	1.51823e-07	1.02754e-07	5.46422e-08	1.86091e-08	1.84578e-08
5.87101e-06	3.01096e-06	2.41236e-06	1.87312e-06	1.59427e-06	1.3315e-06	1.02055e-06	7.04877e-07	5.50293e-07	4.11304e-07	3.03797e-07	2.21948e-07	1.50651e-07	1.01203e-07	5.24863e-08	1.75753e-08	9.74583e-09
5.95253e-06	3.04835e-06	2.43054e-06	1.88024e-06	1.59317e-06	1.32855e-06	1.01396e-06	6.95854e-07	5.41745e-07	4.02413e-07	2.95711e-07	2.15952e-07	1.44653e-07	9.61243e-08	4.79613e-08	1.43985e-08	4.87934e-09
6.01231e-06	3.05249e-06	2.43168e-06	1.87483e-06	1.58321e-06	1.31617e-06	1.00255e-06	6.85541e-07	5.3263e-07	3.94029e-07	2.89142e-07	2.10871e-07	1.41652e-07	9.24553e-08	4.55909e-08	1.50415e-08	1.29611e-08
6.02324e-06	3.04094e-06	2.40485e-06	1.84252e-06	1.55149e-06	1.28724e-06	9.77469e-07	6.67259e-07	5.22064e-07	3.86086e-07	2.8159e-07	2.05285e-07	1.37101e-07	8.80046e-08	4.27289e-08	1.32637e-08	1.00235e-08
5.96798e-06	2.98157e-06	2.34618e-06	1.79067e-06	1.50429e-06	1.24668e-06	9.46567e-07	6.4575e-07	5.06216e-07	3.71586e-07	2.7081e-07	1.9419e-07	1.26283e-07	8.21167e-08	3.85178e-08	1.38311e-08	9.93519e-09
5.92154e-06	2.89701e-06	2.27348e-06	1.72868e-06	1.45655e-06	1.20749e-06	9.22626e-07	6.32168e-07	4.97554e-07	3.66004e-07	2.66453e-07	1.91197e-07	1.24086e-07	7.91896e-08	3.71426e-08	1.12335e-08	9.61975e-09
5.83145e-06	2.75363e-06	2.15709e-06	1.63784e-06	1.38829e-06	1.15405e-06	8.85483e-07	6.09373e-07	4.76159e-07	3.48618e-07	2.50542e-07	1.76761e-07	1.12688e-07	7.00363e-08	3.04226e-08	9.80887e-09	8.96414e-09
5.64773e-06	2.55486e-06	2.0243e-06	1.54662e-06	1.3266e-06	1.10984e-06	8.58524e-07	5.92569e-07	4.63613e-07	3.38099e-07	2.43967e-07	1.71924e-07	1.1046e-07	7.03911e-08	3.21129e-08	7.22445e-09	1.00991e-08
5.32761e-06	2.31912e-06	1.879e-06	1.44937e-06	1.25893e-06	1.05563e-06	8.18355e-07	5.63658e-07	4.40553e-07	3.16741e-07	2.2803e-07	1.6069e-07	1.01684e-07	6.74156e-08	3.38402e-08	1.6731e-08	1.74748e-08
4.98698e-06	2.15263e-06	1.78733e-06	1.38858e-06	1.21269e-06	1.01684e-06	7.88429e-07	5.37105e-07	4.16398e-07	2.97078e-07	2.1113e-07	1.47385e-07	9.18856e-08	5.64955e-08	2.49382e-08	6.12739e-09	5.96349e-09
4.71102e-06	2.07681e-06	1.74335e-06	1.35658e-06	1.17626e-06	9.82992e-07	7.55365e-07	5.07855e-07	3.90889e-07	2.75639e-07	1.9245e-07	1.33936e-07	8.18393e-08	5.44544e-08	2.38041e-08	4.16068e-09	1.26081e-08
4.54636e-06	2.05611e-06	1.72381e-06	1.33775e-06	1.1529e-06	9.59664e-07	7.30166e-07	4.84516e-07	3.73947e-07	2.64185e-07	1.85505e-07	1.32584e-07	8.37242e-08	5.32985e-08	2.40329e-08	1.17264e-09	6.8089e-09
4.42532e-06	2.02073e-06	1.69804e-06	1.3176e-06	1.13436e-06	9.41448e-07	7.15674e-07	4.75175e-07	3.67476e-07	2.62287e-07	1.86701e-07	1.36029e-07	8.82064e-08	5.93464e-08	2.99064e-08	1.00739e-08	1.10573e-08
4.28673e-06	1.96603e-06	1.64791e-06	1.27433e-06	1.09447e-06	9.05664e-07	6.83352e-07	4.45948e-07	3.4653e-07	2.43834e-07	1.70882e-07	1.19478e-07	7.37845e-08	4.90972e-08	1.99465e-08	4.70295e-09	7.19941e-09
4.2124e-06	1.91467e-06	1.60131e-06	1.2269e-06	1.05012e-06	8.66212e-07	6.50847e-07	4.22698e-07	3.26899e-07	2.27948e-07	1.58475e-07	1.11774e-07	6.94346e-08	4.52391e-08	2.16613e-08	4.50121e-09	1.77148e-08
4.24483e-06	1.88239e-06	1.56853e-06	1.19411e-06	1.0184e-06	8.35851e-07	6.26904e-07	4.03747e-07	3.14328e-07	2.17848e-07	1.55588e-07	1.09605e-07	6.78208e-08	4.61595e-08	2.03626e-08	4.24904e-09	6.01422e-09
4.31268e-06	1.83915e-06	1.51563e-06	1.14021e-06	9.71302e-07	7.92056e-07	5.86256e-07	3.74429e-07	2.91918e-07	1.98701e-07	1.37246e-07	9.67596e-08	5.77103e-08	3.5191e-08	1.23566e-08	-3.58089e-09	1.52566e-09
4.36492e-06	1.80975e-06	1.48034e-06	1.10512e-06	9.39163e-07	7.61745e-07	5.65465e-07	3.60762e-07	2.82323e-07	1.93683e-07	1.34699e-07	9.70117e-08	5.84542e-08	3.90871e-08	1.57735e-08	-2.0174e-10	2.55958e-09
4.34982e-06	1.76523e-06	1.4451e-06	1.07685e-06	9.16265e-07	7.40361e-07	5.49666e-07	3.493e-07	2.73484e-07	1.90972e-07	1.31749e-07	9.50574e-08	5.82776e-08	4.31724e-08	2.06027e-08	6.02698e-09	9.73396e-09
4.23261e-06	1.70293e-06	1.40659e-06	1.04866e-06	8.97211e-07	7.25021e-07	5.3958e-07	3.42134e-07	2.67905e-07	1.83966e-07	1.27238e-07	9.22479e-08	5.6703e-08	3.74111e-08	1.57109e-08	2.73617e-09	8.28416e-09
4.05095e-06	1.65011e-06	1.38511e-06	1.04002e-06	8.94414e-07	7.27084e-07	5.43311e-07	3.45669e-07	2.69966e-07	1.82575e-07	1.27928e-07	9.00139e-08	5.35494e-08	3.57584e-08	1.75892e-08	-9.96091e-10	4.58959e-09
3.91378e-06	1.6406e-06	1.39525e-06	1.06111e-06	9.13176e-07	7.47409e-07	5.62262e-07	3.60585e-07	2.8231e-07	1.91956e-07	1.35632e-07	9.78313e-08	5.88576e-08	4.07641e-08	2.07414e-08	1.96697e-09	1.00744e-08
3.86354e-06	1.66849e-06	1.42987e-06	1.09917e-06	9.48039e-07	7.78565e-07	5.87215e-07	3.754e-07	2.91224e-07	1.99319e-07	1.37284e-07	9.83861e-08	6.07237e-08	4.13441e-08	1.46514e-08	1.38696e-10	5.64872e-09
3.82729e-06	1.70774e-06	1.47403e-06	1.13978e-06	9.82751e-07	8.09961e-07	6.05901e-07	3.8845e-07	2.9715e-07	1.99206e-07	1.35607e-07	9.46917e-08	5.54028e-08	3.5998e-08	7.33829e-09	-7.57786e-09	-2.64784e-10
3.84443e-06	1.7747e-06	1.53863e-06	1.1975e-06	1.03278e-06	8.55929e-07	6.39305e-07	4.07651e-07	3.09704e-07	2.08024e-07	1.40742e-07	9.89686e-08	5.90104e-08	3.82811e-08	1.49417e-08	1.63918e-09	1.08312e-08
4.00145e-06	1.92787e-06	1.67816e-06	1.31365e-06	1.13075e-06	9.36209e-07	7.00325e-07	4.51353e-07	3.42559e-07	2.38305e-07	1.66393e-07	1.20306e-07	7.79891e-08	5.49769e-08	3.13974e-08	7.48998e-09	1.16006e-08
4.31814e-06	2.1812e-06	1.87414e-06	1.46625e-06	1.24812e-06	1.02848e-06	7.57994e-07	4.78476e-07	3.55374e-07	2.41766e-07	1.63136e-07	1.12372e-07	6.75468e-08	4.30095e-08	1.7867e-08	3.27836e-10	4.66536e-09
4.86195e-06	2.56996e-06	2.16259e-06	1.68416e-06	1.41461e-06	1.15468e-06	8.37831e-07	5.23126e-07	3.79479e-07	2.5558e-07	1.69987e-07	1.1187e-07	6.86959e-08	4.15353e-08	1.39838e-08	-6.99821e-09	-7.69173e-10
5.59949e-06	3.06834e-06	2.5202e-06	1.94963e-06	1.61756e-06	1.31184e-06	9.41341e-07	5.80738e-07	4.19376e-07	2.84594e-07	1.92659e-07	1.29826e-07	7.93257e-08	4.95675e-08	2.02885e-08	6.68297e-09	1.11215e-08
6.40886e-06	3.55875e-06	2.85321e-06	2.18706e-06	1.79958e-06	1.45507e-06	1.03939e-06	6.4225e-07	4.6758e-07	3.19782e-07	2.1695e-07	1.50913e-07	9.48124e-08	6.08418e-08	2.70983e-08	1.75275e-09	3.60638e-09
7.09253e-06	3.88674e-06	3.0687e-06	2.34454e-06	1.93449e-06	1.57783e-06	1.14856e-06	7.31748e-07	5.35558e-07	3.74297e-07	2.58883e-07	1.79394e-07	1.16372e-07	7.45341e-08	3.86352e-08	1.49295e-08	1.614e-08
7.29379e-06	3.92522e-06	3.12211e-06	2.4277e-06	2.04658e-06	1.70242e-06	1.2783e-06	8.4654e-07	6.28354e-07	4.45993e-07	3.09442e-07	2.11767e-07	1.36563e-07	8.81418e-08	4.45123e-08	1.58882e-08	1.77545e-08
7.23599e-06	4.05402e-06	3.32959e-06	2.66704e-06	2.28905e-06	1.93531e-06	1.48122e-06	1.00407e-06	7.46532e-07	5.36127e-07	3.73424e-07	2.54804e-07	1.63825e-07	1.02013e-07	5.04893e-08	1.83597e-08	2.27857e-08
7.62881e-06	4.52337e-06	3.75325e-06	3.03395e-06	2.60424e-06	2.21037e-06	1.69392e-06	1.15036e-06	8.52454e-07	6.1355e-07	4.28415e-07	2.90263e-07	1.86951e-07	1.15101e-07	5.25194e-08	1.58252e-08	1.60395e-08
8.3235e-06	5.07528e-06	4.19491e-06	3.40195e-06	2.9156e-06	2.47962e-06	1.90117e-06	1.29461e-06	9.59283e-07	6.91592e-07	4.81338e-07	3.22581e-07	2.0516e-07	1.23916e-07	5.24059e-08	1.2181e-08	5.82568e-09
9.73475e-06	6.06373e-06	4.96873e-06	4.0348e-06	3.45428e-06	2.94289e-06	2.25846e-06	1.54585e-06	1.14333e-06	8.29449e-07	5.76883e-07	3.85993e-07	2.46097e-07	1.44032e-07	6.06542e-08	1.07816e-08	2.30763e-09
1.30537e-05	8.41209e-06	6.79987e-06	5.50699e-06	4.68224e-06	3.98227e-06	3.04503e-06	2.08687e-06	1.53431e-06	1.12131e-06	7.81248e-07	5.23178e-07	3.36343e-07	1.98689e-07	8.6797e-08	2.00757e-08	1.80328e-09
1.75529e-05	1.1866e-05	9.60455e-06	7.83038e-06	6.65037e-06	5.66739e-06	4.33516e-06	2.98367e-06	2.18751e-06	1.6103e-06	1.12881e-06	7.565e-07	4.93153e-07	2.91695e-07	1.30892e-07	3.46902e-08	2.10587e-09
2.07638e-05	1.45307e-05	1.19147e-05	9.84595e-06	8.4316e-06	7.2477e-06	5.60438e-06	3.91426e-06	2.88696e-06	2.14948e-06	1.52367e-06	1.03183e-06	6.84313e-07	4.13329e-07	1.98701e-07	6.98235e-08	2.14754e-08
2.28073e-05	1.61425e-05	1.3321e-05	1.10963e-05	9.56473e-06	8.27799e-06	6.46976e-06	4.58839e-06	3.42415e-06	2.58467e-06	1.86131e-06	1.28016e-06	8.67175e-07	5.31904e-07	2.61034e-07	9.63052e-08	2.77301e-08
2.44263e-05	1.71725e-05	1.41081e-05	1.17256e-05	1.00957e-05	8.7331e-06	6.83396e-06	4.8706e-06	3.65836e-06	2.78767e-06	2.03301e-06	1.41856e-06	9.75107e-07	6.04757e-07	3.03072e-07	1.13975e-07	3.51711e-08
2.51843e-05	1.74098e-05	1.41574e-05	1.16669e-05	9.98687e-06	8.59588e-06	6.68549e-06	4.74757e-06	3.57184e-06	2.73316e-06	2.00672e-06	1.41335e-06	9.78738e-07	6.12893e-07	3.10016e-07	1.15214e-07	3.18175e-08
2.52462e-05	1.70813e-05	1.37126e-05	1.11666e-05	9.47357e-06	8.08792e-06	6.22869e-06	4.37966e-06	3.28301e-06	2.50687e-06	1.84127e-06	1.30147e-06	9.05824e-07	5.7516e-07	2.95934e-07	1.154e-07	3.83238e-08
2.48098e-05	1.64032e-05	1.30122e-05	1.04636e-05	8.79886e-06	7.44384e-06	5.65683e-06	3.90823e-06	2.89583e-06	2.18828e-06	1.58997e-06	1.11533e-06	7.7062e-07	4.89368e-07	2.55183e-07	9.91525e-08	4.09877e-08
2.44677e-05	1.58215e-05	1.23327e-05	9.75982e-06	8.10085e-06	6.77117e-06	5.04935e-06	3.40008e-06	2.47637e-06	1.84002e-06	1.31854e-06	9.12795e-07	6.24168e-07	3.9398e-07	2.03264e-07	7.79484e-08	2.71262e-08
2.4412e-05	1.53088e-05	1.16831e-05	9.07122e-06	7.42955e-06	6.1302e-06	4.4876e-06	2.95197e-06	2.11855e-06	1.55255e-06	1.10141e-06	7.59724e-07	5.17139e-07	3.31597e-07	1.70257e-07	6.83928e-08	2.76194e-08
2.30743e-05	1.40518e-05	1.05988e-05	8.14792e-06	6.64146e-06	5.45233e-06	3.96894e-06	2.59244e-06	1.85665e-06	1.354e-06	9.57903e-07	6.586e-07	4.44586e-07	2.8277e-07	1.41221e-07	5.01425e-08	1.47174e-08
2.0604e-05	1.22325e-05	9.21036e-06	7.08047e-06	5.80228e-06	4.78519e-06	3.52213e-06	2.33006e-06	1.68883e-06	1.23624e-06	8.75183e-07	6.01675e-07	4.02462e-07	2.5087e-07	1.23455e-07	4.14039e-08	1.29647e-08
1.70318e-05	1.00026e-05	7.69396e-06	6.01652e-06	5.01478e-06	4.19106e-06	3.14553e-06	2.12444e-06	1.5603e-06	1.14917e-06	8.18489e-07	5.62517e-07	3.72266e-07	2.28642e-07	1.11477e-07	3.65368e-08	1.47433e-08
1.46049e-05	8.71651e-06	6.87402e-06	5.44933e-06	4.58321e-06	3.85153e-06	2.91005e-06	1.97579e-06	1.45711e-06	1.073e-06	7.62063e-07	5.23408e-07	3.47358e-07	2.17493e-07	1.05083e-07	3.65494e-08	1.2511e-08
1.44206e-05	8.72236e-06	6.87152e-06	5.42534e-06	4.53757e-06	3.79434e-06	2.84016e-06	1.91013e-06	1.39662e-06	1.01841e-06	7.18212e-07	4.90453e-07	3.24354e-07	2.01148e-07	9.66326e-08	3.30811e-08	1.34822e-08
1.68157e-05	1.03329e-05	7.98166e-06	6.21524e-06	5.11594e-06	4.22372e-06	3.08996e-06	2.00665e-06	1.42356e-06	1.01652e-06	7.01138e-07	4.63452e-07	3.00641e-07	1.84365e-07	8.68792e-08	3.1894e-08	1.76558e-08
2.07811e-05	1.33608e-05	1.03118e-05	8.01836e-06	6.52693e-06	5.3314e-06	3.79241e-06	2.35179e-06	1.58926e-06	1.0866e-06	7.10697e-07	4.49517e-07	2.79517e-07	1.63505e-07	7.66388e-08	2.57397e-08	1.473e-08
2.25524e-05	1.50681e-05	1.18427e-05	9.32256e-06	7.61934e-06	6.22781e-06	4.3926e-06	2.6604e-06	1.73676e-06	1.15296e-06	7.23233e-07	4.36843e-07	2.58746e-07	1.48624e-07	6.66885e-08	2.18302e-08	1.21195e-08
2.15558e-05	1.42845e-05	1.1205e-05	8.81113e-06	7.20587e-06	5.8941e-06	4.16573e-06	2.52573e-06	1.6471e-06	1.08567e-06	6.7647e-07	4.03259e-07	2.34797e-07	1.33692e-07	5.63977e-08	1.7845e-08	1.03034e-08
1.82149e-05	1.15005e-05	8.90305e-06	6.93224e-06	5.66767e-06	4.63748e-06	3.30327e-06	2.03505e-06	1.36149e-06	9.13472e-07	5.83274e-07	3.65497e-07	2.16592e-07	1.26646e-07	5.29057e-08	1.72653e-08	1.36584e-08
1.44436e-05	8.73733e-06	6.75648e-06	5.22927e-06	4.28045e-06	3.49861e-06	2.50726e-06	1.56591e-06	1.07684e-06	7.36336e-07	4.80024e-07	3.13239e-07	1.91263e-07	1.11988e-07	4.3118e-08	6.39393e-09	1.09718e-09
1.16258e-05	6.76813e-06	5.25648e-06	4.05198e-06	3.32796e-06	2.72166e-06	1.96869e-06	1.24799e-06	8.83386e-07	6.15617e-07	4.16364e-07	2.76029e-07	1.73287e-07	1.05932e-07	4.64967e-08	6.77209e-09	-3.95985e-09
8.66646e-06	4.81121e-06	3.82922e-06	2.97553e-06	2.48353e-06	2.04993e-06	1.51351e-06	9.84791e-07	7.20357e-07	5.0961e-07	3.54567e-07	2.42036e-07	1.572e-07	9.96545e-08	4.96254e-08	1.45534e-08	1.59785e-08
7.06274e-06	3.68143e-06	2.96063e-06	2.29698e-06	1.94015e-06	1.61142e-06	1.21218e-06	8.09713e-07	6.12893e-07	4.4199e-07	3.17229e-07	2.27805e-07	1.51407e-07	9.98159e-08	5.06205e-08	1.48557e-08	9.81134e-09
6.2192e-06	3.1426e-06	2.5284e-06	1.94486e-06	1.64203e-06	1.36025e-06	1.0283e-06	6.89787e-07	5.31755e-07	3.84266e-07	2.76553e-07	1.99473e-07	1.32091e-07	8.82665e-08	4.52998e-08	1.66217e-08	1.12241e-08
5.44485e-06	2.703e-06	2.21797e-06	1.70901e-06	1.4492e-06	1.20022e-06	9.10334e-07	6.12833e-07	4.78246e-07	3.48311e-07	2.53046e-07	1.8135e-07	1.19883e-07	7.94007e-08	3.84644e-08	1.077e-08	7.89467e-09
4.81611e-06	2.30749e-06	1.94151e-06	1.50354e-06	1.28767e-06	1.06799e-06	8.14127e-07	5.47253e-07	4.32153e-07	3.10697e-07	2.23921e-07	1.63489e-07	1.00245e-07	6.52744e-08	2.62182e-08	-4.53995e-10	-7.18826e-10
4.36735e-06	1.99714e-06	1.71601e-06	1.3362e-06	1.15547e-06	9.61272e-07	7.36595e-07	4.96633e-07	3.93248e-07	2.8149e-07	2.03024e-07	1.48166e-07	9.26024e-08	6.49213e-08	2.77694e-08	5.85149e-09	9.36996e-09
4.09727e-06	1.80895e-06	1.57413e-06	1.23031e-06	1.07509e-06	9.00129e-07	6.95921e-07	4.71712e-07	3.81602e-07	2.76762e-07	2.03274e-07	1.50898e-07	1.00111e-07	7.0335e-08	3.9941e-08	1.4289e-08	1.34061e-08
3.92496e-06	1.68788e-06	1.4777e-06	1.15261e-06	1.01109e-06	8.46643e-07	6.55867e-07	4.44534e-07	3.60831e-07	2.61073e-07	1.89918e-07	1.40115e-07	9.21278e-08	6.02709e-08	2.53872e-08	6.53282e-09	9.93795e-09
3.79069e-06	1.60754e-06	1.41136e-06	1.09878e-06	9.65405e-07	8.07857e-07	6.25665e-07	4.26662e-07	3.4954e-07	2.53386e-07	1.84336e-07	1.35288e-07	8.4954e-08	5.90995e-08	2.56274e-08	8.27343e-09	1.18552e-08
3.69214e-06	1.53454e-06	1.36256e-06	1.05674e-06	9.3091e-07	7.78378e-07	6.07141e-07	4.13278e-07	3.40455e-07	2.45724e-07	1.80519e-07	1.35279e-07	8.50066e-08	5.77767e-08	2.5956e-08	5.48633e-09	1.15528e-08
3.57878e-06	1.4805e-06	1.31639e-06	1.02099e-06	9.0107e-07	7.52838e-07	5.87983e-07	4.0112e-07	3.31475e-07	2.39393e-07	1.76899e-07	1.33286e-07	8.71128e-08	6.04253e-08	3.11775e-08	6.41963e-09	7.75653e-09
3.50416e-06	1.43834e-06	1.285e-06	9.96267e-07	8.78938e-07	7.34834e-07	5.75344e-07	3.94085e-07	3.26838e-07	2.38088e-07	1.76996e-07	1.36575e-07	9.2849e-08	6.46614e-08	3.84664e-08	1.26876e-08	1.3974e-08
3.43882e-06	1.39361e-06	1.24878e-06	9.63779e-07	8.48215e-07	7.06634e-07	5.5094e-07	3.74423e-07	3.09837e-07	2.2313e-07	1.65872e-07	1.26233e-07	8.29613e-08	5.72708e-08	2.88561e-08	8.92925e-09	1.51217e-08
3.39451e-06	1.36287e-06	1.22206e-06	9.42452e-07	8.30887e-07	6.91827e-07	5.38302e-07	3.65153e-07	3.03077e-07	2.18388e-07	1.61029e-07	1.21869e-07	8.0729e-08	5.76113e-08	2.83264e-08	9.11843e-09	1.32047e-08
3.35263e-06	1.34091e-06	1.20281e-06	9.28995e-07	8.17695e-07	6.84197e-07	5.34292e-07	3.62051e-07	3.02485e-07	2.16597e-07	1.59932e-07	1.21995e-07	8.06281e-08	5.68546e-08	2.5577e-08	4.38895e-09	6.98701e-09
3.28312e-06	1.28863e-06	1.16081e-06	8.89756e-07	7.84331e-07	6.51486e-07	5.05575e-07	3.37643e-07	2.81442e-07	1.97243e-07	1.41825e-07	1.04631e-07	6.70593e-08	4.47483e-08	2.12516e-08	2.86298e-09	1.20321e-08
3.24233e-06	1.26245e-06	1.14063e-06	8.75202e-07	7.73446e-07	6.41396e-07	4.97692e-07	3.33909e-07	2.78314e-07	1.95969e-07	1.41018e-07	1.0931e-07	6.90016e-08	5.0058e-08	2.54263e-08	1.22465e-08	1.81743e-08
3.19798e-06	1.2314e-06	1.11404e-06	8.51873e-07	7.53639e-07	6.23811e-07	4.82949e-07	3.20507e-07	2.66011e-07	1.82923e-07	1.31568e-07	1.01324e-07	6.23282e-08	3.96897e-08	1.27002e-08	-3.38e-09	2.58545e-09
3.16915e-06	1.21656e-06	1.10773e-06	8.52226e-07	7.56779e-07	6.30609e-07	4.8846e-07	3.29525e-07	2.78055e-07	1.96809e-07	1.44974e-07	1.1043e-07	7.07908e-08	4.70173e-08	1.9435e-08	2.04313e-09	2.95119e-09
3.1196e-06	1.17672e-06	1.07339e-06	8.20305e-07	7.27847e-07	6.02346e-07	4.65456e-07	3.07605e-07	2.56703e-07	1.77803e-07	1.25854e-07	9.39463e-08	5.33863e-08	3.28793e-08	6.0285e-09	-6.04111e-09	7.42843e-09
3.09434e-06	1.16545e-06	1.06938e-06	8.18396e-07	7.28408e-07	6.04669e-07	4.72531e-07	3.1943e-07	2.66572e-07	1.89461e-07	1.36351e-07	1.03521e-07	6.48396e-08	4.29321e-08	1.42771e-08	-3.69539e-09	3.06478e-09
3.06107e-06	1.14355e-06	1.05443e-06	8.10157e-07	7.20981e-07	6.00288e-07	4.7204e-07	3.17182e-07	2.6806e-07	1.92567e-07	1.39308e-07	1.04676e-07	6.69551e-08	4.70539e-08	1.48565e-08	-3.94743e-09	5.18337e-09
3.02765e-06	1.12157e-06	1.04152e-06	7.9942e-07	7.13041e-07	5.9126e-07	4.62959e-07	3.09131e-07	2.62946e-07	1.82961e-07	1.32261e-07	9.86884e-08	6.27065e-08	4.05221e-08	1.49451e-08	-1.72783e-09	7.88246e-09
2.97977e-06	1.09451e-06	1.02197e-06	7.85321e-07	7.02482e-07	5.82764e-07	4.5713e-07	3.08541e-07	2.60613e-07	1.8263e-07	1.34967e-07	1.00472e-07	6.41475e-08	4.40052e-08	1.80864e-08	1.56396e-09	6.28106e-09
2.92812e-06	1.06465e-06	9.99836e-07	7.64372e-07	6.85039e-07	5.67515e-07	4.44265e-07	2.97329e-07	2.53223e-07	1.72666e-07	1.26302e-07	9.17186e-08	5.47385e-08	3.46972e-08	1.11873e-08	-2.409e-09	3.07747e-09
2.88501e-06	1.03367e-06	9.79404e-07	7.48878e-07	6.71855e-07	5.56238e-07	4.35665e-07	2.90927e-07	2.4749e-07	1.7217e-07	1.24836e-07	9.37595e-08	5.88361e-08	4.02709e-08	1.69256e-08	3.05216e-09	1.17042e-08
2.84973e-06	1.02155e-06	9.68231e-07	7.43158e-07	6.68281e-07	5.5408e-07	4.36259e-07	2.93076e-07	2.49086e-07	1.73792e-07	1.26233e-07	9.54345e-08	6.24417e-08	4.09888e-08	1.56136e-08	5.67537e-10	2.1188e-09
2.80766e-06	1.00291e-06	9.54457e-07	7.34336e-07	6.60932e-07	5.51117e-07	4.33912e-07	2.92529e-07	2.51261e-07	1.75865e-07	1.28544e-07	9.8817e-08	6.35279e-08	4.39159e-08	1.94355e-08	2.52245e-09	2.59812e-09
2.76585e-06	9.68835e-07	9.31402e-07	7.14711e-07	6.44826e-07	5.35831e-07	4.22145e-07	2.80786e-07	2.4237e-07	1.67718e-07	1.19022e-07	9.27379e-08	5.62128e-08	3.79629e-08	1.34573e-08	-1.51347e-09	2.39633e-09
2.7379e-06	9.52755e-07	9.14703e-07	7.04306e-07	6.34257e-07	5.25414e-07	4.12622e-07	2.72816e-07	2.33465e-07	1.62875e-07	1.13132e-07	8.69867e-08	4.98814e-08	3.23126e-08	1.02159e-08	-2.32065e-09	1.32429e-09
2.72456e-06	9.42198e-07	9.1517e-07	6.98441e-07	6.33412e-07	5.21062e-07	4.08952e-07	2.72967e-07	2.331e-07	1.6121e-07	1.14582e-07	8.66966e-08	5.12688e-08	3.22495e-08	1.03168e-08	-2.74947e-09	6.41963e-09
2.71841e-06	9.49212e-07	9.13419e-07	7.03077e-07	6.35276e-07	5.27797e-07	4.11389e-07	2.76189e-07	2.37987e-07	1.65267e-07	1.21705e-07	9.24959e-08	5.7687e-08	3.75962e-08	1.47812e-08	-4.11149e-09	5.76365e-09
2.72022e-06	9.43323e-07	9.09095e-07	6.95177e-07	6.26974e-07	5.18993e-07	4.08553e-07	2.71087e-07	2.33e-07	1.58389e-07	1.14829e-07	8.58725e-08	5.21995e-08	3.47324e-08	8.37411e-09	-1.44151e-08	-7.12556e-09
2.73505e-06	9.43194e-07	9.08687e-07	6.94859e-07	6.26097e-07	5.18036e-07	4.05131e-07	2.66648e-07	2.31687e-07	1.55105e-07	1.1095e-07	8.39976e-08	4.95283e-08	3.45197e-08	8.652e-09	-9.06821e-09	-6.01604e-09
2.76417e-06	9.59165e-07	9.20044e-07	7.06182e-07	6.34764e-07	5.25109e-07	4.13802e-07	2.74006e-07	2.38051e-07	1.63896e-07	1.18029e-07	8.95528e-08	5.62338e-08	3.72538e-08	1.02278e-08	-1.49822e-08	-1.15898e-08
2.8283e-06	9.82457e-07	9.3882e-07	7.18666e-07	6.52819e-07	5.33295e-07	4.20129e-07	2.78547e-07	2.4138e-07	1.66932e-07	1.23042e-07	9.49426e-08	6.14075e-08	4.19725e-08	1.08336e-08	-8.42477e-09	-1.26119e-10
2.90157e-06	9.95296e-07	9.4887e-07	7.20399e-07	6.46895e-07	5.32514e-07	4.11412e-07	2.69108e-07	2.30022e-07	1.56468e-07	1.12564e-07	8.52714e-08	5.09156e-08	3.39143e-08	1.62572e-08	-1.51347e-10	8.07184e-10
3.00394e-06	1.03413e-06	9.77815e-07	7.43328e-07	6.65902e-07	5.4862e-07	4.2613e-07	2.80875e-07	2.43934e-07	1.67642e-07	1.23663e-07	9.81737e-08	6.41837e-08	4.51897e-08	1.90823e-08	5.0449e-11	-3.56927e-09
3.07343e-06	1.04527e-06	9.86883e-07	7.47717e-07	6.68054e-07	5.47992e-07	4.23112e-07	2.75705e-07	2.33237e-07	1.5727e-07	1.15055e-07	8.66631e-08	5.43741e-08	3.4017e-08	1.42904e-08	6.68483e-10	9.44705e-09
3.13285e-06	1.07009e-06	1.01183e-06	7.68226e-07	6.83429e-07	5.61488e-07	4.36128e-07	2.85026e-07	2.41865e-07	1.64409e-07	1.21273e-07	9.45083e-08	6.18031e-08	4.59361e-08	2.36239e-08	1.3294e-08	1.97139e-08
3.17206e-06	1.0714e-06	1.01794e-06	7.74703e-07	6.92944e-07	5.68237e-07	4.39482e-07	2.89889e-07	2.44482e-07	1.72763e-07	1.29235e-07	1.00464e-07	6.74806e-08	5.24583e-08	3.09023e-08	1.49593e-08	2.06604e-08
3.17106e-06	1.05824e-06	1.0086e-06	7.62254e-07	6.8443e-07	5.65122e-07	4.29681e-07	2.85866e-07	2.38036e-07	1.70064e-07	1.26195e-07	9.74748e-08	6.47057e-08	4.81068e-08	2.60337e-08	1.02798e-08	1.7154e-08
3.14033e-06	1.03859e-06	9.96771e-07	7.58079e-07	6.80126e-07	5.59575e-07	4.29426e-07	2.79989e-07	2.40874e-07	1.66528e-07	1.23288e-07	9.47804e-08	6.29935e-08	4.4098e-08	1.78107e-08	2.74982e-09	2.9138e-09
3.10883e-06	1.01555e-06	9.81168e-07	7.40041e-07	6.65355e-07	5.43833e-07	4.20243e-07	2.72951e-07	2.36434e-07	1.60372e-07	1.17662e-07	9.15386e-08	5.88814e-08	4.07553e-08	1.37995e-08	-2.64891e-09	-4.23825e-09
3.08813e-06	9.94639e-07	9.67418e-07	7.30417e-07	6.59035e-07	5.37425e-07	4.14541e-07	2.7203e-07	2.34239e-07	1.60587e-07	1.1828e-07	9.30901e-08	5.95373e-08	4.27988e-08	1.88325e-08	1.53889e-09	6.62227e-09
3.05295e-06	9.79793e-07	9.50453e-07	7.18522e-07	6.45866e-07	5.29542e-07	4.08133e-07	2.66947e-07	2.29257e-07	1.59464e-07	1.17902e-07	9.16143e-08	5.80993e-08	4.18779e-08	1.40518e-08	-2.16958e-09	6.68534e-10
3.00405e-06	9.56556e-07	9.28299e-07	7.00368e-07	6.28857e-07	5.14544e-07	3.97015e-07	2.57297e-07	2.25799e-07	1.54111e-07	1.10515e-07	8.7103e-08	5.14418e-08	3.53962e-08	9.91498e-09	-7.7579e-09	-3.86003e-09
2.95812e-06	9.28591e-07	9.07803e-07	6.82413e-07	6.14486e-07	5.03242e-07	3.87444e-07	2.49975e-07	2.19335e-07	1.48935e-07	1.07006e-07	8.1046e-08	4.91195e-08	3.15606e-08	5.525e-09	-9.91473e-09	-1.00787e-08
2.91593e-06	9.10843e-07	8.92187e-07	6.73546e-07	6.07372e-07	4.95005e-07	3.8265e-07	2.48499e-07	2.18137e-07	1.48607e-07	1.07031e-07	8.30642e-08	4.97376e-08	2.84323e-08	3.1157e-09	-1.42162e-08	-4.84384e-09
2.87897e-06	8.87583e-07	8.71916e-07	6.58812e-07	5.94051e-07	4.82138e-07	3.76192e-07	2.4445e-07	2.14466e-07	1.46791e-07	1.05379e-07	8.36319e-08	4.91069e-08	3.23301e-08	1.02427e-08	-5.28533e-09	2.43453e-09
2.84551e-06	8.66183e-07	8.55411e-07	6.39468e-07	5.77157e-07	4.69147e-07	3.63812e-07	2.34662e-07	2.08274e-07	1.41133e-07	1.03103e-07	8.08148e-08	4.70484e-08	2.91751e-08	4.667e-09	-8.46367e-09	1.31181e-09
2.83594e-06	8.56492e-07	8.53692e-07	6.38967e-07	5.79593e-07	4.72136e-07	3.69119e-07	2.4264e-07	2.15179e-07	1.49045e-07	1.10434e-07	8.78428e-08	5.54631e-08	3.42466e-08	6.96284e-09	-1.07596e-08	-8.24945e-09
2.79606e-06	8.34435e-07	8.32644e-07	6.2336e-07	5.66183e-07	4.59284e-07	3.58514e-07	2.33363e-07	2.07417e-07	1.41297e-07	1.05045e-07	7.77497e-08	4.83855e-08	3.28204e-08	6.73562e-09	-1.06332e-08	-9.2331e-09
2.76709e-06	8.16696e-07	8.22271e-07	6.12755e-07	5.57595e-07	4.51033e-07	3.53579e-07	2.31678e-07	2.08898e-07	1.40569e-07	1.02866e-07	8.03375e-08	4.85507e-08	3.18247e-08	8.13593e-09	-8.37559e-09	-7.46739e-09
2.73966e-06	8.08656e-07	8.09438e-07	6.0413e-07	5.49019e-07	4.46629e-07	3.47306e-07	2.25793e-07	2.05384e-07	1.40219e-07	1.02654e-07	8.03774e-08	4.6849e-08	2.96937e-08	4.67985e-09	-1.21096e-08	-4.17529e-09
2.72523e-06	7.99258e-07	8.0853e-07	6.03499e-07	5.50028e-07	4.49266e-07	3.51721e-07	2.32277e-07	2.1106e-07	1.47068e-07	1.09882e-07	8.87028e-08	5.49725e-08	3.76911e-08	1.43045e-08	-2.10656e-09	-3.73379e-09
2.70417e-06	7.87552e-07	7.94692e-07	5.95426e-07	5.44629e-07	4.45646e-07	3.5027e-07	2.31709e-07	2.1212e-07	1.47157e-07	1.11459e-07	8.81225e-08	5.22352e-08	3.83092e-08	7.68202e-09	-5.14658e-09	-1.66507e-09
2.67838e-06	7.70808e-07	7.80357e-07	5.84656e-07	5.36822e-07	4.3887e-07	3.39582e-07	2.22494e-07	2.05603e-07	1.40815e-07	1.04965e-07	8.20446e-08	4.71403e-08	3.16623e-08	5.7522e-09	-9.59962e-09	-8.83013e-10
2.64461e-06	7.48411e-07	7.64027e-07	5.69807e-07	5.21129e-07	4.23949e-07	3.29961e-07	2.14882e-07	1.98761e-07	1.34631e-07	9.7684e-08	7.5584e-08	4.2371e-08	2.63131e-08	2.43453e-09	-1.18699e-08	-1.34971e-09
2.62319e-06	7.45598e-07	7.60659e-07	5.67587e-07	5.19565e-07	4.23987e-07	3.35259e-07	2.2293e-07	2.05964e-07	1.41859e-07	1.06918e-07	8.44896e-08	5.30804e-08	3.86498e-08	1.33079e-08	-6.00434e-09	1.29926e-09
2.59766e-06	7.25629e-07	7.42167e-07	5.51113e-07	5.05525e-07	4.10957e-07	3.24625e-07	2.11918e-07	1.96781e-07	1.33697e-07	9.79616e-08	7.53318e-08	4.53605e-08	2.96054e-08	6.09264e-09	-1.01292e-08	-1.94258e-09
2.5877e-06	7.28297e-07	7.42236e-07	5.55554e-07	5.0767e-07	4.1349e-07	3.26778e-07	2.14547e-07	2.00406e-07	1.38078e-07	1.01988e-07	8.02407e-08	4.86919e-08	3.36554e-08	1.29677e-08	-9.70053e-09	-6.84966e-09
2.5921e-06	7.2648e-07	7.39246e-07	5.51467e-07	5.06534e-07	4.13717e-07	3.27207e-07	2.19328e-07	2.04632e-07	1.4079e-07	1.04612e-07	8.47819e-08	5.03822e-08	3.3668e-08	1.5377e-08	-2.76257e-09	1.38759e-09
2.59115e-06	7.21474e-07	7.34441e-07	5.46217e-07	5.01362e-07	4.09206e-07	3.25059e-07	2.16062e-07	2.03777e-07	1.3744e-07	1.01201e-07	7.9669e-08	4.81092e-08	3.31366e-08	1.01541e-08	-8.08547e-09	-3.46881e-09
2.59317e-06	7.06463e-07	7.22786e-07	5.38081e-07	4.94261e-07	4.01461e-07	3.16506e-07	2.08027e-07	1.92121e-07	1.30957e-07	9.51462e-08	7.58722e-08	4.21681e-08	2.62872e-08	-1.02172e-09	-1.02929e-08	-4.03643e-09
2.61299e-06	7.10031e-07	7.273e-07	5.44315e-07	4.99003e-07	4.05858e-07	3.23284e-07	2.1321e-07	1.99384e-07	1.36817e-07	1.01118e-07	8.02155e-08	4.78719e-08	3.03252e-08	4.23846e-09	-1.13278e-08	-3.64558e-09
2.63502e-06	7.18346e-07	7.37342e-07	5.51944e-07	5.07442e-07	4.1439e-07	3.32513e-07	2.24161e-07	2.11433e-07	1.47216e-07	1.12087e-07	9.01259e-08	5.88183e-08	3.98597e-08	1.54267e-08	-4.41484e-10	2.47231e-09
2.65278e-06	7.15142e-07	7.38452e-07	5.48614e-07	5.05638e-07	4.13255e-07	3.31252e-07	2.21915e-07	2.0915e-07	1.49335e-07	1.09892e-07	9.16143e-08	5.52234e-08	3.81947e-08	1.62466e-08	-2.90118e-10	6.5592e-10
2.67397e-06	7.12347e-07	7.32782e-07	5.43759e-07	5.02346e-07	4.08207e-07	3.27981e-07	2.19398e-07	2.05131e-07	1.42931e-07	1.07321e-07	8.88163e-08	5.56032e-08	4.08699e-08	1.55785e-08	-4.79338e-10	-3.15354e-10
2.69523e-06	7.08323e-07	7.24974e-07	5.3643e-07	4.95699e-07	4.03931e-07	3.20652e-07	2.12132e-07	1.95091e-07	1.33433e-07	1.00913e-07	7.69085e-08	4.68742e-08	3.03244e-08	5.58807e-09	-7.46758e-09	6.21878e-09
2.73048e-06	7.1572e-07	7.31488e-07	5.39458e-07	5.00467e-07	4.09958e-07	3.25933e-07	2.15733e-07	2.02992e-07	1.37359e-07	1.04246e-07	7.86639e-08	5.32331e-08	3.37816e-08	9.52393e-09	-2.6995e-09	1.93001e-09
2.7612e-06	7.22746e-07	7.37165e-07	5.45261e-07	5.06345e-07	4.14512e-07	3.29478e-07	2.18382e-07	2.07622e-07	1.42796e-07	1.06504e-07	8.32177e-08	5.04705e-08	3.13722e-08	9.35994e-09	-9.1455e-09	-6.29462e-09
2.78193e-06	7.31078e-07	7.46947e-07	5.56577e-07	5.15693e-07	4.2445e-07	3.41558e-07	2.32238e-07	2.17668e-07	1.53484e-07	1.17116e-07	9.42451e-08	6.27964e-08	4.47447e-08	1.78499e-08	1.26148e-09	4.70532e-09
2.78192e-06	7.3473e-07	7.50978e-07	5.58897e-07	5.15453e-07	4.22951e-07	3.40654e-07	2.31312e-07	2.1871e-07	1.55877e-07	1.20973e-07	9.19091e-08	6.29462e-08	4.38858e-08	1.77612e-08	-1.14792e-09	7.08934e-09
2.7894e-06	7.36887e-07	7.54875e-07	5.59629e-07	5.22605e-07	4.27833e-07	3.44287e-07	2.37316e-07	2.2209e-07	1.61503e-07	1.24227e-07	1.01938e-07	7.25459e-08	5.35106e-08	2.66292e-08	8.35078e-09	9.20857e-09
2.80265e-06	7.48783e-07	7.6498e-07	5.70102e-07	5.29557e-07	4.36357e-07	3.51533e-07	2.43005e-07	2.27312e-07	1.66255e-07	1.27614e-07	1.04554e-07	7.11366e-08	5.24032e-08	2.52555e-08	5.22266e-09	4.95774e-09
2.79358e-06	7.38287e-07	7.53778e-07	5.57938e-07	5.16941e-07	4.24389e-07	3.42811e-07	2.3357e-07	2.17802e-07	1.52711e-07	1.1652e-07	9.39905e-08	6.00197e-08	4.34695e-08	1.7471e-08	2.47244e-09	3.78434e-09
2.80271e-06	7.38665e-07	7.61473e-07	5.61007e-07	5.22329e-07	4.28939e-07	3.47357e-07	2.38224e-07	2.2084e-07	1.57651e-07	1.21698e-07	9.67579e-08	6.48795e-08	4.61335e-08	2.07897e-08	3.44393e-09	9.83979e-09
2.77568e-06	7.32269e-07	7.52416e-07	5.56645e-07	5.18886e-07	4.27649e-07	3.44183e-07	2.36495e-07	2.19829e-07	1.56587e-07	1.20468e-07	9.63843e-08	6.56019e-08	4.78642e-08	2.33265e-08	1.11397e-08	1.87092e-08
2.7638e-06	7.30725e-07	7.53873e-07	5.60702e-07	5.23123e-07	4.32031e-07	3.50212e-07	2.41914e-07	2.26234e-07	1.64118e-07	1.25202e-07	1.06015e-07	7.12105e-08	5.66404e-08	3.29751e-08	1.72318e-08	1.83545e-08
2.7318e-06	7.15782e-07	7.41277e-07	5.51217e-07	5.151e-07	4.2605e-07	3.44758e-07	2.37959e-07	2.23149e-07	1.58875e-07	1.23023e-07	9.97982e-08	6.60527e-08	4.76473e-08	2.28586e-08	5.70203e-09	7.64476e-09
2.7151e-06	7.09562e-07	7.3893e-07	5.48682e-07	5.16374e-07	4.28359e-07	3.45149e-07	2.38653e-07	2.2552e-07	1.61537e-07	1.22947e-07	9.93945e-08	6.71124e-08	4.4607e-08	1.56427e-08	-1.51381e-09	2.48518e-09
2.69297e-06	7.00555e-07	7.38855e-07	5.5316e-07	5.20373e-07	4.3092e-07	3.52655e-07	2.46701e-07	2.25205e-07	1.64564e-07	1.24587e-07	1.01981e-07	6.79828e-08	4.89971e-08	2.47761e-08	1.14293e-08	1.84559e-08
2.66892e-06	6.90942e-07	7.30617e-07	5.49249e-07	5.19516e-07	4.31525e-07	3.52176e-07	2.47799e-07	2.31563e-07	1.68942e-07	1.29835e-07	1.02901e-07	6.79576e-08	4.8114e-08	2.51167e-08	3.16639e-09	5.68942e-09
2.64483e-06	6.96775e-07	7.31569e-07	5.52859e-07	5.22342e-07	4.34904e-07	3.55087e-07	2.51451e-07	2.3336e-07	1.71078e-07	1.32172e-07	1.05616e-07	6.93723e-08	4.95913e-08	2.09038e-08	-9.08311e-10	2.29601e-09
2.62821e-06	6.83954e-07	7.2407e-07	5.48593e-07	5.17321e-07	4.29229e-07	3.50675e-07	2.4544e-07	2.3343e-07	1.61953e-07	1.29532e-07	9.78807e-08	6.87902e-08	4.83033e-08	1.99445e-08	-1.51381e-10	1.51381e-09
2.61337e-06	6.83752e-07	7.23237e-07	5.44304e-07	5.12085e-07	4.29582e-07	3.49199e-07	2.45213e-07	2.27955e-07	1.63479e-07	1.25281e-07	1.00328e-07	6.22934e-08	4.23615e-08	1.50877e-08	-1.85442e-09	4.16299e-09
2.6207e-06	6.9696e-07	7.36445e-07	5.60944e-07	5.2928e-07	4.44115e-07	3.66696e-07	2.59291e-07	2.42147e-07	1.7723e-07	1.37454e-07	1.10445e-07	7.28901e-08	5.34376e-08	2.55582e-08	4.80636e-09	2.19503e-09
2.60199e-06	6.74959e-07	7.24688e-07	5.40987e-07	5.12514e-07	4.26555e-07	3.47029e-07	2.40305e-07	2.22404e-07	1.56112e-07	1.18872e-07	9.0791e-08	5.67806e-08	3.64324e-08	1.21105e-08	-1.39145e-08	-6.15618e-09
2.59352e-06	6.81595e-07	7.28258e-07	5.4684e-07	5.16273e-07	4.32143e-07	3.54838e-07	2.45452e-07	2.27022e-07	1.63504e-07	1.22531e-07	9.7313e-08	6.32143e-08	4.39637e-08	1.80522e-08	2.69963e-09	1.35486e-08
2.58787e-06	6.90897e-07	7.35101e-07	5.57564e-07	5.29545e-07	4.44e-07	3.66567e-07	2.57796e-07	2.39554e-07	1.74358e-07	1.31516e-07	1.05907e-07	6.87541e-08	4.76485e-08	1.74598e-08	-8.95696e-10	8.27572e-09
2.58505e-06	7.01577e-07	7.44821e-07	5.70607e-07	5.41201e-07	4.56982e-07	3.77305e-07	2.69143e-07	2.49615e-07	1.82351e-07	1.43118e-07	1.13675e-07	7.73433e-08	5.53551e-08	2.44229e-08	3.82238e-09	8.88104e-09
2.5707e-06	7.02238e-07	7.47666e-07	5.76866e-07	5.44255e-07	4.59479e-07	3.8091e-07	2.72922e-07	2.54214e-07	1.85851e-07	1.44081e-07	1.17185e-07	8.13695e-08	5.81193e-08	2.96463e-08	1.08367e-08	1.82798e-08
2.54839e-06	6.98769e-07	7.33802e-07	5.59936e-07	5.41959e-07	4.51254e-07	3.68118e-07	2.60193e-07	2.38898e-07	1.71179e-07	1.30204e-07	1.01592e-07	6.68113e-08	4.59832e-08	1.96927e-08	2.01847e-10	4.52894e-09
2.51689e-06	6.9127e-07	7.37252e-07	5.66267e-07	5.3478e-07	4.49868e-07	3.7067e-07	2.60275e-07	2.4298e-07	1.73193e-07	1.31475e-07	9.99243e-08	6.71376e-08	4.38501e-08	1.15554e-08	-7.46815e-09	-2.18241e-09
2.49227e-06	6.86491e-07	7.2854e-07	5.59737e-07	5.28563e-07	4.40906e-07	3.63822e-07	2.5328e-07	2.34255e-07	1.64741e-07	1.24331e-07	9.60966e-08	6.05319e-08	3.8315e-08	1.40165e-08	-4.66795e-10	3.09094e-09
2.50551e-06	6.86524e-07	7.34994e-07	5.63255e-07	5.32322e-07	4.45929e-07	3.6568e-07	2.54233e-07	2.34186e-07	1.65064e-07	1.23773e-07	9.53877e-08	5.91552e-08	3.38859e-08	6.8125e-09	-1.17705e-08	-7.45591e-09
2.53207e-06	7.01176e-07	7.4156e-07	5.70095e-07	5.4514e-07	4.47139e-07	3.65122e-07	2.53293e-07	2.32577e-07	1.63857e-07	1.22426e-07	9.55289e-08	6.08473e-08	4.05859e-08	1.46851e-08	-5.52584e-09	-6.68652e-09
2.57057e-06	7.22724e-07	7.68659e-07	5.97585e-07	5.58639e-07	4.69785e-07	3.84765e-07	2.70236e-07	2.48549e-07	1.80839e-07	1.38852e-07	1.11526e-07	7.42834e-08	5.20413e-08	2.37308e-08	1.39029e-08	1.13166e-08
2.61148e-06	7.45641e-07	7.88095e-07	6.09901e-07	5.73036e-07	4.83826e-07	3.92912e-07	2.75126e-07	2.52252e-07	1.82231e-07	1.41707e-07	1.13838e-07	7.47521e-08	5.14118e-08	2.3845e-08	-5.17272e-10	1.27426e-09
2.66302e-06	7.74866e-07	8.02937e-07	6.28318e-07	5.91315e-07	4.96997e-07	4.07171e-07	2.87886e-07	2.65101e-07	1.9237e-07	1.50686e-07	1.19966e-07	8.38464e-08	5.96362e-08	2.79446e-08	6.81268e-09	7.32994e-09
2.70423e-06	7.81978e-07	8.28219e-07	6.40364e-07	6.01264e-07	5.09122e-07	4.1862e-07	2.96273e-07	2.73335e-07	1.99917e-07	1.53562e-07	1.24934e-07	8.16195e-08	6.16089e-08	3.04449e-08	5.37485e-09	1.51404e-09
2.71016e-06	7.75069e-07	8.15355e-07	6.30785e-07	5.92203e-07	4.98448e-07	4.06611e-07	2.83005e-07	2.57923e-07	1.84368e-07	1.36992e-07	1.07116e-07	6.97325e-08	4.52183e-08	1.68433e-08	-1.3626e-09	3.28034e-09
2.73603e-06	7.80943e-07	8.24131e-07	6.39229e-07	6.02589e-07	5.08933e-07	4.14217e-07	2.91302e-07	2.64793e-07	1.90908e-07	1.43456e-07	1.13187e-07	7.44278e-08	5.00013e-08	1.94554e-08	-5.55149e-10	2.04396e-09
2.75233e-06	7.83203e-07	8.32564e-07	6.48661e-07	6.08272e-07	5.15873e-07	4.23348e-07	2.97159e-07	2.73563e-07	1.95384e-07	1.47349e-07	1.18783e-07	7.83809e-08	5.40414e-08	2.23459e-08	1.48888e-09	-2.95253e-09
2.75491e-06	7.82151e-07	8.32332e-07	6.48589e-07	6.11593e-07	5.17047e-07	4.23131e-07	2.97431e-07	2.70958e-07	1.93307e-07	1.46331e-07	1.14786e-07	7.60738e-08	5.01943e-08	1.82456e-08	-7.57079e-11	-1.2618e-10
2.75322e-06	7.91546e-07	8.43811e-07	6.61767e-07	6.23987e-07	5.30536e-07	4.35432e-07	3.08353e-07	2.81186e-07	2.02675e-07	1.51571e-07	1.1812e-07	7.65552e-08	5.08391e-08	1.72618e-08	-4.83281e-09	2.09464e-09
2.73049e-06	7.87452e-07	8.40072e-07	6.60004e-07	6.22716e-07	5.30058e-07	4.362e-07	3.08348e-07	2.79338e-07	2.021e-07	1.52559e-07	1.2018e-07	7.81723e-08	5.21527e-08	1.78049e-08	-6.53644e-09	-4.44175e-09
2.71095e-06	7.80184e-07	8.36059e-07	6.60635e-07	6.23435e-07	5.27748e-07	4.32844e-07	3.02809e-07	2.75111e-07	1.97671e-07	1.49278e-07	1.16432e-07	7.50681e-08	4.8241e-08	1.39688e-08	-6.97809e-09	-3.10418e-09
2.69064e-06	7.80114e-07	8.38587e-07	6.61918e-07	6.24606e-07	5.30284e-07	4.31861e-07	3.03028e-07	2.73312e-07	1.93931e-07	1.47054e-07	1.13249e-07	7.11672e-08	4.36341e-08	8.46688e-09	-1.01199e-08	-5.38801e-09
2.68309e-06	7.86675e-07	8.42057e-07	6.66233e-07	6.28353e-07	5.33552e-07	4.37968e-07	3.06877e-07	2.8058e-07	2.01527e-07	1.50486e-07	1.17893e-07	7.61388e-08	4.90599e-08	1.64543e-08	-4.39117e-09	-9.46372e-10
2.67475e-06	7.84876e-07	8.42364e-07	6.6633e-07	6.28602e-07	5.3475e-07	4.39017e-07	3.07828e-07	2.80965e-07	2.01963e-07	1.51441e-07	1.18483e-07	7.6629e-08	4.82385e-08	1.58356e-08	-5.43835e-09	-1.05991e-09
2.66127e-06	7.7885e-07	8.38305e-07	6.62654e-07	6.26177e-07	5.31935e-07	4.37681e-07	3.056e-07	2.78018e-07	2.00015e-07	1.49078e-07	1.14455e-07	7.1845e-08	4.91963e-08	1.41192e-08	-4.46665e-09	1.91788e-09
2.64882e-06	7.72637e-07	8.33493e-07	6.59403e-07	6.26584e-07	5.31633e-07	4.36178e-07	3.05494e-07	2.79312e-07	1.992e-07	1.49271e-07	1.17032e-07	7.51779e-08	4.8453e-08	1.35517e-08	-1.41574e-08	-4.59294e-09
2.63901e-06	7.61816e-07	8.34242e-07	6.60812e-07	6.27375e-07	5.31658e-07	4.37833e-07	3.06786e-07	2.80617e-07	1.99927e-07	1.48977e-07	1.17584e-07	7.5277e-08	4.79345e-08	1.35766e-08	-8.25195e-09	-4.8578e-09
2.6349e-06	7.6781e-07	8.39276e-07	6.66566e-07	6.31918e-07	5.39216e-07	4.44318e-07	3.1399e-07	2.86875e-07	2.07068e-07	1.57746e-07	1.27855e-07	8.51692e-08	5.85838e-08	2.11724e-08	2.52353e-11	1.9305e-09
2.61577e-06	7.65905e-07	8.34759e-07	6.59576e-07	6.28082e-07	5.35973e-07	4.42135e-07	3.1047e-07	2.83178e-07	2.04911e-07	1.55336e-07	1.23047e-07	8.02862e-08	5.44326e-08	1.75259e-08	3.02824e-09	1.8548e-09
2.61104e-06	7.51798e-07	8.20375e-07	6.46882e-07	6.13395e-07	5.18863e-07	4.26527e-07	2.98887e-07	2.74346e-07	1.96583e-07	1.48951e-07	1.15628e-07	7.37124e-08	4.93981e-08	1.54819e-08	-3.68436e-09	-2.97777e-09
2.62384e-06	7.59974e-07	8.23542e-07	6.51904e-07	6.18417e-07	5.24226e-07	4.31284e-07	3.05108e-07	2.79898e-07	2.02841e-07	1.53771e-07	1.20625e-07	7.9895e-08	5.65019e-08	2.17528e-08	1.17344e-09	7.68415e-09
2.62215e-06	7.48618e-07	8.18684e-07	6.39879e-07	6.10682e-07	5.18712e-07	4.24622e-07	2.98546e-07	2.73791e-07	1.98514e-07	1.474e-07	1.1506e-07	7.36871e-08	4.73793e-08	1.35135e-08	-1.08386e-08	-7.72201e-09
2.60412e-06	7.45521e-07	8.11939e-07	6.38955e-07	6.06528e-07	5.14245e-07	4.23905e-07	2.97769e-07	2.76408e-07	1.99707e-07	1.51433e-07	1.19234e-07	7.91864e-08	5.2261e-08	1.93676e-08	-3.26789e-09	1.07247e-09
