3.56552e-06	2.20568e-06	1.87546e-06	1.56278e-06	1.37717e-06	1.20143e-06	9.61336e-07	7.12935e-07	5.4827e-07	4.33302e-07	3.27941e-07	2.4509e-07	1.85975e-07	1.33282e-07	9.0662e-08	6.02012e-08	4.09009e-08
3.58976e-06	2.23541e-06	1.90752e-06	1.5984e-06	1.4115e-06	1.23574e-06	9.94856e-07	7.39541e-07	5.71362e-07	4.50934e-07	3.41401e-07	2.5486e-07	1.90968e-07	1.35721e-07	9.01565e-08	5.72057e-08	3.5011e-08
3.70042e-06	2.30358e-06	1.96686e-06	1.6492e-06	1.45685e-06	1.27882e-06	1.03439e-06	7.73875e-07	5.99153e-07	4.75253e-07	3.60351e-07	2.70197e-07	2.02363e-07	1.4545e-07	9.61577e-08	6.31699e-08	3.71967e-08
3.86306e-06	2.39438e-06	2.03684e-06	1.70662e-06	1.50776e-06	1.3242e-06	1.07328e-06	8.0685e-07	6.26428e-07	4.98129e-07	3.80953e-07	2.86489e-07	2.15672e-07	1.52503e-07	9.92669e-08	6.29297e-08	3.42391e-08
4.18287e-06	2.56869e-06	2.16536e-06	1.80158e-06	1.58152e-06	1.38932e-06	1.12167e-06	8.40209e-07	6.55267e-07	5.23559e-07	4.0095e-07	3.04922e-07	2.27838e-07	1.64177e-07	1.05559e-07	6.97151e-08	4.36288e-08
5.09401e-06	3.07388e-06	2.53451e-06	2.08382e-06	1.81137e-06	1.57644e-06	1.26042e-06	9.33896e-07	7.22743e-07	5.71817e-07	4.35729e-07	3.28484e-07	2.44622e-07	1.72059e-07	1.09229e-07	6.60027e-08	3.51753e-08
7.03711e-06	4.01711e-06	3.20444e-06	2.58302e-06	2.22742e-06	1.91576e-06	1.51365e-06	1.10778e-06	8.49566e-07	6.70871e-07	5.09227e-07	3.832e-07	2.8527e-07	2.00751e-07	1.29756e-07	7.97417e-08	4.73976e-08
1.14131e-05	5.51749e-06	4.09465e-06	3.13854e-06	2.6604e-06	2.24981e-06	1.75622e-06	1.26999e-06	9.68516e-07	7.61944e-07	5.78046e-07	4.34985e-07	3.22156e-07	2.25885e-07	1.43845e-07	8.65015e-08	4.50455e-08
1.94967e-05	8.62818e-06	5.92941e-06	4.23555e-06	3.44542e-06	2.7981e-06	2.08964e-06	1.43813e-06	1.06693e-06	8.23163e-07	6.1402e-07	4.5484e-07	3.28939e-07	2.26699e-07	1.38098e-07	7.50145e-08	3.40757e-08
2.31019e-05	1.12509e-05	8.00306e-06	5.81081e-06	4.66813e-06	3.74848e-06	2.70905e-06	1.7819e-06	1.27762e-06	9.55762e-07	6.98324e-07	5.04967e-07	3.59931e-07	2.50499e-07	1.56513e-07	9.78918e-08	5.12399e-08
2.12512e-05	1.179e-05	8.74538e-06	6.61077e-06	5.36793e-06	4.37596e-06	3.18112e-06	2.10104e-06	1.50025e-06	1.1238e-06	8.12723e-07	5.77302e-07	4.11626e-07	2.76056e-07	1.67497e-07	9.11423e-08	4.53121e-08
1.88485e-05	1.14538e-05	8.71532e-06	6.77644e-06	5.57923e-06	4.62955e-06	3.42966e-06	2.31814e-06	1.6813e-06	1.27099e-06	9.27383e-07	6.61387e-07	4.75352e-07	3.18882e-07	1.96577e-07	1.06037e-07	5.05979e-08
1.61493e-05	1.03967e-05	8.11417e-06	6.46489e-06	5.40994e-06	4.55794e-06	3.45063e-06	2.38769e-06	1.75358e-06	1.34413e-06	9.88561e-07	7.13213e-07	5.14965e-07	3.51551e-07	2.17902e-07	1.24611e-07	6.04919e-08
1.31928e-05	8.81336e-06	7.04141e-06	5.71773e-06	4.84942e-06	4.13983e-06	3.18929e-06	2.252e-06	1.67283e-06	1.28679e-06	9.48316e-07	6.82795e-07	4.90887e-07	3.30717e-07	2.00579e-07	1.13795e-07	5.73083e-08
1.08997e-05	7.37129e-06	5.95041e-06	4.86811e-06	4.15443e-06	3.56669e-06	2.76968e-06	1.9744e-06	1.47633e-06	1.13933e-06	8.42838e-07	6.08474e-07	4.39494e-07	2.9664e-07	1.80722e-07	1.02508e-07	5.37439e-08
9.38796e-06	6.324e-06	5.11573e-06	4.18258e-06	3.57092e-06	3.06397e-06	2.37757e-06	1.69615e-06	1.27275e-06	9.87019e-07	7.34864e-07	5.3816e-07	3.93394e-07	2.72442e-07	1.73016e-07	9.99317e-08	5.81313e-08
8.59349e-06	5.70549e-06	4.59748e-06	3.73956e-06	3.18035e-06	2.71566e-06	2.09235e-06	1.4807e-06	1.10421e-06	8.54586e-07	6.36755e-07	4.67439e-07	3.45396e-07	2.39875e-07	1.55425e-07	1.002e-07	5.9005e-08
8.27977e-06	5.34924e-06	4.27995e-06	3.45917e-06	2.93436e-06	2.49616e-06	1.91429e-06	1.34608e-06	9.99848e-07	7.72114e-07	5.75157e-07	4.25993e-07	3.16682e-07	2.22995e-07	1.47837e-07	9.54193e-08	5.29489e-08
7.76495e-06	4.80941e-06	3.83563e-06	3.08813e-06	2.6322e-06	2.24102e-06	1.72456e-06	1.21734e-06	9.07058e-07	6.99863e-07	5.2193e-07	3.8423e-07	2.83869e-07	2.00445e-07	1.3028e-07	8.00617e-08	4.2483e-08
7.62658e-06	4.47432e-06	3.54905e-06	2.84923e-06	2.43678e-06	2.08064e-06	1.61925e-06	1.16132e-06	8.76577e-07	6.81274e-07	5.10996e-07	3.78346e-07	2.80606e-07	1.99032e-07	1.30312e-07	8.49238e-08	5.37172e-08
8.02566e-06	4.49731e-06	3.55169e-06	2.82517e-06	2.41418e-06	2.05443e-06	1.60118e-06	1.14806e-06	8.6941e-07	6.79908e-07	5.08772e-07	3.76703e-07	2.78255e-07	1.94153e-07	1.24485e-07	7.50525e-08	4.23418e-08
8.06483e-06	4.51821e-06	3.622e-06	2.88081e-06	2.45895e-06	2.08544e-06	1.62193e-06	1.15832e-06	8.79714e-07	6.87108e-07	5.20513e-07	3.89156e-07	2.89295e-07	2.07899e-07	1.38764e-07	8.81825e-08	4.98231e-08
8.10495e-06	4.58126e-06	3.66572e-06	2.90722e-06	2.46716e-06	2.08342e-06	1.60619e-06	1.13507e-06	8.52869e-07	6.62487e-07	4.99052e-07	3.73306e-07	2.76593e-07	1.93365e-07	1.23155e-07	7.40647e-08	4.04702e-08
8.18185e-06	4.54256e-06	3.55008e-06	2.78697e-06	2.35013e-06	1.9762e-06	1.51116e-06	1.06414e-06	7.95513e-07	6.18263e-07	4.63941e-07	3.44982e-07	2.5709e-07	1.81876e-07	1.15192e-07	7.01719e-08	4.02174e-08
7.22269e-06	4.01869e-06	3.12741e-06	2.46441e-06	2.08685e-06	1.76381e-06	1.35534e-06	9.57686e-07	7.16767e-07	5.56862e-07	4.16812e-07	3.10723e-07	2.31453e-07	1.65137e-07	1.05028e-07	6.54559e-08	3.87503e-08
6.13559e-06	3.60017e-06	2.85562e-06	2.27832e-06	1.93806e-06	1.64589e-06	1.26797e-06	8.96211e-07	6.7559e-07	5.228e-07	3.88691e-07	2.86444e-07	2.12836e-07	1.52372e-07	1.02879e-07	6.84513e-08	4.69275e-08
5.13583e-06	3.10926e-06	2.53219e-06	2.04948e-06	1.75913e-06	1.50344e-06	1.17008e-06	8.34938e-07	6.26147e-07	4.87311e-07	3.6172e-07	2.6329e-07	1.94308e-07	1.35196e-07	8.71565e-08	6.03246e-08	3.80172e-08
4.18621e-06	2.50875e-06	2.08636e-06	1.71054e-06	1.48899e-06	1.28552e-06	1.01476e-06	7.37304e-07	5.61424e-07	4.38146e-07	3.27621e-07	2.37203e-07	1.77321e-07	1.25692e-07	7.88403e-08	5.0618e-08	2.91701e-08
3.691e-06	2.12867e-06	1.7948e-06	1.47753e-06	1.29854e-06	1.12703e-06	8.99917e-07	6.63402e-07	5.08872e-07	3.99146e-07	2.99821e-07	2.21993e-07	1.62138e-07	1.11597e-07	7.15459e-08	4.78237e-08	2.41899e-08
3.63528e-06	2.00666e-06	1.70198e-06	1.40146e-06	1.23937e-06	1.07837e-06	8.67679e-07	6.48459e-07	5.02995e-07	4.00222e-07	3.06916e-07	2.34879e-07	1.78045e-07	1.29098e-07	8.79736e-08	6.20024e-08	3.83945e-08
3.83036e-06	2.03253e-06	1.72746e-06	1.42207e-06	1.25421e-06	1.09203e-06	8.80317e-07	6.59e-07	5.16884e-07	4.15552e-07	3.23155e-07	2.45798e-07	1.88206e-07	1.37856e-07	9.34459e-08	6.26848e-08	3.87736e-08
4.11701e-06	2.1262e-06	1.80061e-06	1.47108e-06	1.29042e-06	1.11825e-06	8.99467e-07	6.71418e-07	5.24353e-07	4.18929e-07	3.22528e-07	2.46841e-07	1.87683e-07	1.33745e-07	8.65433e-08	5.33439e-08	3.07982e-08
4.48008e-06	2.27348e-06	1.89293e-06	1.53004e-06	1.34054e-06	1.15474e-06	9.23845e-07	6.86015e-07	5.36624e-07	4.29064e-07	3.31109e-07	2.53374e-07	1.93219e-07	1.40279e-07	9.26474e-08	5.90309e-08	3.32626e-08
4.98103e-06	2.44973e-06	1.97546e-06	1.5666e-06	1.35731e-06	1.1613e-06	9.18107e-07	6.75374e-07	5.22205e-07	4.13141e-07	3.16904e-07	2.43049e-07	1.86015e-07	1.30649e-07	8.43949e-08	5.11071e-08	2.37842e-08
5.64096e-06	2.63152e-06	2.03377e-06	1.58336e-06	1.37077e-06	1.16572e-06	9.2042e-07	6.75854e-07	5.21813e-07	4.16186e-07	3.21087e-07	2.48168e-07	1.90906e-07	1.38939e-07	9.2938e-08	5.88035e-08	2.97493e-08
6.43012e-06	2.81724e-06	2.10398e-06	1.61067e-06	1.38917e-06	1.17743e-06	9.27929e-07	6.77493e-07	5.20296e-07	4.12006e-07	3.14508e-07	2.42715e-07	1.85859e-07	1.33123e-07	8.69455e-08	5.2597e-08	2.40617e-08
7.45836e-06	3.29114e-06	2.4299e-06	1.83428e-06	1.55591e-06	1.30245e-06	1.00858e-06	7.17837e-07	5.43878e-07	4.26271e-07	3.20746e-07	2.45476e-07	1.84056e-07	1.27856e-07	8.17536e-08	4.46113e-08	1.83753e-08
8.81772e-06	4.21051e-06	3.09679e-06	2.3194e-06	1.92325e-06	1.58476e-06	1.18933e-06	8.18425e-07	6.06205e-07	4.68659e-07	3.49551e-07	2.60306e-07	1.92367e-07	1.37167e-07	8.44812e-08	4.71882e-08	2.03463e-08
1.0124e-05	5.24973e-06	3.86849e-06	2.90545e-06	2.37987e-06	1.95104e-06	1.44168e-06	9.79881e-07	7.19398e-07	5.54404e-07	4.15203e-07	3.12979e-07	2.34247e-07	1.67939e-07	1.0963e-07	6.89877e-08	3.6181e-08
1.14096e-05	6.18465e-06	4.55146e-06	3.43025e-06	2.79601e-06	2.28819e-06	1.68101e-06	1.13117e-06	8.23741e-07	6.32229e-07	4.6857e-07	3.46085e-07	2.56963e-07	1.80834e-07	1.17316e-07	7.17319e-08	3.95814e-08
1.33763e-05	7.41038e-06	5.41457e-06	4.07431e-06	3.3078e-06	2.70569e-06	1.9835e-06	1.32841e-06	9.60849e-07	7.26804e-07	5.31303e-07	3.83407e-07	2.7705e-07	1.84216e-07	1.10982e-07	5.83597e-08	3.07848e-08
1.66783e-05	9.68408e-06	7.06709e-06	5.32985e-06	4.30646e-06	3.52043e-06	2.56982e-06	1.70915e-06	1.22445e-06	9.16277e-07	6.60634e-07	4.66233e-07	3.28485e-07	2.15708e-07	1.24188e-07	6.42361e-08	2.66903e-08
1.9226e-05	1.21114e-05	9.2274e-06	7.18979e-06	5.89903e-06	4.8839e-06	3.58894e-06	2.37906e-06	1.67891e-06	1.22943e-06	8.57715e-07	5.7705e-07	3.87906e-07	2.4763e-07	1.33236e-07	6.39454e-08	2.24567e-08
2.0486e-05	1.3807e-05	1.1037e-05	8.93775e-06	7.51738e-06	6.34636e-06	4.74871e-06	3.16862e-06	2.20792e-06	1.58301e-06	1.06646e-06	6.83857e-07	4.39923e-07	2.64318e-07	1.41371e-07	7.28656e-08	2.95582e-08
2.12944e-05	1.46217e-05	1.18148e-05	9.67659e-06	8.20187e-06	6.97155e-06	5.25115e-06	3.51238e-06	2.43709e-06	1.73597e-06	1.15774e-06	7.31449e-07	4.70366e-07	2.73707e-07	1.4237e-07	6.85184e-08	3.08977e-08
1.79416e-05	1.18956e-05	9.56826e-06	7.82856e-06	6.67109e-06	5.70395e-06	4.36192e-06	2.99813e-06	2.14448e-06	1.5797e-06	1.10135e-06	7.41931e-07	5.03728e-07	3.1942e-07	1.81439e-07	9.94516e-08	5.01302e-08
1.518e-05	9.80986e-06	7.87847e-06	6.45229e-06	5.53878e-06	4.77587e-06	3.73598e-06	2.67936e-06	2.00485e-06	1.54194e-06	1.13265e-06	8.04658e-07	5.73593e-07	3.74826e-07	2.13298e-07	1.0622e-07	5.35015e-08
1.64437e-05	1.06471e-05	8.45628e-06	6.89047e-06	5.89517e-06	5.08022e-06	3.985e-06	2.88791e-06	2.19278e-06	1.71346e-06	1.28164e-06	9.27631e-07	6.71704e-07	4.48292e-07	2.64987e-07	1.36891e-07	6.46735e-08
1.98614e-05	1.33716e-05	1.05909e-05	8.61542e-06	7.32074e-06	6.28089e-06	4.88727e-06	3.50579e-06	2.64219e-06	2.05388e-06	1.53096e-06	1.10416e-06	7.97544e-07	5.31451e-07	3.09737e-07	1.59784e-07	6.9562e-08
2.30259e-05	1.67286e-05	1.36921e-05	1.14085e-05	9.81103e-06	8.50332e-06	6.6703e-06	4.80482e-06	3.61305e-06	2.7972e-06	2.06955e-06	1.47608e-06	1.05571e-06	6.92378e-07	3.98504e-07	1.9953e-07	8.09366e-08
2.34359e-05	1.78205e-05	1.501e-05	1.2825e-05	1.12447e-05	9.9214e-06	7.99132e-06	5.94905e-06	4.58128e-06	3.61053e-06	2.71627e-06	1.96584e-06	1.42111e-06	9.38321e-07	5.41612e-07	2.6965e-07	1.05237e-07
2.28544e-05	1.78072e-05	1.52496e-05	1.32148e-05	1.17224e-05	1.04579e-05	8.58409e-06	6.56059e-06	5.17107e-06	4.16513e-06	3.21212e-06	2.39224e-06	1.77693e-06	1.21144e-06	7.27754e-07	3.79451e-07	1.61402e-07
2.28291e-05	1.7959e-05	1.54783e-05	1.34963e-05	1.20316e-05	1.07839e-05	8.92303e-06	6.8991e-06	5.49898e-06	4.4788e-06	3.50596e-06	2.66061e-06	2.01825e-06	1.41395e-06	8.80411e-07	4.81046e-07	2.14056e-07
2.35815e-05	1.85356e-05	1.59842e-05	1.39554e-05	1.24614e-05	1.11877e-05	9.28635e-06	7.2116e-06	5.77301e-06	4.72151e-06	3.71692e-06	2.84081e-06	2.17434e-06	1.54479e-06	9.8207e-07	5.51162e-07	2.53146e-07
2.58059e-05	2.02861e-05	1.74677e-05	1.52355e-05	1.35926e-05	1.21978e-05	1.01058e-05	7.82776e-06	6.25253e-06	5.09928e-06	4.00575e-06	3.05254e-06	2.33433e-06	1.66179e-06	1.06663e-06	6.13533e-07	2.95236e-07
3.00577e-05	2.36495e-05	2.02994e-05	1.76598e-05	1.57099e-05	1.40605e-05	1.15934e-05	8.91705e-06	7.07161e-06	5.7316e-06	4.4625e-06	3.36684e-06	2.54764e-06	1.79309e-06	1.13898e-06	6.44314e-07	3.12547e-07
3.43597e-05	2.68428e-05	2.28914e-05	1.98143e-05	1.7551e-05	1.56489e-05	1.28331e-05	9.80039e-06	7.7337e-06	6.24113e-06	4.83592e-06	3.62523e-06	2.72408e-06	1.89716e-06	1.18451e-06	6.5906e-07	3.14165e-07
3.6426e-05	2.78994e-05	2.34581e-05	2.00646e-05	1.76079e-05	1.55713e-05	1.26186e-05	9.51145e-06	7.4431e-06	5.97469e-06	4.61112e-06	3.44795e-06	2.58868e-06	1.80216e-06	1.12478e-06	6.25136e-07	2.98062e-07
3.37559e-05	2.51953e-05	2.09223e-05	1.77063e-05	1.543e-05	1.35685e-05	1.08951e-05	8.13923e-06	6.32858e-06	5.05767e-06	3.89306e-06	2.90678e-06	2.18351e-06	1.52256e-06	9.52867e-07	5.34762e-07	2.50739e-07
2.82464e-05	2.06292e-05	1.71073e-05	1.44593e-05	1.26202e-05	1.1105e-05	8.93469e-06	6.69031e-06	5.21181e-06	4.17352e-06	3.2174e-06	2.41109e-06	1.81655e-06	1.27597e-06	8.08201e-07	4.61751e-07	2.24236e-07
2.24778e-05	1.59566e-05	1.32311e-05	1.1196e-05	9.80735e-06	8.6479e-06	7.01131e-06	5.29885e-06	4.16197e-06	3.35504e-06	2.6047e-06	1.9675e-06	1.49074e-06	1.05383e-06	6.73541e-07	3.86113e-07	1.89449e-07
1.83886e-05	1.26667e-05	1.0512e-05	8.89238e-06	7.81599e-06	6.90768e-06	5.63401e-06	4.29539e-06	3.40092e-06	2.76013e-06	2.15908e-06	1.64413e-06	1.25509e-06	8.95736e-07	5.78675e-07	3.41577e-07	1.76772e-07
1.62841e-05	1.10057e-05	9.11589e-06	7.69465e-06	6.76546e-06	5.97824e-06	4.88202e-06	3.73084e-06	2.96208e-06	2.41103e-06	1.8932e-06	1.44831e-06	1.11011e-06	7.96937e-07	5.20635e-07	3.0932e-07	1.56448e-07
1.52524e-05	1.02681e-05	8.48294e-06	7.14188e-06	6.27071e-06	5.53556e-06	4.50944e-06	3.43792e-06	2.72526e-06	2.21554e-06	1.73686e-06	1.32883e-06	1.01767e-06	7.30274e-07	4.78126e-07	2.85483e-07	1.4417e-07
1.50713e-05	1.01737e-05	8.38913e-06	7.04827e-06	6.17336e-06	5.43591e-06	4.41004e-06	3.34129e-06	2.63743e-06	2.13501e-06	1.66695e-06	1.26889e-06	9.66438e-07	6.89219e-07	4.43186e-07	2.60893e-07	1.31028e-07
1.57038e-05	1.06255e-05	8.74041e-06	7.32292e-06	6.39223e-06	5.61176e-06	4.53042e-06	3.41334e-06	2.67803e-06	2.15817e-06	1.67556e-06	1.26993e-06	9.63164e-07	6.83271e-07	4.38269e-07	2.56413e-07	1.293e-07
1.66299e-05	1.12312e-05	9.2152e-06	7.70398e-06	6.71241e-06	5.88313e-06	4.73376e-06	3.54809e-06	2.77469e-06	2.22768e-06	1.7253e-06	1.30182e-06	9.86454e-07	6.99239e-07	4.5068e-07	2.6529e-07	1.3473e-07
1.72493e-05	1.15689e-05	9.45448e-06	7.88228e-06	6.85489e-06	5.99766e-06	4.8121e-06	3.59373e-06	2.80241e-06	2.24435e-06	1.73225e-06	1.30226e-06	9.80944e-07	6.91005e-07	4.41492e-07	2.56906e-07	1.31776e-07
1.68717e-05	1.12039e-05	9.13554e-06	7.60424e-06	6.60962e-06	5.77856e-06	4.63799e-06	3.4654e-06	2.70287e-06	2.16784e-06	1.67429e-06	1.26405e-06	9.53018e-07	6.77517e-07	4.3707e-07	2.59616e-07	1.37775e-07
1.55102e-05	1.02073e-05	8.31469e-06	6.9139e-06	6.01118e-06	5.25591e-06	4.22456e-06	3.1639e-06	2.47428e-06	1.98774e-06	1.5408e-06	1.16489e-06	8.83871e-07	6.26845e-07	4.04911e-07	2.37629e-07	1.2174e-07
1.38525e-05	9.08147e-06	7.39577e-06	6.14821e-06	5.35177e-06	4.68469e-06	3.77535e-06	2.84251e-06	2.2373e-06	1.80927e-06	1.41286e-06	1.07907e-06	8.26918e-07	5.95102e-07	3.91529e-07	2.3447e-07	1.20691e-07
1.25898e-05	8.23484e-06	6.70482e-06	5.57778e-06	4.86238e-06	4.26563e-06	3.4541e-06	2.62016e-06	2.07711e-06	1.68932e-06	1.32938e-06	1.02444e-06	7.90866e-07	5.72976e-07	3.75126e-07	2.22137e-07	1.18543e-07
1.22936e-05	8.05452e-06	6.55869e-06	5.46548e-06	4.77368e-06	4.20027e-06	3.41208e-06	2.60313e-06	2.06961e-06	1.68995e-06	1.33471e-06	1.02959e-06	7.95615e-07	5.76775e-07	3.75613e-07	2.18625e-07	1.12067e-07
1.31631e-05	8.74512e-06	7.13327e-06	5.9569e-06	5.20407e-06	4.57872e-06	3.72291e-06	2.84224e-06	2.25995e-06	1.84725e-06	1.45809e-06	1.12567e-06	8.70543e-07	6.31151e-07	4.15818e-07	2.46771e-07	1.24201e-07
1.56212e-05	1.06752e-05	8.73954e-06	7.28332e-06	6.32e-06	5.54419e-06	4.49046e-06	3.38015e-06	2.66675e-06	2.15358e-06	1.68238e-06	1.28081e-06	9.78721e-07	6.99297e-07	4.51705e-07	2.68177e-07	1.4131e-07
1.9792e-05	1.39204e-05	1.13544e-05	9.46664e-06	8.19139e-06	7.14583e-06	5.69479e-06	4.21512e-06	3.26086e-06	2.59524e-06	1.9884e-06	1.48485e-06	1.11284e-06	7.78728e-07	4.91344e-07	2.74748e-07	1.34512e-07
2.36515e-05	1.71251e-05	1.40598e-05	1.1773e-05	1.01843e-05	8.8809e-06	7.0509e-06	5.17454e-06	3.96328e-06	3.1233e-06	2.36409e-06	1.73702e-06	1.28306e-06	8.79906e-07	5.42078e-07	2.97834e-07	1.35952e-07
2.49404e-05	1.8487e-05	1.53443e-05	1.29614e-05	1.12731e-05	9.87567e-06	7.88372e-06	5.8169e-06	4.46395e-06	3.51898e-06	2.65824e-06	1.94402e-06	1.42746e-06	9.67601e-07	5.86507e-07	3.14337e-07	1.38126e-07
2.39299e-05	1.75981e-05	1.45796e-05	1.23039e-05	1.07045e-05	9.38477e-06	7.50765e-06	5.56412e-06	4.2891e-06	3.39658e-06	2.58014e-06	1.89868e-06	1.39992e-06	9.56998e-07	5.81783e-07	3.12955e-07	1.39203e-07
2.18381e-05	1.55976e-05	1.27749e-05	1.06863e-05	9.25495e-06	8.08216e-06	6.44153e-06	4.7683e-06	3.68283e-06	2.92841e-06	2.2394e-06	1.6626e-06	1.24021e-06	8.58908e-07	5.33586e-07	2.95919e-07	1.40498e-07
1.82385e-05	1.2925e-05	1.0613e-05	8.88642e-06	7.7143e-06	6.74755e-06	5.39762e-06	4.01689e-06	3.12257e-06	2.49503e-06	1.92354e-06	1.44418e-06	1.08837e-06	7.63319e-07	4.82233e-07	2.73769e-07	1.30408e-07
1.41914e-05	1.01202e-05	8.4157e-06	7.10157e-06	6.21046e-06	5.46826e-06	4.41985e-06	3.33272e-06	2.61422e-06	2.10666e-06	1.63647e-06	1.23994e-06	9.41305e-07	6.66254e-07	4.26369e-07	2.46873e-07	1.22697e-07
1.08823e-05	7.80508e-06	6.58471e-06	5.60685e-06	4.94371e-06	4.3814e-06	3.58113e-06	2.73843e-06	2.17372e-06	1.76856e-06	1.38819e-06	1.06427e-06	8.16566e-07	5.85772e-07	3.80945e-07	2.24501e-07	1.08352e-07
8.46287e-06	6.07549e-06	5.19331e-06	4.45485e-06	3.95553e-06	3.5233e-06	2.90395e-06	2.24309e-06	1.79608e-06	1.471e-06	1.16478e-06	9.02575e-07	6.99247e-07	5.09212e-07	3.38017e-07	2.04643e-07	1.02037e-07
6.69789e-06	4.77828e-06	4.14361e-06	3.57838e-06	3.19893e-06	2.8615e-06	2.37611e-06	1.85585e-06	1.49939e-06	1.23878e-06	9.90978e-07	7.77748e-07	6.11701e-07	4.52932e-07	3.04751e-07	1.86935e-07	9.535e-08
5.38673e-06	3.79501e-06	3.33906e-06	2.90337e-06	2.61399e-06	2.34658e-06	1.96534e-06	1.55147e-06	1.26529e-06	1.05219e-06	8.49987e-07	6.74589e-07	5.34673e-07	3.98079e-07	2.66983e-07	1.59717e-07	7.56255e-08
4.51603e-06	3.14248e-06	2.80263e-06	2.44752e-06	2.21851e-06	2.0027e-06	1.69107e-06	1.34803e-06	1.10895e-06	9.291e-07	7.55219e-07	6.06166e-07	4.82967e-07	3.62901e-07	2.49343e-07	1.51756e-07	7.24286e-08
4.09463e-06	2.81479e-06	2.53671e-06	2.22389e-06	2.02504e-06	1.83226e-06	1.55428e-06	1.247e-06	1.02894e-06	8.62728e-07	7.04632e-07	5.67461e-07	4.52895e-07	3.3848e-07	2.32114e-07	1.36464e-07	6.00819e-08
4.01681e-06	2.76612e-06	2.48953e-06	2.18424e-06	1.98662e-06	1.79611e-06	1.52164e-06	1.20943e-06	9.89576e-07	8.25112e-07	6.72399e-07	5.27545e-07	4.23517e-07	3.11946e-07	2.09055e-07	1.25685e-07	5.7719e-08
4.32812e-06	2.97801e-06	2.6483e-06	2.30299e-06	2.07866e-06	1.86529e-06	1.55988e-06	1.22255e-06	9.8696e-07	8.11996e-07	6.47343e-07	5.01327e-07	3.91789e-07	2.82871e-07	1.8674e-07	1.11306e-07	5.20836e-08
4.96485e-06	3.38324e-06	2.93558e-06	2.50676e-06	2.22661e-06	1.97171e-06	1.60806e-06	1.2214e-06	9.61171e-07	7.72245e-07	5.95297e-07	4.50519e-07	3.38114e-07	2.33125e-07	1.43148e-07	7.47012e-08	3.38379e-08
5.86475e-06	3.85362e-06	3.21667e-06	2.66464e-06	2.30821e-06	1.99882e-06	1.57901e-06	1.15069e-06	8.7789e-07	6.87486e-07	5.15074e-07	3.81605e-07	2.80508e-07	1.88459e-07	1.10523e-07	5.58743e-08	2.02168e-08
6.96209e-06	4.28484e-06	3.3872e-06	2.6924e-06	2.26506e-06	1.91374e-06	1.4595e-06	1.02156e-06	7.58725e-07	5.82838e-07	4.30492e-07	3.15104e-07	2.28513e-07	1.54545e-07	9.36165e-08	5.14013e-08	1.99136e-08
7.7392e-06	4.40867e-06	3.30331e-06	2.52197e-06	2.07105e-06	1.71107e-06	1.26969e-06	8.64973e-07	6.32841e-07	4.80364e-07	3.52161e-07	2.56823e-07	1.86202e-07	1.28696e-07	8.04524e-08	5.16553e-08	2.72808e-08
7.67539e-06	4.07016e-06	2.9552e-06	2.20016e-06	1.78758e-06	1.46146e-06	1.07535e-06	7.25372e-07	5.28369e-07	4.00703e-07	2.9261e-07	2.13658e-07	1.55277e-07	1.08737e-07	6.79716e-08	4.21805e-08	2.16336e-08
6.91084e-06	3.45609e-06	2.48971e-06	1.83824e-06	1.49919e-06	1.22491e-06	9.04054e-07	6.1461e-07	4.49278e-07	3.42781e-07	2.52761e-07	1.86295e-07	1.3685e-07	9.79428e-08	6.10453e-08	3.72767e-08	1.91059e-08
5.90103e-06	2.82117e-06	2.04876e-06	1.51578e-06	1.2487e-06	1.0231e-06	7.6335e-07	5.25196e-07	3.88397e-07	2.98125e-07	2.2179e-07	1.67492e-07	1.23152e-07	8.59511e-08	5.58139e-08	3.47242e-08	1.67429e-08
4.90001e-06	2.26876e-06	1.6825e-06	1.25404e-06	1.04607e-06	8.64351e-07	6.52544e-07	4.55142e-07	3.39483e-07	2.59774e-07	1.91033e-07	1.44216e-07	1.06118e-07	7.37825e-08	4.33167e-08	2.38065e-08	9.88147e-09
4.04071e-06	1.82495e-06	1.39106e-06	1.05009e-06	8.86512e-07	7.34065e-07	5.64067e-07	3.97885e-07	2.97399e-07	2.28884e-07	1.72551e-07	1.33327e-07	9.74525e-08	6.95638e-08	4.26986e-08	2.36681e-08	7.19015e-09
3.43321e-06	1.50742e-06	1.17903e-06	8.95676e-07	7.6656e-07	6.39339e-07	4.9257e-07	3.50603e-07	2.63641e-07	2.03733e-07	1.51748e-07	1.17011e-07	8.68483e-08	6.08178e-08	4.09159e-08	2.73067e-08	1.59468e-08
3.04492e-06	1.30113e-06	1.03992e-06	7.95297e-07	6.86089e-07	5.74481e-07	4.42755e-07	3.18738e-07	2.38848e-07	1.84775e-07	1.32914e-07	1.01612e-07	7.48225e-08	5.20383e-08	3.12382e-08	1.75146e-08	8.95949e-09
2.79273e-06	1.16432e-06	9.47612e-07	7.26548e-07	6.3044e-07	5.29606e-07	4.10033e-07	2.94882e-07	2.22416e-07	1.73932e-07	1.28506e-07	1.00442e-07	7.70028e-08	5.70255e-08	3.90321e-08	2.73819e-08	1.85747e-08
2.61582e-06	1.07311e-06	8.849e-07	6.81754e-07	5.95931e-07	5.02085e-07	3.89917e-07	2.82158e-07	2.13533e-07	1.67286e-07	1.26851e-07	9.85848e-08	7.76598e-08	5.71013e-08	3.85014e-08	2.67501e-08	1.5997e-08
2.47953e-06	9.88021e-07	8.29555e-07	6.37566e-07	5.59843e-07	4.71077e-07	3.68524e-07	2.66401e-07	2.05497e-07	1.62282e-07	1.23439e-07	1.00101e-07	7.977e-08	5.77584e-08	4.25701e-08	3.04524e-08	2.15188e-08
2.32756e-06	9.16212e-07	7.69383e-07	5.89045e-07	5.16983e-07	4.33902e-07	3.35166e-07	2.39222e-07	1.79227e-07	1.3653e-07	9.92039e-08	7.56634e-08	5.4372e-08	3.77811e-08	2.349e-08	1.41142e-08	1.45059e-08
2.22631e-06	8.89493e-07	7.52464e-07	5.82141e-07	5.24778e-07	4.34183e-07	3.40544e-07	2.46374e-07	1.881e-07	1.46366e-07	1.09598e-07	8.46179e-08	6.32392e-08	4.44254e-08	2.60538e-08	6.93672e-09	-2.75447e-09
2.13762e-06	8.52463e-07	7.2413e-07	5.60054e-07	4.95173e-07	4.18227e-07	3.2953e-07	2.41453e-07	1.85038e-07	1.44631e-07	1.09898e-07	8.84694e-08	6.99846e-08	5.0489e-08	3.73108e-08	2.49033e-08	1.40879e-08
2.03919e-06	8.10949e-07	6.92753e-07	5.37234e-07	4.73442e-07	3.97761e-07	3.10355e-07	2.24718e-07	1.72917e-07	1.33244e-07	9.89033e-08	7.58958e-08	5.68681e-08	4.02411e-08	2.56482e-08	1.74989e-08	1.0752e-08
1.96109e-06	7.85882e-07	6.80333e-07	5.29123e-07	4.69589e-07	4.00136e-07	3.12832e-07	2.26462e-07	1.73675e-07	1.33269e-07	9.92065e-08	7.8688e-08	6.21999e-08	4.61161e-08	3.30141e-08	2.15925e-08	1.30515e-08
1.86885e-06	7.57088e-07	6.57856e-07	5.14656e-07	4.59822e-07	3.9133e-07	3.08422e-07	2.24428e-07	1.70668e-07	1.31096e-07	9.90549e-08	8.07727e-08	6.35897e-08	4.88452e-08	3.60969e-08	2.58124e-08	1.69556e-08
1.77087e-06	7.21641e-07	6.29432e-07	4.93708e-07	4.42461e-07	3.76292e-07	2.9649e-07	2.14477e-07	1.6251e-07	1.26324e-07	9.44457e-08	7.64157e-08	6.01673e-08	4.28575e-08	3.05132e-08	2.19089e-08	1.48713e-08
1.69825e-06	6.97178e-07	6.08007e-07	4.75452e-07	4.20747e-07	3.54786e-07	2.74573e-07	1.94777e-07	1.44747e-07	1.0989e-07	7.78755e-08	6.05796e-08	4.52926e-08	3.00687e-08	1.83571e-08	1.20654e-08	4.62401e-09
1.68989e-06	7.1369e-07	6.24697e-07	4.90525e-07	4.32914e-07	3.65727e-07	2.86082e-07	2.08144e-07	1.57469e-07	1.23838e-07	9.21644e-08	7.49444e-08	5.91015e-08	4.20583e-08	2.65439e-08	1.89003e-08	1.11178e-08
1.69608e-06	7.06602e-07	6.18759e-07	4.78459e-07	4.20659e-07	3.54445e-07	2.74131e-07	1.98327e-07	1.48676e-07	1.17571e-07	8.76162e-08	7.20007e-08	5.41363e-08	3.92031e-08	2.81105e-08	1.96963e-08	3.5754e-09
1.69265e-06	6.98117e-07	5.98269e-07	4.57979e-07	3.99684e-07	3.3415e-07	2.55907e-07	1.82729e-07	1.34858e-07	1.04005e-07	7.63487e-08	5.91156e-08	4.5698e-08	2.7808e-08	1.55401e-08	1.06886e-08	3.91661e-09
1.68481e-06	6.75704e-07	5.75982e-07	4.38661e-07	3.83209e-07	3.18838e-07	2.44195e-07	1.73797e-07	1.29539e-07	9.62982e-08	6.95389e-08	5.45799e-08	3.92546e-08	2.3487e-08	9.86734e-09	1.73089e-09	-4.97789e-09
1.66514e-06	6.51346e-07	5.56993e-07	4.24473e-07	3.7415e-07	3.12154e-07	2.38913e-07	1.71636e-07	1.28996e-07	9.77637e-08	7.14466e-08	5.64245e-08	4.14024e-08	2.86418e-08	1.65003e-08	8.8566e-09	3.61339e-09
1.62025e-06	6.09185e-07	5.24043e-07	3.96286e-07	3.48743e-07	2.89349e-07	2.21984e-07	1.55224e-07	1.15212e-07	8.63677e-08	6.22615e-08	4.74921e-08	3.18888e-08	2.08591e-08	1.00063e-08	5.15477e-09	2.2868e-09
1.57605e-06	5.82971e-07	5.09236e-07	3.8495e-07	3.42232e-07	2.85731e-07	2.21699e-07	1.58589e-07	1.20534e-07	9.4835e-08	7.07788e-08	5.7563e-08	4.08728e-08	3.17633e-08	1.92551e-08	1.3001e-08	6.72158e-09
1.54428e-06	5.67743e-07	4.9741e-07	3.78841e-07	3.36909e-07	2.83909e-07	2.22875e-07	1.59592e-07	1.23737e-07	9.46407e-08	7.00172e-08	5.87225e-08	4.34228e-08	3.30756e-08	2.24505e-08	1.59693e-08	8.83111e-09
1.51007e-06	5.45429e-07	4.79142e-07	3.66593e-07	3.2676e-07	2.75835e-07	2.17532e-07	1.56792e-07	1.20307e-07	9.29304e-08	6.75628e-08	5.40831e-08	4.06286e-08	2.9385e-08	1.79898e-08	9.37389e-09	1.0991e-09
1.48077e-06	5.24572e-07	4.6474e-07	3.55017e-07	3.18089e-07	2.67125e-07	2.09933e-07	1.53498e-07	1.14928e-07	9.07598e-08	6.63264e-08	5.22526e-08	3.82293e-08	2.56841e-08	1.23936e-08	4.6618e-09	-3.70164e-09
1.44819e-06	4.99154e-07	4.48668e-07	3.42417e-07	3.09607e-07	2.58995e-07	2.04745e-07	1.50596e-07	1.16333e-07	9.04589e-08	6.58227e-08	5.33151e-08	3.8963e-08	2.49141e-08	1.44406e-08	6.89812e-09	-1.4908e-09
1.41784e-06	4.8086e-07	4.41304e-07	3.40678e-07	3.09953e-07	2.63512e-07	2.12611e-07	1.59512e-07	1.25426e-07	1.00298e-07	7.59658e-08	6.44945e-08	5.08123e-08	3.79892e-08	2.74654e-08	1.62342e-08	5.38191e-09
1.37689e-06	4.49757e-07	4.2295e-07	3.27038e-07	2.98625e-07	2.559e-07	2.03952e-07	1.55149e-07	1.22682e-07	9.79332e-08	7.47764e-08	6.33559e-08	5.00783e-08	3.88347e-08	2.9145e-08	2.00869e-08	8.03477e-09
1.32323e-06	4.04806e-07	3.87258e-07	2.98481e-07	2.72646e-07	2.28049e-07	1.79005e-07	1.3125e-07	1.0098e-07	7.75577e-08	5.50193e-08	4.36112e-08	2.98658e-08	1.84703e-08	8.80562e-09	7.58016e-11	-3.87852e-09
1.30465e-06	3.96319e-07	3.89193e-07	3.0143e-07	2.79903e-07	2.35156e-07	1.89714e-07	1.42061e-07	1.10263e-07	8.69296e-08	6.58447e-08	5.35019e-08	3.99212e-08	2.82606e-08	1.65496e-08	7.83263e-09	-2.14766e-09
1.26738e-06	3.74387e-07	3.75133e-07	2.9049e-07	2.69619e-07	2.27866e-07	1.84193e-07	1.37261e-07	1.0684e-07	8.44156e-08	6.47835e-08	5.50685e-08	4.6162e-08	3.62702e-08	2.56456e-08	2.16913e-08	1.61832e-08
1.26927e-06	3.60103e-07	3.68251e-07	2.83117e-07	2.62639e-07	2.21241e-07	1.79034e-07	1.34099e-07	1.03413e-07	8.25185e-08	6.06509e-08	5.06455e-08	3.82273e-08	2.74514e-08	1.34288e-08	7.25132e-09	5.69747e-09
1.23795e-06	3.49175e-07	3.51626e-07	2.73491e-07	2.55135e-07	2.15834e-07	1.71619e-07	1.28262e-07	9.71854e-08	7.50272e-08	5.46881e-08	4.51376e-08	3.2871e-08	2.18424e-08	1.18497e-08	3.01928e-09	-1.42752e-09
1.22578e-06	3.43861e-07	3.46854e-07	2.69947e-07	2.50973e-07	2.10586e-07	1.70579e-07	1.25594e-07	9.73219e-08	7.81455e-08	5.54447e-08	4.61849e-08	3.50556e-08	2.46084e-08	1.45149e-08	6.1142e-09	3.03183e-09
1.21976e-06	3.32432e-07	3.41819e-07	2.61446e-07	2.43671e-07	2.06125e-07	1.6374e-07	1.20244e-07	9.14144e-08	7.22497e-08	4.99394e-08	4.27131e-08	3.0282e-08	2.06428e-08	1.15974e-08	8.96963e-10	-2.42559e-09
1.21352e-06	3.23922e-07	3.38475e-07	2.61351e-07	2.45787e-07	2.07964e-07	1.64923e-07	1.24258e-07	9.92193e-08	7.68463e-08	5.73284e-08	4.93317e-08	3.89474e-08	3.03823e-08	2.19435e-08	1.34541e-08	5.57114e-09
1.20316e-06	3.11301e-07	3.27825e-07	2.51687e-07	2.36527e-07	1.99095e-07	1.57849e-07	1.15402e-07	8.97446e-08	6.97339e-08	4.96096e-08	4.1095e-08	2.99528e-08	1.98716e-08	1.09022e-08	8.59041e-10	8.33775e-10
1.19383e-06	2.96445e-07	3.11567e-07	2.34771e-07	2.21949e-07	1.85136e-07	1.47654e-07	1.02618e-07	8.22279e-08	5.93749e-08	4.22194e-08	3.26436e-08	1.95811e-08	1.04475e-08	2.86768e-09	-7.07446e-10	-2.58976e-09
1.20899e-06	3.13669e-07	3.2097e-07	2.43861e-07	2.2999e-07	1.94682e-07	1.55382e-07	1.11963e-07	8.74811e-08	6.82542e-08	4.78272e-08	3.90475e-08	2.74255e-08	1.4098e-08	6.7711e-09	4.09298e-09	4.39616e-09
1.21038e-06	3.12198e-07	3.11579e-07	2.33685e-07	2.21127e-07	1.85351e-07	1.47515e-07	1.08012e-07	8.16974e-08	6.25963e-08	4.13856e-08	3.51196e-08	2.44448e-08	1.61197e-08	7.99666e-09	2.77925e-09	2.93085e-09
1.1985e-06	3.15285e-07	3.07491e-07	2.30697e-07	2.14704e-07	1.79068e-07	1.41814e-07	1.04245e-07	7.93077e-08	5.9765e-08	4.09803e-08	3.12153e-08	2.2145e-08	1.26453e-08	8.19859e-09	6.67004e-09	5.40677e-09
1.17572e-06	3.11892e-07	3.05146e-07	2.26687e-07	2.10101e-07	1.74579e-07	1.39663e-07	1.03168e-07	8.1529e-08	6.2151e-08	4.5628e-08	3.78464e-08	2.97618e-08	2.07675e-08	7.95836e-09	5.81087e-09	2.52646e-09
1.14357e-06	3.07079e-07	2.99449e-07	2.26409e-07	2.06261e-07	1.74036e-07	1.40396e-07	1.0308e-07	8.34365e-08	6.65723e-08	4.94808e-08	4.24951e-08	3.40441e-08	2.92565e-08	1.85821e-08	1.81526e-08	1.69273e-08
1.10257e-06	2.99947e-07	2.83942e-07	2.16563e-07	2.01619e-07	1.70418e-07	1.33912e-07	9.91486e-08	7.53499e-08	5.84609e-08	4.28983e-08	3.38917e-08	2.60851e-08	1.92512e-08	1.50952e-08	1.40215e-08	7.74342e-09
1.09234e-06	3.12276e-07	2.96359e-07	2.30635e-07	2.23195e-07	1.85097e-07	1.50952e-07	1.17667e-07	9.49295e-08	7.82426e-08	6.12021e-08	5.3345e-08	4.50205e-08	3.64686e-08	2.91168e-08	2.56682e-08	1.10151e-08
1.07071e-06	3.00558e-07	2.90377e-07	2.22204e-07	2.07627e-07	1.73989e-07	1.36826e-07	1.01079e-07	7.73943e-08	5.94194e-08	4.35793e-08	3.72382e-08	2.6615e-08	1.79749e-08	8.98113e-09	-3.5874e-09	-9.90324e-09
1.08646e-06	3.06366e-07	2.93596e-07	2.21839e-07	2.11747e-07	1.79664e-07	1.33535e-07	1.00998e-07	7.6582e-08	5.63345e-08	4.00657e-08	3.27902e-08	2.31527e-08	1.48036e-08	6.40394e-09	-1.62941e-09	-5.35556e-09
1.12571e-06	3.27999e-07	3.1639e-07	2.42522e-07	2.25129e-07	1.90039e-07	1.51463e-07	1.1319e-07	8.76617e-08	6.78052e-08	5.15865e-08	4.47024e-08	3.39531e-08	2.34817e-08	1.04335e-08	4.13046e-09	-1.0724e-08
1.13599e-06	3.17515e-07	3.06993e-07	2.29234e-07	2.10679e-07	1.74528e-07	1.35042e-07	9.663e-08	7.04704e-08	5.26602e-08	3.70352e-08	2.4707e-08	1.6345e-08	7.8946e-09	-1.23787e-09	4.29466e-09	-2.65259e-09
1.16682e-06	3.33279e-07	3.19485e-07	2.39933e-07	2.21491e-07	1.88094e-07	1.47155e-07	1.06672e-07	7.9805e-08	6.18432e-08	4.76581e-08	4.10646e-08	3.36626e-08	2.34691e-08	1.52966e-08	1.28082e-08	9.34721e-09
1.18267e-06	3.34647e-07	3.18542e-07	2.39017e-07	2.18883e-07	1.82102e-07	1.40558e-07	1.02577e-07	7.72515e-08	5.83302e-08	4.24151e-08	3.53038e-08	2.63736e-08	1.67867e-08	8.8291e-09	4.05457e-09	1.64204e-09
1.19274e-06	3.50856e-07	3.23928e-07	2.41929e-07	2.19926e-07	1.84775e-07	1.42664e-07	1.03572e-07	7.80579e-08	6.09812e-08	4.56475e-08	4.14414e-08	3.21705e-08	2.30511e-08	1.57884e-08	1.2416e-08	8.95519e-09
1.20713e-06	3.56464e-07	3.24357e-07	2.45516e-07	2.24701e-07	1.86303e-07	1.46643e-07	1.10127e-07	8.7733e-08	7.20836e-08	5.69772e-08	5.11418e-08	4.23256e-08	3.49619e-08	2.6133e-08	2.14091e-08	8.52574e-09
1.21129e-06	3.44094e-07	3.13087e-07	2.33328e-07	2.12564e-07	1.73891e-07	1.37049e-07	1.00927e-07	7.98979e-08	6.36178e-08	4.80954e-08	4.18309e-08	3.31919e-08	2.75083e-08	1.87431e-08	9.9904e-09	2.9807e-09
1.23033e-06	3.42073e-07	3.10031e-07	2.29122e-07	2.11238e-07	1.76139e-07	1.39474e-07	1.03554e-07	8.1944e-08	6.37946e-08	4.98131e-08	4.31318e-08	3.46317e-08	2.60559e-08	1.748e-08	1.17334e-08	1.1405e-08
1.22073e-06	3.16767e-07	2.86948e-07	2.08846e-07	1.95231e-07	1.65374e-07	1.27131e-07	8.99997e-08	7.3922e-08	5.67961e-08	3.64116e-08	2.99578e-08	2.41102e-08	1.62419e-08	1.0268e-08	8.25987e-09	9.69966e-09
1.18307e-06	2.95688e-07	2.8734e-07	2.1045e-07	1.97984e-07	1.75996e-07	1.40822e-07	1.02516e-07	9.07323e-08	7.75973e-08	4.46336e-08	3.80788e-08	3.18397e-08	3.2648e-08	2.56511e-08	2.3062e-08	1.62924e-08
1.14805e-06	2.93817e-07	2.86669e-07	2.13887e-07	2.00248e-07	1.70695e-07	1.37847e-07	1.0933e-07	9.06519e-08	7.64947e-08	6.58483e-08	5.966e-08	5.24362e-08	4.5187e-08	3.56647e-08	2.79735e-08	1.01917e-08
1.09759e-06	2.7404e-07	2.6232e-07	1.89677e-07	1.81506e-07	1.52383e-07	1.20798e-07	9.07529e-08	7.35142e-08	5.57197e-08	4.54775e-08	3.98449e-08	3.57783e-08	2.74684e-08	2.05602e-08	1.69736e-08	1.08737e-08
1.06927e-06	2.69107e-07	2.53789e-07	1.87273e-07	1.77612e-07	1.47568e-07	1.17309e-07	8.57118e-08	6.77031e-08	5.00354e-08	3.67625e-08	3.00566e-08	2.66594e-08	1.79203e-08	9.33269e-09	3.4603e-09	-1.56597e-09
1.01495e-06	2.65995e-07	2.51547e-07	1.90612e-07	1.79548e-07	1.52648e-07	1.24902e-07	9.53373e-08	7.43098e-08	5.99758e-08	4.75992e-08	4.2497e-08	3.44902e-08	2.85924e-08	2.176e-08	1.99919e-08	1.29954e-08
9.64008e-07	2.53182e-07	2.46237e-07	1.83118e-07	1.76147e-07	1.50157e-07	1.23346e-07	9.70398e-08	8.07865e-08	6.64654e-08	5.44428e-08	5.11088e-08	4.3822e-08	3.73813e-08	3.05617e-08	2.76192e-08	1.9562e-08
8.9023e-07	2.25071e-07	2.23997e-07	1.69504e-07	1.61081e-07	1.35608e-07	1.09479e-07	8.37796e-08	6.7501e-08	5.23212e-08	4.03743e-08	3.49439e-08	2.51692e-08	1.76425e-08	9.08012e-09	4.11699e-09	2.1469e-10
1.01401e-06	2.45258e-07	2.60513e-07	1.96272e-07	1.85601e-07	1.56101e-07	1.23658e-07	9.08494e-08	7.03281e-08	5.0173e-08	3.76203e-08	2.74543e-08	1.85386e-08	1.0267e-08	4.11689e-09	-6.06168e-10	8.46109e-10
1.03791e-06	2.78536e-07	2.90407e-07	2.24016e-07	2.10477e-07	1.77515e-07	1.42949e-07	1.10467e-07	8.54613e-08	6.68965e-08	5.04786e-08	4.24591e-08	3.34798e-08	2.35912e-08	1.32732e-08	7.77955e-09	4.25602e-09
1.05668e-06	3.08575e-07	3.08588e-07	2.36524e-07	2.18237e-07	1.84365e-07	1.46085e-07	1.09422e-07	8.49457e-08	6.92599e-08	4.88128e-08	4.24728e-08	3.2243e-08	2.40338e-08	1.97272e-08	1.25537e-08	7.1609e-09
1.11334e-06	3.55137e-07	3.40473e-07	2.59756e-07	2.38513e-07	2.02506e-07	1.5887e-07	1.19642e-07	8.88378e-08	6.62053e-08	4.78289e-08	3.95943e-08	2.96547e-08	2.59794e-08	2.00434e-08	1.9071e-08	1.20362e-08
1.19821e-06	4.09427e-07	3.81994e-07	2.96158e-07	2.6534e-07	2.27095e-07	1.81726e-07	1.37116e-07	1.04201e-07	7.91295e-08	5.8744e-08	4.9928e-08	4.10488e-08	3.1816e-08	2.46546e-08	1.87183e-08	6.02471e-09
1.29792e-06	4.49995e-07	4.10865e-07	3.13444e-07	2.79278e-07	2.38721e-07	1.86733e-07	1.37283e-07	1.04545e-07	7.79695e-08	5.54868e-08	4.54454e-08	3.3383e-08	2.05628e-08	7.46476e-09	1.01046e-09	-6.18906e-09
1.42003e-06	4.91247e-07	4.5137e-07	3.34723e-07	2.96476e-07	2.48933e-07	1.97625e-07	1.42339e-07	1.0624e-07	7.85777e-08	5.13705e-08	4.15561e-08	2.7422e-08	1.32247e-08	7.3639e-09	-7.14917e-09	-2.5641e-09
1.58601e-06	5.37995e-07	4.88114e-07	3.68621e-07	3.27569e-07	2.72244e-07	2.07748e-07	1.44642e-07	1.04348e-07	7.61166e-08	5.02728e-08	4.25298e-08	2.957e-08	1.22145e-08	5.46938e-09	1.35156e-09	5.7978e-09
1.83587e-06	6.00824e-07	5.7215e-07	4.40898e-07	3.99328e-07	3.34365e-07	2.58589e-07	1.87247e-07	1.42633e-07	1.10146e-07	8.22428e-08	6.84115e-08	5.3797e-08	4.3313e-08	3.09342e-08	2.68417e-08	1.72923e-08
2.29529e-06	7.11732e-07	6.68582e-07	5.06328e-07	4.5152e-07	3.70159e-07	2.83127e-07	1.94818e-07	1.38911e-07	9.98535e-08	6.65311e-08	4.90236e-08	3.26403e-08	1.68128e-08	3.72635e-09	-1.26317e-10	-1.0838e-08
2.94832e-06	1.00303e-06	8.49035e-07	6.27369e-07	5.45551e-07	4.43573e-07	3.29215e-07	2.1986e-07	1.50195e-07	1.05452e-07	6.71138e-08	4.92269e-08	3.35253e-08	1.14446e-08	-9.72664e-10	-7.01076e-09	-1.39457e-08
3.43915e-06	1.36303e-06	1.0831e-06	8.05212e-07	6.82218e-07	5.55168e-07	4.12479e-07	2.73074e-07	1.89027e-07	1.4087e-07	9.75265e-08	7.23742e-08	5.3589e-08	3.6623e-08	2.24614e-08	1.15465e-08	2.46343e-09
3.52636e-06	1.56089e-06	1.22685e-06	9.22168e-07	7.73744e-07	6.31471e-07	4.65436e-07	3.07107e-07	2.15443e-07	1.5867e-07	1.05814e-07	7.39786e-08	4.95717e-08	3.06223e-08	1.53996e-08	1.14455e-08	8.23669e-09
3.29293e-06	1.57547e-06	1.25524e-06	9.65335e-07	8.17921e-07	6.76621e-07	5.04017e-07	3.40067e-07	2.42982e-07	1.80576e-07	1.27227e-07	9.10963e-08	6.44786e-08	4.25099e-08	2.51901e-08	1.6726e-08	7.8577e-09
2.9192e-06	1.44854e-06	1.18695e-06	9.32273e-07	8.01026e-07	6.75021e-07	5.11534e-07	3.54326e-07	2.57908e-07	1.96561e-07	1.40457e-07	1.03467e-07	7.50922e-08	5.29713e-08	3.37561e-08	2.54561e-08	7.16307e-09
2.5645e-06	1.28021e-06	1.079e-06	8.63474e-07	7.53809e-07	6.40253e-07	4.95325e-07	3.5266e-07	2.64624e-07	2.03714e-07	1.49059e-07	1.10234e-07	8.3904e-08	5.94567e-08	3.83196e-08	2.58117e-08	1.15856e-08
2.27333e-06	1.12852e-06	9.76045e-07	7.91838e-07	6.99217e-07	6.00657e-07	4.73152e-07	3.43917e-07	2.63335e-07	2.0585e-07	1.53784e-07	1.16349e-07	8.79343e-08	6.25395e-08	4.07328e-08	2.5079e-08	1.30638e-08
2.10823e-06	1.03603e-06	9.05746e-07	7.29595e-07	6.48924e-07	5.57538e-07	4.42437e-07	3.25251e-07	2.5019e-07	1.95115e-07	1.44261e-07	1.1078e-07	8.13413e-08	5.56426e-08	3.66655e-08	2.28812e-08	1.28493e-08
2.06626e-06	1.00154e-06	8.70012e-07	6.99353e-07	6.15066e-07	5.31284e-07	4.24077e-07	3.16099e-07	2.46102e-07	1.93592e-07	1.46426e-07	1.13284e-07	8.66879e-08	6.31618e-08	4.06464e-08	2.38294e-08	1.66149e-08
2.07837e-06	9.78723e-07	8.34559e-07	6.66414e-07	5.85942e-07	5.04498e-07	4.02964e-07	3.00546e-07	2.33897e-07	1.87123e-07	1.42736e-07	1.12716e-07	8.7168e-08	6.49812e-08	4.45632e-08	3.24211e-08	2.66722e-08
2.04392e-06	9.18532e-07	7.75004e-07	6.1476e-07	5.45282e-07	4.68717e-07	3.76472e-07	2.80563e-07	2.20561e-07	1.7581e-07	1.3361e-07	1.07065e-07	8.31733e-08	6.06585e-08	4.19088e-08	2.87942e-08	1.7979e-08
1.88042e-06	8.02464e-07	6.88073e-07	5.42805e-07	4.84195e-07	4.17802e-07	3.35995e-07	2.52192e-07	1.97663e-07	1.5674e-07	1.1482e-07	9.00316e-08	6.63298e-08	4.55591e-08	3.05875e-08	1.58686e-08	4.54833e-09
1.80326e-06	7.78094e-07	6.61234e-07	5.17891e-07	4.57812e-07	3.94992e-07	3.1783e-07	2.37713e-07	1.87097e-07	1.48953e-07	1.14371e-07	9.42941e-08	7.32949e-08	5.54797e-08	3.98504e-08	2.78725e-08	2.07844e-08
1.8577e-06	8.31522e-07	6.9764e-07	5.43465e-07	4.74565e-07	4.03909e-07	3.20037e-07	2.38982e-07	1.83387e-07	1.44547e-07	1.10697e-07	8.93435e-08	6.98347e-08	5.1678e-08	3.5745e-08	2.65339e-08	1.26478e-08
1.79304e-06	8.1262e-07	6.86496e-07	5.32953e-07	4.6241e-07	3.91072e-07	3.05974e-07	2.21659e-07	1.70322e-07	1.26794e-07	9.67603e-08	7.7896e-08	5.8084e-08	3.91312e-08	2.39058e-08	1.01461e-08	-5.4584e-09
1.687e-06	7.78431e-07	6.55497e-07	5.0652e-07	4.41572e-07	3.76333e-07	2.89146e-07	2.11612e-07	1.60311e-07	1.20773e-07	8.87415e-08	7.24033e-08	5.57998e-08	3.7718e-08	2.19737e-08	1.03361e-08	5.24387e-09
1.66379e-06	7.58706e-07	6.53639e-07	5.11423e-07	4.465e-07	3.7229e-07	2.95009e-07	2.1467e-07	1.63786e-07	1.28544e-07	9.54258e-08	7.98458e-08	6.19788e-08	4.60829e-08	2.71291e-08	1.35709e-08	4.06874e-09
1.67908e-06	7.70703e-07	6.62695e-07	5.16072e-07	4.4985e-07	3.81087e-07	2.95519e-07	2.1541e-07	1.6344e-07	1.28124e-07	9.40082e-08	7.79359e-08	5.84266e-08	4.24301e-08	2.41844e-08	6.94953e-09	-5.20583e-09
1.73477e-06	7.88577e-07	6.84268e-07	5.36442e-07	4.69067e-07	4.0048e-07	3.13546e-07	2.30124e-07	1.81337e-07	1.43998e-07	1.09755e-07	9.35557e-08	7.55244e-08	5.628e-08	3.93985e-08	2.46146e-08	8.41547e-09
1.7839e-06	7.77908e-07	6.78811e-07	5.2564e-07	4.55076e-07	3.84651e-07	2.97356e-07	2.1504e-07	1.64392e-07	1.31865e-07	9.63682e-08	8.02815e-08	6.26532e-08	4.44057e-08	2.85465e-08	1.62383e-08	5.62337e-09
1.85083e-06	7.80481e-07	6.75782e-07	5.20144e-07	4.55454e-07	3.83448e-07	2.99841e-07	2.1703e-07	1.67758e-07	1.33802e-07	9.82156e-08	8.5389e-08	6.60163e-08	4.9171e-08	3.36526e-08	2.02067e-08	1.16261e-08
1.91385e-06	7.74499e-07	6.728e-07	5.1485e-07	4.51735e-07	3.78788e-07	2.95162e-07	2.16515e-07	1.67796e-07	1.31158e-07	9.95248e-08	8.36261e-08	6.44542e-08	4.66724e-08	2.9472e-08	1.98165e-08	5.14369e-09
1.97532e-06	7.59719e-07	6.54504e-07	4.9473e-07	4.27885e-07	3.51562e-07	2.72686e-07	1.88818e-07	1.40665e-07	1.08867e-07	7.90279e-08	6.14099e-08	4.42976e-08	2.59972e-08	1.19812e-08	6.38239e-09	6.53405e-09
2.06825e-06	7.9543e-07	6.86787e-07	5.18756e-07	4.5373e-07	3.77152e-07	2.88921e-07	2.0409e-07	1.572e-07	1.2463e-07	8.59053e-08	6.55317e-08	5.18819e-08	2.88921e-08	7.38101e-09	-5.14395e-09	-1.6266e-08
2.15049e-06	8.39426e-07	7.24127e-07	5.46577e-07	4.77628e-07	3.99995e-07	3.11416e-07	2.30598e-07	1.77271e-07	1.3963e-07	1.04151e-07	8.38895e-08	6.37545e-08	4.39102e-08	2.37752e-08	6.68638e-09	-6.54735e-09
2.19621e-06	8.6109e-07	7.40596e-07	5.6043e-07	4.92884e-07	4.14581e-07	3.22337e-07	2.36792e-07	1.82618e-07	1.44244e-07	1.07589e-07	8.52798e-08	6.7243e-08	4.59831e-08	2.56459e-08	1.15653e-08	4.75252e-09
2.20269e-06	8.69378e-07	7.45709e-07	5.65854e-07	4.9684e-07	4.17954e-07	3.23204e-07	2.33751e-07	1.80448e-07	1.38762e-07	1.02624e-07	8.25012e-08	5.92942e-08	4.00435e-08	2.0224e-08	6.74975e-09	-5.81439e-10
2.20317e-06	8.8291e-07	7.5955e-07	5.80458e-07	5.08141e-07	4.27064e-07	3.35128e-07	2.4672e-07	1.8918e-07	1.49185e-07	1.12451e-07	9.31235e-08	7.23549e-08	5.25471e-08	3.69359e-08	2.13879e-08	6.58577e-09
2.18001e-06	8.87268e-07	7.63956e-07	5.87197e-07	5.17938e-07	4.36618e-07	3.44757e-07	2.55701e-07	2.00587e-07	1.60629e-07	1.23755e-07	9.96612e-08	7.79441e-08	5.76427e-08	3.87571e-08	2.37776e-08	9.26581e-09
2.15328e-06	8.76975e-07	7.5969e-07	5.82939e-07	5.14613e-07	4.32559e-07	3.41466e-07	2.52155e-07	1.94271e-07	1.53629e-07	1.18246e-07	9.24835e-08	7.07658e-08	4.94274e-08	3.23111e-08	2.38541e-08	1.6598e-08
2.17175e-06	9.04023e-07	7.85568e-07	6.06293e-07	5.38482e-07	4.57586e-07	3.63935e-07	2.69905e-07	2.13749e-07	1.71298e-07	1.33069e-07	1.03348e-07	8.39549e-08	5.91388e-08	3.49928e-08	2.01386e-08	7.78741e-09
2.18213e-06	9.18965e-07	8.02281e-07	6.2226e-07	5.51895e-07	4.71619e-07	3.75667e-07	2.81548e-07	2.22852e-07	1.79325e-07	1.38618e-07	1.07178e-07	8.93277e-08	6.36646e-08	3.89876e-08	2.42345e-08	1.12134e-08
2.21228e-06	9.61112e-07	8.36153e-07	6.59043e-07	5.85577e-07	5.02086e-07	4.05156e-07	3.08326e-07	2.44482e-07	1.95479e-07	1.52128e-07	1.22734e-07	9.51225e-08	6.8118e-08	4.03803e-08	2.13153e-08	5.30987e-09
2.24449e-06	9.91605e-07	8.66596e-07	6.88703e-07	6.1372e-07	5.29836e-07	4.29644e-07	3.28137e-07	2.63395e-07	2.12913e-07	1.66743e-07	1.35427e-07	1.05426e-07	7.85355e-08	5.33642e-08	3.35027e-08	2.00005e-08
2.23245e-06	9.82502e-07	8.65278e-07	6.85939e-07	6.09045e-07	5.2363e-07	4.21829e-07	3.19346e-07	2.51151e-07	1.96938e-07	1.45621e-07	1.10777e-07	7.9688e-08	5.06852e-08	2.27319e-08	8.50865e-09	4.22272e-09
2.24154e-06	1.01479e-06	8.93896e-07	7.18657e-07	6.42252e-07	5.54228e-07	4.5576e-07	3.49846e-07	2.76501e-07	2.20199e-07	1.66401e-07	1.30532e-07	9.36378e-08	5.86785e-08	2.32261e-08	7.2953e-09	-4.66545e-09
2.26672e-06	1.04085e-06	9.19134e-07	7.40739e-07	6.63919e-07	5.78805e-07	4.76623e-07	3.66008e-07	2.92753e-07	2.38349e-07	1.85109e-07	1.45978e-07	1.09338e-07	7.68326e-08	4.54017e-08	2.23026e-08	4.90556e-09
2.32192e-06	1.08304e-06	9.57037e-07	7.75502e-07	6.96139e-07	6.06572e-07	4.9976e-07	3.86803e-07	3.12864e-07	2.5684e-07	2.01259e-07	1.60004e-07	1.25449e-07	8.96551e-08	5.61877e-08	3.14065e-08	9.49527e-09
2.37544e-06	1.114e-06	9.78606e-07	7.90107e-07	7.06846e-07	6.15947e-07	5.04173e-07	3.8834e-07	3.09693e-07	2.48824e-07	1.91154e-07	1.48012e-07	1.11167e-07	7.52706e-08	4.19786e-08	2.07617e-08	9.73599e-09
2.47006e-06	1.18099e-06	1.03635e-06	8.38088e-07	7.50601e-07	6.60711e-07	5.43004e-07	4.20707e-07	3.40402e-07	2.77647e-07	2.177e-07	1.72584e-07	1.32286e-07	9.35311e-08	5.23987e-08	2.38095e-08	6.8533e-09
2.55829e-06	1.24193e-06	1.07679e-06	8.65599e-07	7.74872e-07	6.77128e-07	5.53917e-07	4.26761e-07	3.4127e-07	2.75201e-07	2.15505e-07	1.67215e-07	1.23628e-07	8.10404e-08	4.40671e-08	2.25456e-08	2.89566e-09
2.68381e-06	1.32408e-06	1.13815e-06	9.17807e-07	8.17999e-07	7.14094e-07	5.82484e-07	4.47295e-07	3.56352e-07	2.91293e-07	2.28118e-07	1.7841e-07	1.34632e-07	9.11712e-08	5.47786e-08	2.72628e-08	6.66397e-09
2.83471e-06	1.42172e-06	1.21136e-06	9.76391e-07	8.67969e-07	7.5779e-07	6.22281e-07	4.79388e-07	3.83207e-07	3.11646e-07	2.42324e-07	1.90794e-07	1.44322e-07	1.01012e-07	6.51619e-08	4.2046e-08	2.24203e-08
2.98532e-06	1.51889e-06	1.27941e-06	1.02854e-06	9.12618e-07	7.91408e-07	6.43061e-07	4.90478e-07	3.89122e-07	3.11566e-07	2.38676e-07	1.85538e-07	1.39508e-07	9.46407e-08	5.69817e-08	3.26387e-08	1.61865e-08
3.21603e-06	1.65343e-06	1.38003e-06	1.10894e-06	9.75126e-07	8.44053e-07	6.78608e-07	5.14454e-07	4.03741e-07	3.20683e-07	2.43203e-07	1.86449e-07	1.38699e-07	9.36544e-08	5.31627e-08	2.77195e-08	7.35982e-09
3.50542e-06	1.81808e-06	1.50037e-06	1.19734e-06	1.0474e-06	9.05185e-07	7.25518e-07	5.45283e-07	4.26758e-07	3.38644e-07	2.56651e-07	1.95549e-07	1.46206e-07	9.90642e-08	5.92564e-08	3.36495e-08	1.33283e-08
3.86172e-06	2.00828e-06	1.63813e-06	1.30309e-06	1.13445e-06	9.8088e-07	7.81677e-07	5.82233e-07	4.49595e-07	3.5497e-07	2.68096e-07	2.02504e-07	1.50518e-07	1.0129e-07	5.94461e-08	2.93247e-08	9.55994e-09
4.29174e-06	2.21911e-06	1.78875e-06	1.41704e-06	1.22795e-06	1.05467e-06	8.33721e-07	6.11561e-07	4.64238e-07	3.62591e-07	2.69974e-07	2.01181e-07	1.45679e-07	9.6487e-08	5.29098e-08	2.52662e-08	1.17479e-08
4.79211e-06	2.45765e-06	1.95295e-06	1.53627e-06	1.32147e-06	1.12766e-06	8.83371e-07	6.40529e-07	4.90073e-07	3.79856e-07	2.81677e-07	2.03237e-07	1.4589e-07	9.57385e-08	5.43121e-08	2.57081e-08	5.58928e-09
5.36571e-06	2.73484e-06	2.14556e-06	1.67779e-06	1.43402e-06	1.21555e-06	9.43854e-07	6.75139e-07	5.07613e-07	3.90756e-07	2.8714e-07	2.10066e-07	1.51543e-07	9.9393e-08	5.59686e-08	2.8743e-08	1.13177e-08
5.94509e-06	3.01501e-06	2.33993e-06	1.81531e-06	1.54374e-06	1.30198e-06	1.00345e-06	7.16027e-07	5.36053e-07	4.12846e-07	3.03435e-07	2.24057e-07	1.62612e-07	1.1065e-07	6.5897e-08	3.73429e-08	9.49695e-09
6.41414e-06	3.22218e-06	2.4776e-06	1.90903e-06	1.61581e-06	1.35789e-06	1.04074e-06	7.37557e-07	5.49292e-07	4.19006e-07	3.05703e-07	2.22534e-07	1.58485e-07	1.06247e-07	5.86115e-08	3.08295e-08	8.66211e-09
6.79342e-06	3.36921e-06	2.57685e-06	1.97977e-06	1.6722e-06	1.40279e-06	1.07503e-06	7.57543e-07	5.62457e-07	4.28438e-07	3.13931e-07	2.2866e-07	1.64445e-07	1.09386e-07	6.24953e-08	3.25628e-08	7.4357e-09
7.01691e-06	3.44547e-06	2.6242e-06	2.01181e-06	1.69882e-06	1.42242e-06	1.08704e-06	7.59358e-07	5.64508e-07	4.33279e-07	3.15481e-07	2.28388e-07	1.65271e-07	1.14219e-07	7.08053e-08	4.29966e-08	1.82356e-08
7.15132e-06	3.50376e-06	2.65932e-06	2.0341e-06	1.71508e-06	1.43602e-06	1.09713e-06	7.68009e-07	5.69772e-07	4.37563e-07	3.19645e-07	2.35077e-07	1.71603e-07	1.18259e-07	7.29841e-08	4.30241e-08	2.04624e-08
7.24787e-06	3.5455e-06	2.68148e-06	2.04379e-06	1.72033e-06	1.43844e-06	1.09543e-06	7.6369e-07	5.65344e-07	4.31204e-07	3.14693e-07	2.28065e-07	1.65528e-07	1.12085e-07	6.8341e-08	4.02281e-08	2.13092e-08
7.35652e-06	3.59913e-06	2.72221e-06	2.07544e-06	1.74571e-06	1.45679e-06	1.11017e-06	7.78513e-07	5.79196e-07	4.43329e-07	3.28076e-07	2.44631e-07	1.8175e-07	1.29392e-07	8.61136e-08	5.75945e-08	3.53358e-08
7.4294e-06	3.6025e-06	2.73276e-06	2.08379e-06	1.75556e-06	1.46565e-06	1.11612e-06	7.79308e-07	5.74184e-07	4.36148e-07	3.18967e-07	2.35577e-07	1.72294e-07	1.17143e-07	7.19453e-08	4.08352e-08	1.80464e-08
7.57324e-06	3.60973e-06	2.74376e-06	2.09296e-06	1.76648e-06	1.47515e-06	1.12428e-06	7.82672e-07	5.76397e-07	4.37426e-07	3.17614e-07	2.30923e-07	1.64719e-07	1.11351e-07	6.56094e-08	3.72309e-08	1.60862e-08
7.79903e-06	3.66206e-06	2.78003e-06	2.11842e-06	1.79262e-06	1.49975e-06	1.14638e-06	8.01988e-07	5.94795e-07	4.55081e-07	3.33502e-07	2.43728e-07	1.78107e-07	1.20643e-07	7.35369e-08	4.11123e-08	1.99049e-08
8.03487e-06	3.7219e-06	2.81654e-06	2.13558e-06	1.80499e-06	1.51026e-06	1.1593e-06	8.14103e-07	6.05759e-07	4.65805e-07	3.43366e-07	2.52251e-07	1.81863e-07	1.19859e-07	6.7922e-08	3.00597e-08	1.3898e-08
8.15423e-06	3.74757e-06	2.81266e-06	2.12574e-06	1.79434e-06	1.50148e-06	1.14819e-06	8.10867e-07	6.05979e-07	4.6496e-07	3.42821e-07	2.47186e-07	1.77702e-07	1.13768e-07	6.20748e-08	2.37222e-08	-1.9347e-09
8.25618e-06	3.7516e-06	2.80722e-06	2.11994e-06	1.78858e-06	1.49287e-06	1.14833e-06	8.09201e-07	6.05377e-07	4.64124e-07	3.43066e-07	2.53155e-07	1.833e-07	1.258e-07	7.64688e-08	4.23127e-08	1.931e-08
8.33007e-06	3.73942e-06	2.80168e-06	2.11622e-06	1.79485e-06	1.50037e-06	1.15266e-06	8.14062e-07	6.09952e-07	4.71851e-07	3.50013e-07	2.57423e-07	1.8609e-07	1.31753e-07	7.84901e-08	4.46636e-08	2.27618e-08
8.31878e-06	3.70481e-06	2.78063e-06	2.10193e-06	1.7895e-06	1.50083e-06	1.16101e-06	8.27963e-07	6.2353e-07	4.88354e-07	3.62168e-07	2.6819e-07	1.96922e-07	1.36719e-07	8.34703e-08	4.77985e-08	2.01057e-08
8.28477e-06	3.66683e-06	2.75589e-06	2.08308e-06	1.77416e-06	1.48835e-06	1.15785e-06	8.28115e-07	6.28424e-07	4.90643e-07	3.67833e-07	2.76321e-07	2.02752e-07	1.41473e-07	8.57085e-08	5.09471e-08	2.6011e-08
8.16482e-06	3.62546e-06	2.72421e-06	2.06255e-06	1.75828e-06	1.47762e-06	1.15577e-06	8.30981e-07	6.31844e-07	4.95258e-07	3.72569e-07	2.78128e-07	2.0637e-07	1.41125e-07	8.55271e-08	4.49005e-08	1.56791e-08
8.03321e-06	3.58736e-06	2.70721e-06	2.05073e-06	1.75004e-06	1.473e-06	1.15253e-06	8.37388e-07	6.46414e-07	5.11734e-07	3.89725e-07	2.94611e-07	2.20449e-07	1.55619e-07	9.88948e-08	5.67371e-08	2.30641e-08
7.78827e-06	3.52753e-06	2.66393e-06	2.02222e-06	1.72355e-06	1.45157e-06	1.13657e-06	8.2852e-07	6.39541e-07	5.06853e-07	3.85583e-07	2.91005e-07	2.17365e-07	1.49808e-07	9.32632e-08	5.03363e-08	1.96111e-08
7.48197e-06	3.45826e-06	2.62404e-06	2.00015e-06	1.70427e-06	1.44073e-06	1.13137e-06	8.31053e-07	6.47515e-07	5.18966e-07	3.96877e-07	3.03654e-07	2.30231e-07	1.6026e-07	1.00999e-07	5.14224e-08	1.68542e-08
7.17297e-06	3.33141e-06	2.5537e-06	1.95109e-06	1.66159e-06	1.41143e-06	1.11e-06	8.1674e-07	6.35302e-07	5.07738e-07	3.9235e-07	2.99431e-07	2.25212e-07	1.56303e-07	9.90644e-08	5.52662e-08	2.56417e-08
6.84373e-06	3.22376e-06	2.49437e-06	1.91815e-06	1.64225e-06	1.39041e-06	1.09488e-06	8.07518e-07	6.30576e-07	5.05007e-07	3.92449e-07	2.99616e-07	2.26583e-07	1.57989e-07	9.63231e-08	4.868e-08	1.5704e-08
6.54438e-06	3.13252e-06	2.44542e-06	1.89198e-06	1.62525e-06	1.3823e-06	1.0948e-06	8.12745e-07	6.36389e-07	5.12543e-07	3.99949e-07	3.06752e-07	2.33974e-07	1.63244e-07	9.89885e-08	5.15615e-08	1.7183e-08
6.21294e-06	3.00506e-06	2.36105e-06	1.83469e-06	1.57793e-06	1.3457e-06	1.0675e-06	7.9647e-07	6.23271e-07	4.93729e-07	3.7951e-07	2.86128e-07	2.12203e-07	1.44486e-07	8.04233e-08	3.65641e-08	1.23524e-08
5.92352e-06	2.90369e-06	2.29398e-06	1.79333e-06	1.54771e-06	1.32019e-06	1.05222e-06	7.83225e-07	6.12913e-07	4.88343e-07	3.71662e-07	2.82176e-07	2.10997e-07	1.43585e-07	8.49727e-08	4.56281e-08	1.86356e-08
5.6772e-06	2.80617e-06	2.23541e-06	1.76037e-06	1.5264e-06	1.31062e-06	1.04698e-06	7.82366e-07	6.15379e-07	4.89431e-07	3.70461e-07	2.80583e-07	2.10921e-07	1.43825e-07	8.61485e-08	4.8675e-08	2.14297e-08
5.43205e-06	2.71634e-06	2.17207e-06	1.71858e-06	1.49076e-06	1.28197e-06	1.02354e-06	7.61549e-07	5.92442e-07	4.68899e-07	3.47025e-07	2.54886e-07	1.85517e-07	1.20534e-07	6.74859e-08	3.55129e-08	1.78386e-08
5.26251e-06	2.67498e-06	2.15067e-06	1.70988e-06	1.4876e-06	1.2796e-06	1.02367e-06	7.61119e-07	5.89391e-07	4.64388e-07	3.51331e-07	2.61333e-07	1.92334e-07	1.28315e-07	7.47263e-08	3.41079e-08	7.53458e-09
5.05245e-06	2.5976e-06	2.09358e-06	1.66971e-06	1.4535e-06	1.25265e-06	9.95638e-07	7.34286e-07	5.61884e-07	4.38306e-07	3.27295e-07	2.44033e-07	1.79279e-07	1.16764e-07	6.62326e-08	3.13148e-08	6.99115e-09
4.90972e-06	2.56484e-06	2.07259e-06	1.66032e-06	1.44095e-06	1.24015e-06	9.77131e-07	7.13345e-07	5.37521e-07	4.1444e-07	3.0486e-07	2.19185e-07	1.56418e-07	1.00174e-07	5.67369e-08	2.24015e-08	1.32487e-08
4.81783e-06	2.55572e-06	2.07226e-06	1.66135e-06	1.44045e-06	1.23534e-06	9.65805e-07	6.97065e-07	5.19695e-07	3.99135e-07	2.90281e-07	2.07077e-07	1.45994e-07	9.27616e-08	5.10202e-08	1.91515e-08	2.93277e-09
4.77115e-06	2.55778e-06	2.06795e-06	1.64479e-06	1.4135e-06	1.20397e-06	9.35493e-07	6.56141e-07	4.81671e-07	3.63086e-07	2.58406e-07	1.79653e-07	1.26738e-07	7.78809e-08	3.95409e-08	1.95682e-08	8.69697e-09
4.82518e-06	2.60824e-06	2.1043e-06	1.66328e-06	1.41918e-06	1.20094e-06	9.11794e-07	6.29933e-07	4.54582e-07	3.39869e-07	2.38604e-07	1.64379e-07	1.13184e-07	6.96751e-08	3.38642e-08	1.31842e-08	-1.2135e-09
4.93001e-06	2.67384e-06	2.14271e-06	1.68092e-06	1.41654e-06	1.1833e-06	8.82749e-07	5.96471e-07	4.26775e-07	3.13897e-07	2.20927e-07	1.56272e-07	1.07683e-07	6.98503e-08	3.83128e-08	2.30054e-08	7.45778e-09
5.04351e-06	2.71184e-06	2.14011e-06	1.64931e-06	1.3662e-06	1.12149e-06	8.18106e-07	5.34963e-07	3.75518e-07	2.725e-07	1.89819e-07	1.33267e-07	8.92026e-08	6.13561e-08	3.58479e-08	2.16655e-08	1.18945e-08
5.13205e-06	2.68662e-06	2.07377e-06	1.55627e-06	1.26895e-06	1.02135e-06	7.29447e-07	4.6486e-07	3.23074e-07	2.3061e-07	1.57637e-07	1.07291e-07	7.22267e-08	4.32804e-08	2.10588e-08	9.88472e-09	6.19375e-10
5.10766e-06	2.5576e-06	1.92531e-06	1.41353e-06	1.14133e-06	9.1124e-07	6.45199e-07	4.12175e-07	2.8825e-07	2.083e-07	1.47702e-07	1.07986e-07	7.59177e-08	4.94489e-08	2.84281e-08	1.60279e-08	6.28223e-09
4.86227e-06	2.26727e-06	1.67935e-06	1.21465e-06	9.83277e-07	7.86227e-07	5.63644e-07	3.70222e-07	2.67305e-07	2.00071e-07	1.45149e-07	1.11955e-07	8.34134e-08	5.9599e-08	3.72763e-08	2.38523e-08	1.17176e-08
4.42588e-06	1.89253e-06	1.40168e-06	1.01088e-06	8.31732e-07	6.68988e-07	4.95235e-07	3.30721e-07	2.41266e-07	1.82311e-07	1.33747e-07	1.02336e-07	7.37436e-08	5.11553e-08	3.0362e-08	1.66852e-08	4.57579e-09
3.8746e-06	1.52801e-06	1.16274e-06	8.44937e-07	7.09326e-07	5.75939e-07	4.31999e-07	2.9185e-07	2.15393e-07	1.61497e-07	1.17701e-07	8.90465e-08	6.3982e-08	4.38217e-08	2.22585e-08	1.15527e-08	-7.96299e-10
3.31823e-06	1.23672e-06	9.80813e-07	7.2151e-07	6.17599e-07	5.04803e-07	3.81453e-07	2.67089e-07	1.98645e-07	1.48883e-07	1.0879e-07	8.28151e-08	6.06325e-08	3.8374e-08	2.1083e-08	1.28545e-08	8.06411e-09
2.90884e-06	1.04784e-06	8.72276e-07	6.49161e-07	5.6723e-07	4.68451e-07	3.60635e-07	2.55498e-07	1.93488e-07	1.48516e-07	1.10863e-07	8.68977e-08	6.96951e-08	5.16962e-08	3.44178e-08	2.2941e-08	1.21214e-08
2.57083e-06	9.18689e-07	7.80992e-07	5.87391e-07	5.15446e-07	4.27853e-07	3.32158e-07	2.39054e-07	1.81518e-07	1.40149e-07	1.05111e-07	8.43824e-08	6.51954e-08	4.71839e-08	3.04237e-08	2.01729e-08	1.07437e-08
2.32709e-06	8.20311e-07	7.10983e-07	5.37563e-07	4.74924e-07	3.9454e-07	3.0886e-07	2.22801e-07	1.6882e-07	1.31686e-07	9.54879e-08	7.72118e-08	5.85313e-08	4.27705e-08	2.79828e-08	1.84909e-08	9.73205e-09
2.10716e-06	7.39061e-07	6.47274e-07	4.89383e-07	4.34768e-07	3.62648e-07	2.85561e-07	2.06363e-07	1.57309e-07	1.21603e-07	9.09275e-08	7.09699e-08	5.70414e-08	4.06987e-08	2.63657e-08	1.78973e-08	8.02599e-09
1.93425e-06	6.7591e-07	6.03905e-07	4.57735e-07	4.1044e-07	3.4296e-07	2.68718e-07	1.989e-07	1.52515e-07	1.18478e-07	8.90293e-08	7.13852e-08	5.49419e-08	4.11021e-08	2.89434e-08	2.23332e-08	1.49014e-08
1.81874e-06	6.31787e-07	5.78488e-07	4.38511e-07	3.96714e-07	3.33506e-07	2.64333e-07	1.95324e-07	1.51239e-07	1.19135e-07	8.93327e-08	7.25354e-08	5.67113e-08	4.05713e-08	2.78943e-08	1.77073e-08	5.86451e-09
1.73464e-06	6.13253e-07	5.5523e-07	4.24157e-07	3.81439e-07	3.22734e-07	2.56231e-07	1.91042e-07	1.50574e-07	1.18851e-07	9.04277e-08	7.50341e-08	5.91982e-08	4.54603e-08	3.29483e-08	1.9956e-08	1.38896e-08
1.67683e-06	5.83411e-07	5.25264e-07	4.00829e-07	3.60033e-07	3.03453e-07	2.39112e-07	1.74696e-07	1.37426e-07	1.08321e-07	8.16799e-08	6.56042e-08	5.07545e-08	3.56141e-08	2.44041e-08	2.1649e-08	1.52289e-08
1.62016e-06	5.57729e-07	4.98736e-07	3.76504e-07	3.38009e-07	2.85866e-07	2.24131e-07	1.6237e-07	1.2385e-07	9.50864e-08	7.18203e-08	5.83232e-08	4.27788e-08	3.08235e-08	1.93863e-08	1.66439e-08	1.19427e-08
1.56991e-06	5.39088e-07	4.86781e-07	3.71262e-07	3.34033e-07	2.83142e-07	2.23518e-07	1.64994e-07	1.28839e-07	1.00758e-07	7.69999e-08	6.38443e-08	4.92354e-08	3.65095e-08	2.44534e-08	1.816e-08	1.08303e-08
1.49148e-06	4.90358e-07	4.45142e-07	3.33215e-07	3.00321e-07	2.54069e-07	1.97935e-07	1.43204e-07	1.08755e-07	8.38093e-08	5.76505e-08	4.48238e-08	3.30334e-08	1.92969e-08	9.03554e-09	2.22413e-09	-1.41536e-09
1.45844e-06	4.70771e-07	4.30194e-07	3.25018e-07	2.95195e-07	2.50246e-07	1.94442e-07	1.43415e-07	1.09902e-07	8.32891e-08	5.86853e-08	4.8083e-08	3.71016e-08	2.43511e-08	1.40142e-08	3.74049e-09	-1.80706e-09
1.4697e-06	4.71504e-07	4.28703e-07	3.22112e-07	2.95903e-07	2.45558e-07	1.92989e-07	1.42038e-07	1.08563e-07	8.26067e-08	5.80913e-08	4.71352e-08	3.52187e-08	2.38583e-08	1.24346e-08	4.10696e-09	-1.49114e-09
1.53817e-06	4.89499e-07	4.39256e-07	3.27247e-07	2.95264e-07	2.43745e-07	1.92378e-07	1.40568e-07	1.0717e-07	8.38304e-08	5.83426e-08	4.74247e-08	3.44849e-08	2.25687e-08	1.13476e-08	4.14476e-09	-1.57956e-09
1.65864e-06	5.40159e-07	4.59374e-07	3.42752e-07	3.03111e-07	2.43934e-07	1.90912e-07	1.39532e-07	1.007e-07	7.51617e-08	5.14178e-08	4.06136e-08	2.91271e-08	1.61747e-08	6.95006e-09	1.0741e-09	-3.38658e-09
1.80137e-06	6.11223e-07	5.04979e-07	3.65147e-07	3.20074e-07	2.64614e-07	2.01622e-07	1.45442e-07	1.08545e-07	8.18065e-08	5.9769e-08	4.80048e-08	3.47747e-08	2.33895e-08	1.1739e-08	2.52723e-09	-5.29455e-09
1.9276e-06	6.90902e-07	5.6074e-07	4.06558e-07	3.54701e-07	2.96032e-07	2.26068e-07	1.53058e-07	1.24931e-07	8.65049e-08	7.00025e-08	5.71519e-08	4.34167e-08	2.84685e-08	6.97498e-09	9.47688e-10	-1.30402e-08
1.98135e-06	7.29265e-07	5.91168e-07	4.27255e-07	3.66464e-07	2.99773e-07	2.2349e-07	1.51428e-07	1.11183e-07	7.88602e-08	4.84079e-08	3.91585e-08	2.34647e-08	8.97144e-09	-2.48926e-09	-1.16755e-08	-1.23705e-08
1.98362e-06	7.50253e-07	6.08643e-07	4.39323e-07	3.71847e-07	3.01112e-07	2.18954e-07	1.4415e-07	1.03854e-07	6.74375e-08	4.44655e-08	3.12611e-08	1.82335e-08	6.50746e-09	-5.81248e-10	-7.01289e-09	-6.50746e-09
2.05893e-06	8.19893e-07	6.66056e-07	4.91901e-07	4.17781e-07	3.41677e-07	2.58826e-07	1.76126e-07	1.2988e-07	9.75841e-08	6.39989e-08	5.89573e-08	4.49066e-08	2.94281e-08	1.18142e-08	-3.41159e-10	-4.28344e-09
2.12816e-06	8.68455e-07	6.98827e-07	5.18005e-07	4.36483e-07	3.54026e-07	2.64063e-07	1.77701e-07	1.29422e-07	9.84535e-08	6.88113e-08	5.46725e-08	4.42864e-08	3.00465e-08	1.92055e-08	1.68806e-08	1.13085e-08
2.22859e-06	9.33196e-07	7.42551e-07	5.47876e-07	4.61348e-07	3.75831e-07	2.77312e-07	1.85009e-07	1.34834e-07	1.03257e-07	7.33239e-08	5.7618e-08	4.53868e-08	3.09065e-08	2.10634e-08	1.78919e-08	1.26229e-08
2.35344e-06	1.00775e-06	7.96169e-07	5.85237e-07	4.9046e-07	3.98691e-07	2.93377e-07	1.95757e-07	1.43978e-07	1.08764e-07	7.94628e-08	6.32897e-08	4.89361e-08	3.70211e-08	2.63191e-08	2.02289e-08	1.40882e-08
2.52015e-06	1.0882e-06	8.4332e-07	6.14061e-07	5.08087e-07	4.08329e-07	2.94521e-07	1.9158e-07	1.3357e-07	9.45768e-08	6.69935e-08	4.75474e-08	3.30166e-08	2.12908e-08	8.47843e-09	4.75095e-09	1.26355e-09
2.858e-06	1.22247e-06	9.27055e-07	6.66612e-07	5.46903e-07	4.37492e-07	3.13171e-07	2.02017e-07	1.38207e-07	9.79252e-08	6.63617e-08	5.00619e-08	3.80708e-08	2.4197e-08	1.8132e-08	9.83043e-09	3.90437e-09
3.38271e-06	1.42017e-06	1.04338e-06	7.39083e-07	5.99305e-07	4.71102e-07	3.3327e-07	2.14304e-07	1.51276e-07	1.09249e-07	7.4741e-08	5.98939e-08	4.44402e-08	3.00859e-08	1.90801e-08	1.08795e-08	4.83952e-09
3.89507e-06	1.61792e-06	1.16467e-06	8.086e-07	6.46402e-07	5.00164e-07	3.4709e-07	2.16634e-07	1.50358e-07	1.09555e-07	7.19503e-08	5.5637e-08	3.87804e-08	2.63843e-08	1.69704e-08	8.47886e-09	6.44444e-10
4.24455e-06	1.73994e-06	1.25586e-06	8.65068e-07	6.84455e-07	5.25943e-07	3.58749e-07	2.18636e-07	1.47531e-07	1.02836e-07	6.87298e-08	5.02426e-08	3.54959e-08	2.15831e-08	1.04756e-08	1.33947e-09	-7.03852e-09
4.43421e-06	1.77672e-06	1.30145e-06	8.95822e-07	7.12071e-07	5.46276e-07	3.74365e-07	2.2793e-07	1.55091e-07	1.12076e-07	7.68696e-08	5.73079e-08	4.2725e-08	2.97976e-08	2.05853e-08	1.4507e-08	6.19203e-10
4.40969e-06	1.71337e-06	1.26262e-06	8.66839e-07	6.94579e-07	5.34108e-07	3.67421e-07	2.23581e-07	1.53722e-07	1.08568e-07	7.44092e-08	5.8663e-08	4.27272e-08	3.02666e-08	1.72248e-08	6.34399e-09	-7.58246e-10
4.11373e-06	1.55919e-06	1.14431e-06	7.87525e-07	6.38525e-07	5.00025e-07	3.50254e-07	2.23444e-07	1.57846e-07	1.16221e-07	8.17601e-08	6.32851e-08	4.99912e-08	3.83653e-08	2.82306e-08	2.30242e-08	1.9726e-08
3.60709e-06	1.34643e-06	9.86895e-07	6.8625e-07	5.68899e-07	4.51245e-07	3.2204e-07	2.11639e-07	1.517e-07	1.12182e-07	8.0829e-08	6.25932e-08	4.44332e-08	2.97991e-08	1.63781e-08	9.42752e-09	3.43738e-09
3.03269e-06	1.10439e-06	8.30014e-07	5.91129e-07	4.95994e-07	3.98496e-07	2.9516e-07	1.99823e-07	1.44673e-07	1.08593e-07	7.77076e-08	6.138e-08	4.2487e-08	3.00897e-08	2.39732e-08	1.77809e-08	8.15114e-09
2.44406e-06	8.98853e-07	7.05429e-07	5.14861e-07	4.41756e-07	3.66855e-07	2.75426e-07	1.89683e-07	1.3528e-07	9.98079e-08	6.90239e-08	5.20902e-08	3.6079e-08	2.2949e-08	1.21569e-08	6.55866e-09	-3.79113e-10
2.0554e-06	7.91746e-07	6.49683e-07	4.84065e-07	4.20502e-07	3.50077e-07	2.67559e-07	1.87265e-07	1.38284e-07	1.07046e-07	7.7691e-08	6.01006e-08	4.57831e-08	3.44226e-08	2.3138e-08	1.85255e-08	1.36477e-08
1.85735e-06	7.30109e-07	6.10815e-07	4.60926e-07	4.00988e-07	3.35692e-07	2.61196e-07	1.88546e-07	1.42711e-07	1.11826e-07	8.295e-08	6.59025e-08	5.26083e-08	3.55356e-08	2.19886e-08	1.85513e-08	6.44493e-09
1.73144e-06	6.70192e-07	5.56183e-07	4.19213e-07	3.67756e-07	3.07971e-07	2.37193e-07	1.67235e-07	1.29565e-07	9.88576e-08	6.8681e-08	5.2152e-08	3.64319e-08	1.94101e-08	9.31332e-09	4.42288e-09	2.11034e-09
1.66534e-06	6.14565e-07	5.12169e-07	3.834e-07	3.35987e-07	2.8012e-07	2.2127e-07	1.57644e-07	1.21364e-07	9.18569e-08	6.22615e-08	4.82599e-08	3.63055e-08	2.16216e-08	5.98984e-09	1.18786e-09	7.91063e-09
1.65151e-06	5.81592e-07	4.90447e-07	3.65526e-07	3.22096e-07	2.76744e-07	2.21057e-07	1.63209e-07	1.33223e-07	1.00912e-07	7.8976e-08	6.59734e-08	5.32614e-08	4.17246e-08	2.59294e-08	1.68945e-08	8.84531e-09
1.60589e-06	5.42294e-07	4.59121e-07	3.44533e-07	3.06814e-07	2.70244e-07	2.15452e-07	1.60963e-07	1.29208e-07	9.8198e-08	7.45552e-08	6.33087e-08	5.22518e-08	3.79473e-08	2.51845e-08	1.13223e-08	-1.0741e-09
1.55115e-06	4.99646e-07	4.26535e-07	3.22189e-07	2.92178e-07	2.4698e-07	1.96209e-07	1.48888e-07	1.12838e-07	8.68335e-08	6.46702e-08	5.54208e-08	4.38211e-08	3.0743e-08	1.98383e-08	1.63129e-08	6.29265e-09
1.56013e-06	5.13899e-07	4.46235e-07	3.33611e-07	3.00569e-07	2.54056e-07	2.00366e-07	1.49191e-07	1.13407e-07	8.73136e-08	6.2977e-08	5.0834e-08	3.87541e-08	2.80389e-08	1.6376e-08	9.95704e-09	4.47309e-09
1.63541e-06	5.7004e-07	4.81135e-07	3.54549e-07	3.1486e-07	2.63925e-07	2.07316e-07	1.51996e-07	1.15138e-07	8.81855e-08	6.48597e-08	5.48395e-08	4.2747e-08	3.17791e-08	2.40334e-08	2.20369e-08	1.91054e-08
1.73805e-06	6.44247e-07	5.33825e-07	3.97602e-07	3.46125e-07	2.87243e-07	2.21652e-07	1.59106e-07	1.19747e-07	9.42862e-08	6.72968e-08	5.58237e-08	4.44517e-08	3.32693e-08	2.44624e-08	2.07602e-08	1.76897e-08
1.79309e-06	6.93897e-07	5.68436e-07	4.18398e-07	3.58163e-07	2.97283e-07	2.22719e-07	1.54423e-07	1.17779e-07	8.7579e-08	6.19535e-08	5.1769e-08	4.03968e-08	2.8835e-08	1.95097e-08	1.36467e-08	8.55446e-09
1.84693e-06	7.22593e-07	5.91875e-07	4.33106e-07	3.68436e-07	2.98041e-07	2.20685e-07	1.49495e-07	1.09742e-07	8.01491e-08	5.50164e-08	4.56659e-08	3.38009e-08	2.36416e-08	1.26232e-08	8.27647e-09	6.50746e-09
1.91659e-06	7.6376e-07	6.20318e-07	4.53096e-07	3.80933e-07	3.08883e-07	2.27218e-07	1.54157e-07	1.10475e-07	8.19687e-08	5.6697e-08	4.57544e-08	3.28911e-08	2.02932e-08	6.49482e-09	1.95855e-09	5.25651e-09
2.08226e-06	8.18769e-07	6.48669e-07	4.64583e-07	3.8743e-07	3.12678e-07	2.26694e-07	1.54115e-07	1.15805e-07	8.59594e-08	6.18129e-08	5.0441e-08	3.96502e-08	2.78992e-08	1.77276e-08	1.11572e-08	6.5452e-09
2.41221e-06	8.82108e-07	6.70925e-07	4.68196e-07	3.89917e-07	3.10791e-07	2.25866e-07	1.53816e-07	1.16111e-07	8.47233e-08	6.45691e-08	5.03664e-08	3.87667e-08	2.97068e-08	2.14051e-08	1.26737e-08	8.47865e-09
2.79699e-06	9.27483e-07	6.63584e-07	4.45287e-07	3.68398e-07	2.85342e-07	2.08984e-07	1.40043e-07	1.03487e-07	7.65984e-08	5.49532e-08	4.45034e-08	3.27015e-08	1.98635e-08	9.54006e-09	1.81956e-09	-8.84508e-11
3.21121e-06	9.39626e-07	6.21721e-07	3.95615e-07	3.27041e-07	2.53298e-07	1.81868e-07	1.19206e-07	8.52161e-08	6.36214e-08	4.08517e-08	3.14506e-08	1.87895e-08	8.30174e-09	1.59212e-09	7.20243e-10	3.00733e-09
3.38696e-06	9.42886e-07	6.04119e-07	3.76649e-07	3.15618e-07	2.42772e-07	1.77041e-07	1.21633e-07	8.71241e-08	6.60601e-08	4.36947e-08	3.60753e-08	2.61815e-08	1.67678e-08	7.42987e-09	3.84129e-09	-1.61739e-09
3.38254e-06	9.6011e-07	6.33646e-07	3.96844e-07	3.32428e-07	2.59559e-07	1.93475e-07	1.3453e-07	1.01653e-07	7.68239e-08	5.68472e-08	4.97587e-08	3.94986e-08	2.81014e-08	1.5428e-08	8.69323e-09	-1.27619e-09
3.34069e-06	9.40954e-07	6.36552e-07	4.02618e-07	3.34879e-07	2.61871e-07	1.9297e-07	1.31725e-07	9.87466e-08	7.57373e-08	5.55078e-08	4.77243e-08	4.02188e-08	3.03e-08	2.2984e-08	1.51879e-08	1.02727e-08
3.03093e-06	8.59244e-07	6.10432e-07	3.92816e-07	3.28578e-07	2.5441e-07	1.78662e-07	1.23433e-07	8.86991e-08	6.25063e-08	4.45896e-08	3.45194e-08	2.41459e-08	1.4442e-08	4.64975e-09	1.5794e-09	2.21116e-09
2.73514e-06	7.55187e-07	5.80509e-07	3.84542e-07	3.26485e-07	2.55566e-07	1.89157e-07	1.28547e-07	9.43699e-08	6.90243e-08	4.84674e-08	3.84858e-08	2.77715e-08	2.20731e-08	9.07184e-09	4.5991e-09	-7.95997e-10
2.65944e-06	6.58008e-07	5.25648e-07	3.56825e-07	3.13918e-07	2.49166e-07	1.88318e-07	1.25651e-07	9.38748e-08	6.90731e-08	4.83145e-08	3.83585e-08	3.31025e-08	1.92045e-08	1.09668e-08	9.70334e-09	4.28312e-09
2.62632e-06	5.79257e-07	4.80353e-07	3.26565e-07	3.06843e-07	2.33487e-07	1.7821e-07	1.20243e-07	8.80123e-08	6.38803e-08	4.33618e-08	3.35953e-08	2.4271e-08	1.60838e-08	8.09875e-09	1.13964e-08	1.04867e-09
2.61569e-06	5.41857e-07	4.58042e-07	3.18648e-07	2.96829e-07	2.39078e-07	1.90272e-07	1.35022e-07	1.01794e-07	7.79785e-08	5.49968e-08	4.51421e-08	3.48831e-08	2.35755e-08	1.39356e-08	3.57549e-09	-3.07012e-09
2.70973e-06	5.59989e-07	4.59418e-07	3.13501e-07	2.96558e-07	2.40486e-07	1.8876e-07	1.33598e-07	1.01493e-07	7.02987e-08	4.92874e-08	4.47642e-08	3.50735e-08	1.93056e-08	9.6528e-09	6.36782e-09	-5.05382e-11
2.77577e-06	5.71661e-07	4.62299e-07	3.14694e-07	2.95679e-07	2.41946e-07	1.89792e-07	1.34858e-07	1.00859e-07	7.07012e-08	5.22047e-08	4.50663e-08	3.81807e-08	2.37524e-08	1.68793e-08	1.30512e-08	5.29375e-09
2.72414e-06	5.80204e-07	4.65558e-07	3.22434e-07	3.04063e-07	2.47081e-07	1.9087e-07	1.37312e-07	1.02567e-07	7.52514e-08	5.77399e-08	4.93632e-08	3.68676e-08	2.81119e-08	1.93056e-08	1.16364e-08	9.09688e-10
2.69656e-06	5.66835e-07	4.73632e-07	3.23601e-07	2.98522e-07	2.39229e-07	1.86241e-07	1.29261e-07	9.77764e-08	7.2609e-08	5.37461e-08	4.52306e-08	3.18256e-08	2.11623e-08	9.3367e-09	5.02843e-09	-1.57928e-09
2.71169e-06	6.36592e-07	5.17878e-07	3.56231e-07	3.25769e-07	2.65705e-07	2.0823e-07	1.49631e-07	1.13926e-07	9.01602e-08	6.38424e-08	5.30399e-08	4.0001e-08	2.4928e-08	1.1409e-08	2.36266e-09	-4.40946e-09
2.70515e-06	7.01498e-07	5.54465e-07	3.80913e-07	3.41482e-07	2.77454e-07	2.12427e-07	1.50975e-07	1.15247e-07	8.96503e-08	6.71619e-08	5.61199e-08	4.30059e-08	2.60259e-08	1.37457e-08	4.13129e-09	-1.90772e-09
2.64163e-06	7.18206e-07	5.68238e-07	3.86191e-07	3.42274e-07	2.72255e-07	2.05344e-07	1.41857e-07	1.0868e-07	8.2969e-08	6.08339e-08	4.9602e-08	3.79406e-08	2.52432e-08	1.70436e-08	1.31017e-08	1.16488e-08
2.57419e-06	7.44416e-07	5.92897e-07	4.04917e-07	3.56757e-07	2.83189e-07	2.10721e-07	1.42801e-07	1.06466e-07	8.03517e-08	5.81792e-08	4.54063e-08	3.51728e-08	2.571e-08	1.81676e-08	1.25707e-08	1.3771e-09
2.52169e-06	7.72614e-07	6.11565e-07	4.22166e-07	3.65026e-07	2.88418e-07	2.11633e-07	1.40811e-07	1.01951e-07	7.48648e-08	5.15943e-08	4.09571e-08	3.29729e-08	2.44075e-08	1.64612e-08	1.35429e-08	1.84825e-08
2.52203e-06	8.28579e-07	6.62199e-07	4.74367e-07	4.03494e-07	3.29312e-07	2.48042e-07	1.69854e-07	1.18475e-07	9.02016e-08	7.17065e-08	5.95407e-08	4.77412e-08	4.03002e-08	2.93092e-08	3.22275e-08	1.94174e-08
2.47212e-06	8.56894e-07	6.77051e-07	4.85801e-07	4.13906e-07	3.30314e-07	2.43248e-07	1.58329e-07	1.15693e-07	8.60936e-08	6.30637e-08	4.88517e-08	3.34521e-08	2.34089e-08	1.43258e-08	1.46416e-08	6.34175e-09
2.38911e-06	8.78196e-07	6.91928e-07	5.02135e-07	4.24811e-07	3.33312e-07	2.48055e-07	1.63378e-07	1.18886e-07	8.0091e-08	6.12304e-08	4.90147e-08	3.6142e-08	2.51137e-08	1.66877e-08	1.34032e-08	9.1713e-09
2.31469e-06	9.0115e-07	7.02451e-07	5.08805e-07	4.25164e-07	3.3877e-07	2.46703e-07	1.61496e-07	1.17332e-07	8.56998e-08	6.12936e-08	4.87873e-08	3.58135e-08	2.68823e-08	1.92395e-08	1.81657e-08	1.72057e-08
2.25567e-06	9.03638e-07	7.02425e-07	5.10851e-07	4.28916e-07	3.40993e-07	2.46324e-07	1.61218e-07	1.18545e-07	8.76579e-08	6.23042e-08	4.76377e-08	3.55104e-08	2.47347e-08	1.35422e-08	1.51465e-08	8.42597e-09
2.18114e-06	8.94876e-07	6.94141e-07	5.04522e-07	4.2201e-07	3.40382e-07	2.47373e-07	1.66123e-07	1.23276e-07	9.34389e-08	6.76949e-08	5.76651e-08	4.22541e-08	3.04305e-08	2.09312e-08	1.40215e-08	6.10126e-09
2.10129e-06	8.63906e-07	6.6622e-07	4.83857e-07	4.0338e-07	3.23485e-07	2.3505e-07	1.5585e-07	1.13041e-07	8.47207e-08	5.73605e-08	4.33014e-08	3.22108e-08	2.07412e-08	1.19748e-08	8.26112e-09	3.91582e-09
2.08619e-06	8.32655e-07	6.38671e-07	4.62534e-07	3.86972e-07	3.16171e-07	2.30604e-07	1.60006e-07	1.21163e-07	9.35755e-08	6.81732e-08	5.23204e-08	4.13814e-08	2.75371e-08	2.00717e-08	1.2038e-08	5.60847e-09
2.09136e-06	7.78446e-07	6.0239e-07	4.31765e-07	3.6103e-07	2.96307e-07	2.19344e-07	1.56945e-07	1.15703e-07	8.93795e-08	6.73126e-08	5.08286e-08	3.98772e-08	3.20079e-08	2.5288e-08	2.14733e-08	1.91365e-08
2.02992e-06	7.09688e-07	5.55084e-07	4.01667e-07	3.46154e-07	2.84173e-07	2.1685e-07	1.51926e-07	1.16597e-07	8.98446e-08	6.80308e-08	5.52608e-08	4.11898e-08	3.11987e-08	1.83782e-08	1.17216e-08	3.92826e-09
1.85889e-06	6.33864e-07	5.08665e-07	3.73412e-07	3.29809e-07	2.7201e-07	2.10522e-07	1.518e-07	1.12479e-07	8.58406e-08	6.48352e-08	5.2002e-08	3.79689e-08	2.54642e-08	1.45889e-08	5.68397e-09	1.45257e-09
1.67736e-06	5.8744e-07	4.83429e-07	3.60636e-07	3.18552e-07	2.66161e-07	2.05876e-07	1.48445e-07	1.11476e-07	8.51163e-08	6.15606e-08	5.06606e-08	4.04552e-08	2.99341e-08	1.74805e-08	8.29818e-09	2.19769e-09
1.59571e-06	5.98373e-07	4.89947e-07	3.71543e-07	3.25305e-07	2.74698e-07	2.11435e-07	1.53805e-07	1.1387e-07	8.92293e-08	6.51444e-08	5.41943e-08	4.25876e-08	3.10566e-08	1.96267e-08	1.35012e-08	6.277e-09
1.59404e-06	6.15661e-07	4.98775e-07	3.76699e-07	3.27115e-07	2.72922e-07	2.07742e-07	1.48548e-07	1.12983e-07	8.76231e-08	6.5168e-08	5.18565e-08	4.13615e-08	2.70018e-08	1.5951e-08	9.04269e-09	2.96792e-09
1.60182e-06	6.23084e-07	4.98219e-07	3.66763e-07	3.15223e-07	2.59112e-07	1.92279e-07	1.29537e-07	9.6335e-08	7.11904e-08	4.89126e-08	3.814e-08	3.33535e-08	2.09896e-08	1.39047e-08	1.19598e-08	1.369e-08
1.61548e-06	6.61956e-07	5.22265e-07	3.89988e-07	3.36857e-07	2.74961e-07	2.12574e-07	1.5059e-07	1.13763e-07	8.72673e-08	6.68965e-08	5.6086e-08	4.6109e-08	3.39976e-08	2.17474e-08	1.35637e-08	3.28357e-09
1.63415e-06	6.44584e-07	5.03006e-07	3.65949e-07	3.11962e-07	2.53037e-07	1.89427e-07	1.31286e-07	9.64186e-08	7.3119e-08	5.37469e-08	4.32905e-08	3.35413e-08	2.3931e-08	1.67454e-08	1.13025e-08	1.16056e-08
1.68789e-06	6.38619e-07	4.82119e-07	3.46176e-07	2.9651e-07	2.42878e-07	1.77779e-07	1.24211e-07	9.4926e-08	7.3256e-08	5.4579e-08	4.507e-08	3.17346e-08	2.61656e-08	1.99525e-08	2.18594e-08	1.88286e-08
1.68524e-06	5.95886e-07	4.50813e-07	3.24127e-07	2.78994e-07	2.2804e-07	1.69824e-07	1.22102e-07	9.29939e-08	7.58196e-08	5.5766e-08	4.11931e-08	3.08633e-08	2.75294e-08	1.80204e-08	1.81341e-08	1.09865e-08
1.53848e-06	5.28665e-07	4.15092e-07	3.06533e-07	2.66416e-07	2.19441e-07	1.70459e-07	1.27993e-07	9.97828e-08	8.07405e-08	6.56253e-08	5.85918e-08	5.0144e-08	4.282e-08	3.11648e-08	2.2376e-08	1.57844e-09
1.23018e-06	4.17936e-07	3.3846e-07	2.48643e-07	2.21343e-07	1.83284e-07	1.40667e-07	1.02596e-07	7.60916e-08	5.70119e-08	4.3526e-08	3.56214e-08	2.81713e-08	1.82842e-08	7.18489e-09	3.00528e-09	-1.17433e-09
1.00737e-06	3.46877e-07	2.88682e-07	2.14122e-07	1.91432e-07	1.61254e-07	1.23109e-07	8.9977e-08	6.41935e-08	4.74002e-08	3.41549e-08	2.77027e-08	2.08465e-08	1.26392e-08	5.13902e-09	2.13389e-09	1.01013e-10
8.67361e-07	3.1726e-07	2.73712e-07	2.12866e-07	1.92702e-07	1.67134e-07	1.33157e-07	1.01212e-07	8.07449e-08	6.375e-08	5.08333e-08	4.43434e-08	3.72348e-08	2.97854e-08	2.26389e-08	1.80682e-08	1.16035e-08
7.34672e-07	2.78016e-07	2.44394e-07	1.92781e-07	1.74549e-07	1.52922e-07	1.22279e-07	9.60684e-08	7.33044e-08	6.03252e-08	4.52629e-08	3.81673e-08	3.43038e-08	2.75491e-08	1.64891e-08	1.57947e-08	1.10979e-08
6.46816e-07	2.50997e-07	2.27199e-07	1.82961e-07	1.67382e-07	1.4693e-07	1.19925e-07	9.12029e-08	7.35658e-08	5.72038e-08	4.49702e-08	3.8683e-08	3.18655e-08	2.32679e-08	1.79527e-08	1.37486e-08	6.21149e-09
5.75205e-07	2.27383e-07	2.07815e-07	1.70269e-07	1.55889e-07	1.35854e-07	1.09721e-07	8.46484e-08	7.00669e-08	5.38063e-08	4.05757e-08	3.50587e-08	2.72062e-08	1.97702e-08	1.41018e-08	1.00492e-08	6.6027e-09
8.17602e-07	3.43843e-07	2.80532e-07	2.18862e-07	1.94679e-07	1.69814e-07	1.33059e-07	1.0336e-07	8.01611e-08	6.13672e-08	4.2851e-08	3.47352e-08	2.43348e-08	1.06023e-08	-2.71369e-09	-1.09936e-08	-2.32746e-08
1.00386e-06	4.41066e-07	3.40793e-07	2.6266e-07	2.25639e-07	1.92366e-07	1.49917e-07	1.13501e-07	8.62617e-08	6.58134e-08	4.82177e-08	4.01898e-08	3.15435e-08	2.02085e-08	8.59588e-09	4.72079e-09	-1.05271e-08
1.28474e-06	5.77049e-07	4.17536e-07	3.08652e-07	2.54765e-07	2.12138e-07	1.59993e-07	1.16293e-07	8.8839e-08	6.67996e-08	4.81179e-08	3.93578e-08	2.94615e-08	1.82146e-08	7.53579e-09	6.56383e-10	-8.76019e-09
1.64673e-06	7.51893e-07	5.2695e-07	3.72355e-07	2.99306e-07	2.42729e-07	1.79286e-07	1.26849e-07	9.49129e-08	7.08533e-08	5.09972e-08	4.06842e-08	3.00303e-08	1.77733e-08	5.07448e-09	-4.38021e-09	-1.32921e-08
2.08605e-06	9.82945e-07	6.68102e-07	4.5574e-07	3.53385e-07	2.76883e-07	1.96758e-07	1.33524e-07	9.74701e-08	7.28154e-08	5.26927e-08	4.30732e-08	3.3075e-08	2.20542e-08	1.15005e-08	1.74212e-09	-3.26962e-09
2.5282e-06	1.26369e-06	8.37672e-07	5.68072e-07	4.25552e-07	3.2761e-07	2.19606e-07	1.39995e-07	9.9495e-08	7.28191e-08	5.07638e-08	4.10049e-08	3.00467e-08	1.87981e-08	1.49224e-08	5.26449e-09	-3.40866e-09
3.01742e-06	1.52954e-06	1.0199e-06	6.9036e-07	5.10832e-07	3.88433e-07	2.5534e-07	1.53697e-07	1.07073e-07	7.77952e-08	5.63074e-08	4.62453e-08	3.58297e-08	2.61085e-08	1.60211e-08	1.01884e-08	-1.919e-09
3.45508e-06	1.76421e-06	1.18911e-06	8.07073e-07	5.99386e-07	4.49537e-07	2.86708e-07	1.62374e-07	1.0474e-07	7.20274e-08	4.82287e-08	3.78759e-08	2.89625e-08	1.91147e-08	1.33197e-08	5.89602e-09	-1.71704e-09
3.68359e-06	1.87257e-06	1.27545e-06	8.75843e-07	6.60446e-07	4.98952e-07	3.20298e-07	1.81722e-07	1.14195e-07	7.67822e-08	5.17816e-08	3.76777e-08	2.54804e-08	1.91166e-08	1.21594e-08	6.81835e-09	-1.74247e-09
3.58222e-06	1.76039e-06	1.21853e-06	8.56156e-07	6.64541e-07	5.12716e-07	3.43326e-07	2.0591e-07	1.39601e-07	1.00884e-07	7.21935e-08	5.99444e-08	4.90719e-08	4.88319e-08	4.1634e-08	3.99167e-08	3.43225e-08
3.12082e-06	1.48889e-06	1.04838e-06	7.52418e-07	5.86551e-07	4.59742e-07	3.10961e-07	1.87056e-07	1.23652e-07	8.48213e-08	5.64591e-08	4.1432e-08	2.84506e-08	1.95732e-08	1.56712e-08	1.15545e-08	9.9255e-09
2.49418e-06	1.18273e-06	8.48812e-07	6.23317e-07	5.04155e-07	4.00071e-07	2.79784e-07	1.77506e-07	1.19541e-07	8.44846e-08	6.00611e-08	4.48943e-08	3.32887e-08	2.49665e-08	1.86902e-08	1.24517e-08	6.49105e-09
1.97261e-06	9.27381e-07	6.83721e-07	5.09257e-07	4.17706e-07	3.39644e-07	2.44582e-07	1.63779e-07	1.13488e-07	8.39606e-08	6.30462e-08	4.89896e-08	3.44153e-08	2.83784e-08	2.22152e-08	1.31599e-08	8.0197e-09
1.62805e-06	7.67131e-07	5.80915e-07	4.38382e-07	3.692e-07	3.03124e-07	2.25632e-07	1.55199e-07	1.16516e-07	9.33293e-08	6.97002e-08	6.10366e-08	4.49976e-08	3.65235e-08	3.02847e-08	2.31618e-08	1.09242e-08
1.35161e-06	6.33136e-07	4.83355e-07	3.62469e-07	3.04362e-07	2.51017e-07	1.8095e-07	1.21353e-07	9.0412e-08	7.5358e-08	5.20699e-08	4.73845e-08	3.39976e-08	2.72032e-08	2.14822e-08	1.93352e-08	1.75292e-08
1.18868e-06	5.56896e-07	4.30563e-07	3.22682e-07	2.72733e-07	2.27242e-07	1.66734e-07	1.18262e-07	8.72569e-08	6.57616e-08	5.12756e-08	4.23339e-08	3.60697e-08	2.68881e-08	2.08512e-08	1.67719e-08	1.4246e-08
1.10077e-06	5.12604e-07	4.01518e-07	3.04059e-07	2.56068e-07	2.1419e-07	1.62966e-07	1.16302e-07	8.78609e-08	6.99528e-08	5.56692e-08	4.86727e-08	4.08552e-08	3.14339e-08	2.53088e-08	1.99035e-08	9.61077e-09
1.01488e-06	4.74766e-07	3.71116e-07	2.79048e-07	2.34441e-07	1.94228e-07	1.44936e-07	1.04332e-07	8.27734e-08	6.67972e-08	5.18818e-08	4.43294e-08	3.67012e-08	3.10179e-08	2.65597e-08	2.1508e-08	1.07603e-08
9.76915e-07	4.67179e-07	3.57323e-07	2.68153e-07	2.22792e-07	1.84603e-07	1.38269e-07	1.00359e-07	8.17064e-08	6.77014e-08	5.12591e-08	4.40482e-08	3.54608e-08	3.40464e-08	2.92855e-08	2.69492e-08	2.20241e-08
1.00442e-06	4.77786e-07	3.51603e-07	2.58303e-07	2.19812e-07	1.83656e-07	1.37638e-07	1.02531e-07	8.03425e-08	6.14629e-08	4.98068e-08	4.60435e-08	3.70015e-08	3.00558e-08	2.29712e-08	1.79072e-08	9.63554e-09
1.0408e-06	4.76448e-07	3.45162e-07	2.49261e-07	2.04152e-07	1.67706e-07	1.26436e-07	9.2971e-08	6.90905e-08	5.41889e-08	4.28106e-08	3.97671e-08	3.219e-08	2.63052e-08	2.04708e-08	1.73642e-08	1.59245e-08
1.05551e-06	4.74529e-07	3.42792e-07	2.48421e-07	2.06875e-07	1.69003e-07	1.28328e-07	9.69591e-08	7.8964e-08	6.87983e-08	5.7837e-08	5.21796e-08	4.52973e-08	3.96651e-08	3.32121e-08	2.24655e-08	1.2262e-08
1.0108e-06	4.27832e-07	3.05203e-07	2.14762e-07	1.7929e-07	1.5156e-07	1.14661e-07	9.08953e-08	7.73583e-08	6.71549e-08	5.53353e-08	5.01452e-08	4.53719e-08	4.03839e-08	3.66082e-08	3.11782e-08	2.38414e-08
9.1556e-07	3.58079e-07	2.60481e-07	1.86168e-07	1.62062e-07	1.36617e-07	1.01147e-07	7.92504e-08	6.64461e-08	5.79983e-08	4.31104e-08	3.73523e-08	3.03692e-08	2.54066e-08	2.13279e-08	1.57971e-08	8.11951e-09
8.08753e-07	2.91138e-07	2.14619e-07	1.56005e-07	1.37318e-07	1.15915e-07	9.00677e-08	7.14051e-08	5.70736e-08	5.08738e-08	3.73883e-08	3.65928e-08	2.90545e-08	2.72615e-08	2.37133e-08	1.91045e-08	1.24375e-08
7.54861e-07	2.53094e-07	2.07094e-07	1.5819e-07	1.3512e-07	1.18567e-07	9.09263e-08	7.04076e-08	6.33113e-08	5.32981e-08	4.43962e-08	3.80954e-08	3.29057e-08	2.86757e-08	2.60872e-08	2.49381e-08	1.74125e-08
7.15826e-07	2.43036e-07	1.82782e-07	1.4042e-07	1.29928e-07	1.14271e-07	9.38786e-08	7.92571e-08	6.90927e-08	6.06581e-08	5.17059e-08	4.89659e-08	4.25895e-08	3.99379e-08	3.72484e-08	3.34099e-08	2.37253e-08
7.22358e-07	3.16946e-07	2.3859e-07	1.81438e-07	1.54339e-07	1.33135e-07	1.01858e-07	7.64755e-08	6.08371e-08	4.94017e-08	3.53537e-08	3.1971e-08	2.53446e-08	1.83521e-08	1.26218e-08	1.00596e-08	6.99248e-09
7.92467e-07	3.44912e-07	2.56027e-07	1.89029e-07	1.55694e-07	1.31245e-07	9.52213e-08	7.00654e-08	5.38333e-08	3.93431e-08	2.60521e-08	1.75952e-08	1.00977e-08	1.83021e-09	-4.32939e-09	-7.11888e-09	-8.74713e-09
8.76231e-07	3.79336e-07	2.76948e-07	2.01823e-07	1.69902e-07	1.36454e-07	1.00709e-07	6.44595e-08	4.48957e-08	2.91185e-08	1.24577e-08	6.29828e-09	-2.72631e-09	-1.12586e-08	-1.84909e-08	-2.15959e-08	-1.81754e-08
1.00424e-06	4.41747e-07	3.21872e-07	2.36305e-07	1.9359e-07	1.59219e-07	1.17326e-07	8.20837e-08	6.33899e-08	4.5769e-08	2.8552e-08	2.28087e-08	2.08649e-08	1.1802e-08	2.9789e-09	-3.97607e-09	-6.47531e-09
1.12236e-06	4.87857e-07	3.57826e-07	2.61739e-07	2.15034e-07	1.77809e-07	1.32795e-07	9.33476e-08	7.39586e-08	5.58192e-08	3.78818e-08	3.18859e-08	2.62812e-08	2.01464e-08	1.08685e-08	5.04923e-09	-1.41378e-09
1.23837e-06	5.24932e-07	3.90616e-07	2.89096e-07	2.42274e-07	2.01159e-07	1.51712e-07	1.07541e-07	8.41497e-08	6.85846e-08	5.27419e-08	4.67582e-08	3.95248e-08	3.42608e-08	2.92744e-08	2.61437e-08	1.74586e-08
1.37784e-06	5.68105e-07	4.3062e-07	3.19468e-07	2.68658e-07	2.24677e-07	1.75331e-07	1.26919e-07	1.02429e-07	8.28999e-08	6.71455e-08	6.00889e-08	5.21991e-08	4.44986e-08	3.88937e-08	3.11427e-08	1.78121e-08
1.47697e-06	5.88673e-07	4.46725e-07	3.26226e-07	2.71373e-07	2.20813e-07	1.65998e-07	1.20171e-07	9.09079e-08	7.32212e-08	5.71504e-08	4.84144e-08	4.0764e-08	3.39343e-08	2.78114e-08	2.72938e-08	1.95677e-08
1.51007e-06	5.88516e-07	4.42391e-07	3.21415e-07	2.68061e-07	2.14895e-07	1.56895e-07	1.08502e-07	8.1307e-08	6.57526e-08	5.13219e-08	4.16383e-08	3.71815e-08	3.27374e-08	3.05154e-08	3.56791e-08	3.40631e-08
1.50823e-06	5.91003e-07	4.45989e-07	3.237e-07	2.71192e-07	2.22811e-07	1.61238e-07	1.07972e-07	7.90597e-08	6.045e-08	4.54764e-08	3.7535e-08	2.90635e-08	2.46825e-08	2.2574e-08	2.4127e-08	2.13494e-08
1.48029e-06	5.87157e-07	4.43234e-07	3.24184e-07	2.71003e-07	2.17015e-07	1.56006e-07	1.01588e-07	7.09326e-08	5.3029e-08	3.80672e-08	2.70826e-08	1.74112e-08	1.17548e-08	8.48463e-09	6.61599e-09	3.39638e-09
1.41873e-06	5.86368e-07	4.39265e-07	3.26355e-07	2.73537e-07	2.19834e-07	1.59617e-07	1.07051e-07	7.64559e-08	5.99273e-08	4.44593e-08	3.40295e-08	2.60114e-08	2.08723e-08	1.96348e-08	1.60867e-08	9.30603e-09
1.3645e-06	5.69589e-07	4.40286e-07	3.24305e-07	2.74958e-07	2.23489e-07	1.66149e-07	1.14744e-07	8.59787e-08	6.71137e-08	5.31732e-08	4.4612e-08	3.66189e-08	3.16943e-08	2.78683e-08	2.6997e-08	2.56333e-08
1.28493e-06	5.67482e-07	4.33996e-07	3.16497e-07	2.67931e-07	2.2102e-07	1.60938e-07	1.09607e-07	8.01849e-08	6.32261e-08	4.71639e-08	3.78195e-08	2.7225e-08	2.13405e-08	2.27675e-08	1.85877e-08	1.39029e-08
1.2363e-06	5.43226e-07	3.98015e-07	3.01662e-07	2.52728e-07	2.05347e-07	1.5198e-07	1.04725e-07	7.55796e-08	5.73572e-08	4.29737e-08	3.51063e-08	2.76936e-08	2.01925e-08	8.75133e-09	2.6014e-09	-2.22256e-09
1.18297e-06	5.04281e-07	3.70605e-07	2.7229e-07	2.23644e-07	1.82966e-07	1.33322e-07	9.10032e-08	6.58466e-08	4.9366e-08	3.67498e-08	2.84148e-08	2.07239e-08	1.21994e-08	5.98606e-09	5.6956e-09	1.90695e-09
1.15087e-06	4.78821e-07	3.52125e-07	2.62055e-07	2.22008e-07	1.85282e-07	1.43126e-07	1.05138e-07	8.52088e-08	7.08242e-08	5.76899e-08	5.1489e-08	4.44672e-08	3.86578e-08	3.30883e-08	2.77336e-08	2.41722e-08
1.06078e-06	4.06746e-07	2.94726e-07	2.16198e-07	1.82718e-07	1.49605e-07	1.10366e-07	7.82375e-08	5.99505e-08	4.77381e-08	3.72307e-08	3.35051e-08	3.08025e-08	2.24041e-08	2.46394e-08	2.53972e-08	1.84006e-08
1.00015e-06	3.75676e-07	2.8367e-07	2.12465e-07	1.85943e-07	1.55607e-07	1.22165e-07	9.08184e-08	7.25941e-08	6.18212e-08	5.28037e-08	4.56302e-08	4.15635e-08	3.7118e-08	3.22051e-08	2.58777e-08	1.45239e-08
9.42523e-07	3.48472e-07	2.64132e-07	1.97449e-07	1.71761e-07	1.43066e-07	1.10887e-07	8.31271e-08	6.67972e-08	5.76029e-08	4.85602e-08	4.28644e-08	4.08942e-08	3.70927e-08	3.13084e-08	3.00202e-08	2.50568e-08
8.77062e-07	3.20127e-07	2.4162e-07	1.76147e-07	1.51052e-07	1.22067e-07	9.05049e-08	6.32246e-08	5.17442e-08	4.32191e-08	3.33552e-08	2.88085e-08	2.4186e-08	2.16853e-08	1.81869e-08	2.00182e-08	2.17864e-08
7.68319e-07	2.93731e-07	2.21703e-07	1.60158e-07	1.38245e-07	1.1099e-07	7.96054e-08	5.57099e-08	4.33454e-08	3.79398e-08	2.94526e-08	2.40723e-08	1.94372e-08	1.99045e-08	1.81995e-08	1.78459e-08	1.95004e-08
6.64082e-07	2.82925e-07	2.18793e-07	1.62819e-07	1.41942e-07	1.20308e-07	9.26623e-08	7.09649e-08	5.55317e-08	4.71205e-08	4.0389e-08	3.61581e-08	2.8492e-08	2.34529e-08	1.54837e-08	1.15686e-08	1.00783e-08
5.83895e-07	2.48087e-07	1.90384e-07	1.44124e-07	1.25294e-07	1.04797e-07	8.30871e-08	6.41434e-08	5.05292e-08	4.20298e-08	3.77232e-08	4.4745e-08	4.25223e-08	4.12341e-08	3.83799e-08	3.57783e-08	3.02847e-08
5.00354e-07	1.97641e-07	1.46052e-07	1.05564e-07	8.86038e-08	7.06835e-08	5.11214e-08	3.41736e-08	2.31991e-08	1.51546e-08	1.18837e-08	1.58113e-08	1.35128e-08	1.30835e-08	1.53566e-08	1.72888e-08	1.50283e-08
