1.04428e-06	3.10186e-07	2.95747e-07	2.11005e-07	1.85616e-07	1.41994e-07	1.07741e-07	6.25632e-08	3.96394e-08	2.62872e-08	1.80938e-08	1.08234e-08	3.7806e-09	1.34028e-09	-1.77018e-10	3.17368e-09	5.81631e-10
9.72878e-07	2.9208e-07	2.72431e-07	1.99765e-07	1.77157e-07	1.35722e-07	1.0152e-07	6.12862e-08	3.85267e-08	2.66412e-08	1.9257e-08	1.46546e-08	5.9301e-09	2.78171e-09	2.20008e-09	2.13686e-09	-2.85758e-09
9.03462e-07	2.75693e-07	2.57789e-07	1.86931e-07	1.6512e-07	1.26935e-07	9.53874e-08	5.80113e-08	3.7591e-08	2.76275e-08	2.2633e-08	1.51603e-08	1.00015e-08	8.13018e-09	8.59802e-09	1.00647e-08	5.7278e-09
8.28478e-07	2.4694e-07	2.33488e-07	1.63025e-07	1.42088e-07	1.07192e-07	7.9161e-08	4.54787e-08	2.56537e-08	1.6209e-08	1.26056e-08	6.70106e-09	2.25054e-09	-7.2068e-10	-1.9471e-09	4.6781e-10	4.42523e-10
7.43711e-07	2.98735e-07	1.95696e-07	1.27147e-07	9.58906e-08	7.00394e-08	4.03869e-08	2.01682e-08	1.1467e-08	5.64508e-09	1.84381e-09	3.19509e-09	-1.50283e-09	-5.07678e-09	-8.17084e-09	-7.48889e-09	-8.65074e-09
9.05567e-07	3.70494e-07	2.3264e-07	1.45874e-07	1.07694e-07	7.77868e-08	5.01528e-08	2.86948e-08	1.91594e-08	1.22004e-08	8.1462e-09	6.60537e-09	7.00952e-09	2.17232e-09	1.28824e-09	8.84084e-10	2.02076e-09
1.05489e-06	4.47473e-07	2.87529e-07	1.89383e-07	1.43398e-07	1.06974e-07	7.75089e-08	4.84099e-08	4.20445e-08	3.43909e-08	2.87832e-08	2.66109e-08	2.53227e-08	2.03466e-08	1.58504e-08	8.53773e-09	-1.09879e-09
1.15513e-06	4.93129e-07	3.22568e-07	2.16953e-07	1.6806e-07	1.2787e-07	8.93728e-08	5.77462e-08	4.65557e-08	4.17056e-08	3.74492e-08	3.36348e-08	2.87973e-08	2.61449e-08	2.48945e-08	2.04865e-08	1.26051e-08
1.18194e-06	4.90211e-07	3.17931e-07	2.09327e-07	1.61555e-07	1.19063e-07	7.99692e-08	5.0576e-08	4.0193e-08	3.55573e-08	3.07953e-08	2.78269e-08	2.73595e-08	2.75743e-08	2.69301e-08	3.10984e-08	2.13849e-08
1.13486e-06	4.69266e-07	3.06756e-07	2.02996e-07	1.56751e-07	1.12261e-07	7.73584e-08	4.58036e-08	3.08095e-08	2.49229e-08	1.24173e-08	8.62766e-09	3.02789e-08	2.89273e-08	1.56511e-08	1.82785e-08	2.91547e-08
1.11411e-06	4.74015e-07	3.22996e-07	2.26434e-07	1.82802e-07	1.41469e-07	1.08638e-07	7.66908e-08	6.28963e-08	5.39021e-08	4.35436e-08	3.93623e-08	4.20025e-08	3.90591e-08	3.18082e-08	2.54162e-08	1.99717e-08
1.06814e-06	4.3211e-07	2.90356e-07	1.95369e-07	1.55714e-07	1.19546e-07	8.49819e-08	5.23257e-08	4.02107e-08	3.22646e-08	2.73377e-08	2.40153e-08	2.2992e-08	2.04022e-08	1.87978e-08	1.70798e-08	1.55259e-08
1.07477e-06	4.14944e-07	2.86609e-07	1.93658e-07	1.56064e-07	1.20894e-07	8.70515e-08	5.40424e-08	4.20035e-08	3.61546e-08	3.10384e-08	2.57959e-08	2.3282e-08	1.87342e-08	2.12228e-08	2.01112e-08	1.75846e-08
1.1059e-06	3.97867e-07	2.80776e-07	1.94461e-07	1.61979e-07	1.27944e-07	9.64979e-08	6.6745e-08	5.34667e-08	4.86406e-08	4.57474e-08	4.23489e-08	3.41495e-08	3.24692e-08	3.57793e-08	3.72574e-08	2.79841e-08
1.07523e-06	3.61362e-07	2.55079e-07	1.80315e-07	1.48454e-07	1.11969e-07	8.89636e-08	5.9288e-08	4.75643e-08	4.16267e-08	3.95801e-08	3.71292e-08	3.4312e-08	3.69776e-08	3.45773e-08	3.96938e-08	3.70534e-08
1.02575e-06	3.27699e-07	2.34758e-07	1.60022e-07	1.33518e-07	1.00798e-07	7.59367e-08	4.64893e-08	3.87832e-08	3.47154e-08	3.1355e-08	2.78304e-08	2.27014e-08	2.3472e-08	2.58976e-08	3.01422e-08	2.97885e-08
9.7563e-07	2.87533e-07	2.10572e-07	1.46167e-07	1.25006e-07	9.44717e-08	7.44732e-08	4.71221e-08	3.96938e-08	3.43373e-08	3.16716e-08	2.87281e-08	2.35737e-08	2.33589e-08	2.41169e-08	2.38643e-08	2.29673e-08
8.86348e-07	2.48414e-07	1.93825e-07	1.34838e-07	1.19729e-07	9.14041e-08	7.42856e-08	5.35412e-08	4.62137e-08	4.33838e-08	4.20194e-08	4.09581e-08	3.80524e-08	3.55636e-08	3.52983e-08	3.68143e-08	3.62837e-08
6.82399e-07	1.95525e-07	1.42491e-07	9.46485e-08	7.90212e-08	5.73046e-08	4.19299e-08	2.2083e-08	1.80403e-08	1.45535e-08	1.33407e-08	1.12942e-08	8.5401e-09	8.11057e-09	8.6538e-09	8.07267e-09	1.12436e-08
8.53254e-07	3.37438e-07	2.64463e-07	1.85205e-07	1.52422e-07	1.20942e-07	9.33043e-08	6.0357e-08	4.12284e-08	2.89142e-08	1.83195e-08	1.22004e-08	5.9295e-09	2.90786e-09	-2.75614e-09	-4.04572e-09	-7.06736e-09
9.45189e-07	3.71336e-07	2.89733e-07	2.11683e-07	1.76255e-07	1.41371e-07	1.07005e-07	7.08433e-08	5.1688e-08	3.74636e-08	2.65015e-08	1.9168e-08	1.27323e-08	8.05412e-09	6.44835e-10	2.80693e-09	-3.3759e-09
1.06836e-06	4.01234e-07	3.17035e-07	2.28005e-07	1.90438e-07	1.50406e-07	1.10702e-07	7.44632e-08	5.39033e-08	4.06772e-08	2.73753e-08	1.79551e-08	9.68566e-09	4.36234e-09	2.28865e-09	-4.31176e-09	-1.32767e-08
1.25941e-06	4.82348e-07	3.8253e-07	2.83079e-07	2.43475e-07	1.96336e-07	1.50056e-07	1.03902e-07	7.81827e-08	6.31986e-08	5.15022e-08	4.59132e-08	3.3534e-08	2.52769e-08	1.89545e-08	8.37085e-09	-3.42674e-09
1.47141e-06	5.28947e-07	4.14411e-07	2.96323e-07	2.4761e-07	1.87958e-07	1.4304e-07	8.8788e-08	6.05493e-08	4.56776e-08	3.87349e-08	3.2513e-08	2.25732e-08	2.58865e-08	3.0692e-08	3.4372e-08	3.91396e-08
1.77401e-06	6.28348e-07	4.9914e-07	3.50608e-07	2.883e-07	2.17265e-07	1.51896e-07	8.54137e-08	4.95232e-08	3.16539e-08	2.03101e-08	9.978e-09	1.20141e-09	2.49134e-09	3.54099e-10	3.02249e-09	1.05977e-08
2.09547e-06	7.4453e-07	5.9288e-07	4.15278e-07	3.3531e-07	2.46857e-07	1.71974e-07	9.64715e-08	6.35386e-08	4.71607e-08	3.70558e-08	2.86582e-08	2.28658e-08	2.7052e-08	2.6837e-08	2.82534e-08	3.12761e-08
2.29167e-06	8.23241e-07	6.27877e-07	4.26215e-07	3.41124e-07	2.53491e-07	1.73205e-07	9.67269e-08	6.459e-08	4.84393e-08	4.32919e-08	3.71579e-08	3.08216e-08	2.86083e-08	2.35241e-08	1.40765e-08	1.17367e-08
2.33244e-06	8.41752e-07	6.08643e-07	4.03675e-07	3.18721e-07	2.33602e-07	1.57489e-07	8.63835e-08	5.30316e-08	4.10164e-08	3.53502e-08	2.64716e-08	1.95406e-08	1.76814e-08	1.6442e-08	1.00928e-08	5.99499e-09
2.3025e-06	7.95887e-07	5.5746e-07	3.64173e-07	2.86945e-07	2.10665e-07	1.43188e-07	7.6963e-08	4.9403e-08	3.94743e-08	3.14302e-08	2.58145e-08	2.28802e-08	2.19063e-08	2.77117e-08	2.88247e-08	1.9617e-08
2.16101e-06	7.21023e-07	4.92158e-07	3.18565e-07	2.49317e-07	1.81511e-07	1.28845e-07	7.04493e-08	4.55327e-08	3.43013e-08	2.94192e-08	2.57892e-08	2.06542e-08	1.92629e-08	2.10336e-08	1.93514e-08	1.4912e-08
1.90185e-06	6.31637e-07	4.3169e-07	2.7945e-07	2.23332e-07	1.60474e-07	1.16662e-07	6.57299e-08	4.25973e-08	3.33139e-08	2.9077e-08	2.50803e-08	2.40432e-08	2.18931e-08	2.77996e-08	2.94058e-08	3.26057e-08
1.60416e-06	5.40259e-07	3.71104e-07	2.43689e-07	1.93147e-07	1.42517e-07	9.91602e-08	5.70045e-08	3.66033e-08	3.03172e-08	2.70034e-08	2.71299e-08	2.05656e-08	1.77325e-08	1.40013e-08	1.01943e-08	3.80704e-09
1.32368e-06	4.53001e-07	3.16634e-07	2.01983e-07	1.59512e-07	1.17396e-07	7.79981e-08	4.33309e-08	2.84446e-08	1.93003e-08	1.56957e-08	1.15473e-08	6.07088e-09	4.18638e-09	2.59277e-09	5.28672e-09	2.80778e-09
1.14593e-06	4.14122e-07	2.90011e-07	1.85263e-07	1.48332e-07	1.10654e-07	6.90183e-08	4.12314e-08	2.81158e-08	1.93509e-08	1.12058e-08	5.31202e-09	-1.41654e-09	-4.11049e-09	-9.80194e-09	-1.49116e-08	-1.46966e-08
1.04492e-06	4.08469e-07	2.91073e-07	1.9657e-07	1.56211e-07	1.1651e-07	8.60167e-08	5.60418e-08	3.80821e-08	3.19986e-08	2.85584e-08	2.47388e-08	1.98821e-08	1.40389e-08	1.18762e-08	8.95454e-09	1.54428e-08
9.50677e-07	3.77792e-07	2.66119e-07	1.77804e-07	1.3961e-07	1.0559e-07	7.45668e-08	4.95637e-08	3.58417e-08	2.86202e-08	2.30555e-08	1.98052e-08	1.27229e-08	9.10586e-09	8.82762e-09	3.25028e-09	-2.3144e-09
8.68025e-07	3.40707e-07	2.56855e-07	1.76797e-07	1.42055e-07	1.09627e-07	8.95432e-08	6.14914e-08	5.60024e-08	5.0172e-08	4.72758e-08	4.33298e-08	3.67152e-08	3.37178e-08	3.15678e-08	2.62306e-08	2.11211e-08
7.10138e-07	2.71563e-07	2.00501e-07	1.36951e-07	1.08117e-07	8.13562e-08	6.26012e-08	4.06591e-08	3.51578e-08	3.07441e-08	2.84171e-08	2.35102e-08	1.82871e-08	1.61751e-08	1.44299e-08	1.37343e-08	8.75152e-09
5.45932e-07	1.98396e-07	1.54526e-07	1.06799e-07	8.6438e-08	6.71776e-08	4.89541e-08	3.21597e-08	2.71518e-08	2.07654e-08	1.79705e-08	1.50618e-08	1.18244e-08	1.05471e-08	1.05597e-08	1.28867e-08	1.123e-08
6.66283e-07	3.27395e-07	2.45891e-07	1.79496e-07	1.50668e-07	1.25367e-07	9.73346e-08	7.20716e-08	6.19942e-08	5.4433e-08	4.24337e-08	3.59979e-08	2.94988e-08	2.36193e-08	1.65133e-08	5.98068e-09	-1.13797e-10
7.38038e-07	3.65169e-07	2.69561e-07	1.9564e-07	1.50435e-07	1.28812e-07	9.8212e-08	6.68277e-08	5.13884e-08	4.19807e-08	3.26868e-08	2.83622e-08	2.0396e-08	1.39093e-08	1.37449e-08	8.76283e-09	-3.62905e-09
8.30223e-07	4.17634e-07	3.11598e-07	2.26437e-07	1.80715e-07	1.46372e-07	1.08224e-07	7.44885e-08	5.08181e-08	3.63402e-08	2.89305e-08	2.41889e-08	1.90299e-08	9.78681e-09	7.70048e-09	1.83345e-09	-8.93964e-09
9.46573e-07	4.83346e-07	3.663e-07	2.73988e-07	2.2438e-07	1.83966e-07	1.39656e-07	9.90389e-08	7.49747e-08	5.83713e-08	4.73318e-08	3.9909e-08	3.14997e-08	2.15857e-08	1.2873e-08	3.51543e-09	-1.86646e-08
1.03364e-06	5.29212e-07	3.94509e-07	2.91004e-07	2.34971e-07	1.89054e-07	1.40191e-07	9.28577e-08	6.70857e-08	5.05197e-08	3.63692e-08	2.83138e-08	1.87789e-08	1.73247e-08	1.01292e-08	3.80637e-09	-5.00771e-09
1.15547e-06	5.9888e-07	4.4719e-07	3.33072e-07	2.7796e-07	2.26251e-07	1.69875e-07	1.19037e-07	8.64358e-08	7.04512e-08	5.5238e-08	4.60696e-08	3.72553e-08	3.23486e-08	2.52036e-08	1.44671e-08	3.60413e-09
1.32261e-06	7.01062e-07	5.29847e-07	4.00076e-07	3.30935e-07	2.72265e-07	2.08385e-07	1.48805e-07	1.10548e-07	9.25256e-08	7.69571e-08	6.64095e-08	5.60895e-08	4.7831e-08	3.90666e-08	2.44846e-08	1.11041e-08
1.44838e-06	7.35348e-07	5.4672e-07	3.90661e-07	3.09463e-07	2.409e-07	1.7006e-07	1.01257e-07	6.66405e-08	4.839e-08	3.08729e-08	2.21714e-08	1.29765e-08	7.48742e-09	6.05823e-09	8.66365e-09	1.53669e-08
1.69643e-06	8.69609e-07	6.50085e-07	4.76145e-07	3.77881e-07	3.01687e-07	2.18335e-07	1.36602e-07	1.02502e-07	7.63072e-08	5.76383e-08	4.52809e-08	3.72998e-08	3.07733e-08	2.41836e-08	3.05204e-08	2.35764e-08
2.00716e-06	1.0035e-06	7.29262e-07	5.21617e-07	4.08624e-07	3.174e-07	2.1631e-07	1.24428e-07	7.84108e-08	5.11144e-08	3.22042e-08	1.23454e-08	2.04913e-09	-5.66673e-09	-8.66452e-09	-8.79101e-09	-1.14346e-08
2.43618e-06	1.19302e-06	8.3443e-07	5.88496e-07	4.55701e-07	3.48901e-07	2.33005e-07	1.30468e-07	7.85539e-08	4.70564e-08	2.31361e-08	7.51385e-09	-5.16103e-09	-1.46229e-08	-2.03785e-08	-2.32499e-08	-2.32499e-08
2.91585e-06	1.37668e-06	9.57469e-07	6.61737e-07	5.09956e-07	3.94899e-07	2.66382e-07	1.48694e-07	1.00913e-07	6.90214e-08	4.46058e-08	2.6971e-08	1.22204e-08	1.98614e-09	-5.08552e-09	-4.56685e-09	-1.0462e-08
3.32958e-06	1.46072e-06	1.0013e-06	6.81929e-07	5.23911e-07	3.98181e-07	2.64062e-07	1.52742e-07	9.57213e-08	6.79892e-08	4.41537e-08	3.00726e-08	1.90152e-08	1.12472e-08	1.00073e-08	8.0084e-09	7.21136e-09
3.80441e-06	1.49499e-06	1.01294e-06	6.67565e-07	5.11298e-07	3.82044e-07	2.48804e-07	1.38933e-07	8.55538e-08	5.05833e-08	3.12634e-08	1.8915e-08	8.71733e-09	3.04917e-09	1.02482e-09	3.46669e-09	1.03748e-09
4.57265e-06	1.62181e-06	1.09167e-06	7.13339e-07	5.56925e-07	4.17124e-07	2.86029e-07	1.6975e-07	1.14179e-07	8.00035e-08	6.18341e-08	4.73088e-08	3.60351e-08	2.86459e-08	2.30787e-08	1.90804e-08	9.11e-09
5.46754e-06	1.81095e-06	1.17669e-06	7.48969e-07	5.86275e-07	4.3754e-07	2.9527e-07	1.735e-07	1.12773e-07	8.01382e-08	5.88034e-08	3.84684e-08	2.82945e-08	2.17144e-08	1.54126e-08	1.00979e-08	1.2401e-09
6.25494e-06	2.03784e-06	1.29829e-06	8.16274e-07	6.37484e-07	4.67628e-07	3.14047e-07	1.78474e-07	1.14174e-07	7.95621e-08	5.74158e-08	3.82308e-08	2.77145e-08	2.25006e-08	1.84004e-08	1.67679e-08	1.13642e-08
6.48528e-06	2.17159e-06	1.41556e-06	8.97188e-07	6.9979e-07	5.11048e-07	3.4053e-07	1.90096e-07	1.18758e-07	7.98426e-08	5.57848e-08	3.71181e-08	2.42856e-08	1.79326e-08	1.39842e-08	1.08709e-08	3.7966e-09
6.27726e-06	2.17314e-06	1.48299e-06	9.54073e-07	7.41837e-07	5.4089e-07	3.52701e-07	1.88316e-07	1.128e-07	7.05933e-08	4.27002e-08	2.53999e-08	9.20067e-09	3.97388e-09	5.44194e-10	1.17698e-09	1.01245e-09
6.09001e-06	2.07279e-06	1.47108e-06	9.54222e-07	7.49279e-07	5.4774e-07	3.54895e-07	1.90579e-07	1.14173e-07	6.95591e-08	4.40566e-08	2.41862e-08	1.30233e-08	5.06252e-09	2.08829e-09	-8.85941e-10	4.25252e-09
5.76828e-06	1.92896e-06	1.41768e-06	9.34969e-07	7.47431e-07	5.43869e-07	3.57825e-07	2.01435e-07	1.24633e-07	8.41054e-08	5.63234e-08	3.52623e-08	2.11877e-08	1.45049e-08	7.16383e-09	2.51873e-09	-2.18965e-09
5.23615e-06	1.72722e-06	1.30298e-06	8.70089e-07	7.05561e-07	5.2134e-07	3.49091e-07	1.95069e-07	1.20621e-07	8.32321e-08	5.83232e-08	4.06921e-08	2.79592e-08	2.39976e-08	2.14662e-08	6.5563e-09	7.22712e-09
4.70357e-06	1.5516e-06	1.18166e-06	7.9337e-07	6.48811e-07	4.85191e-07	3.29051e-07	1.86669e-07	1.1889e-07	8.12597e-08	5.59071e-08	3.65542e-08	2.46564e-08	1.87201e-08	1.39863e-08	7.37919e-09	8.99932e-09
4.15025e-06	1.38744e-06	1.05557e-06	7.20198e-07	5.87905e-07	4.44004e-07	3.04167e-07	1.75126e-07	1.13181e-07	7.53361e-08	5.41858e-08	3.67694e-08	2.34413e-08	1.71506e-08	1.13789e-08	7.25261e-09	5.96157e-09
3.68321e-06	1.2188e-06	9.27382e-07	6.37452e-07	5.2724e-07	4.03129e-07	2.82955e-07	1.67679e-07	1.10162e-07	7.79347e-08	5.61125e-08	3.94041e-08	2.44044e-08	1.79236e-08	1.17972e-08	5.25303e-09	-1.03795e-09
3.22142e-06	1.05161e-06	8.05828e-07	5.62695e-07	4.68836e-07	3.63155e-07	2.58145e-07	1.57211e-07	9.77444e-08	6.92514e-08	4.83532e-08	4.05813e-08	2.44298e-08	2.22779e-08	1.84932e-08	1.45439e-08	1.42401e-08
2.77391e-06	9.3894e-07	7.2371e-07	5.06228e-07	4.21346e-07	3.29274e-07	2.35444e-07	1.4317e-07	9.29826e-08	6.65789e-08	4.38585e-08	2.86441e-08	2.13154e-08	1.04425e-08	5.87312e-09	9.74634e-10	2.53152e-10
2.51056e-06	9.02509e-07	6.90274e-07	4.81937e-07	3.9861e-07	3.07359e-07	2.2188e-07	1.35908e-07	9.16939e-08	6.55047e-08	4.49609e-08	3.11764e-08	1.90248e-08	1.07086e-08	8.49346e-09	1.99995e-09	8.60738e-10
2.41056e-06	8.86987e-07	6.74101e-07	4.72671e-07	3.89785e-07	3.00962e-07	2.23291e-07	1.43367e-07	1.06152e-07	8.07342e-08	6.26709e-08	5.03038e-08	3.92152e-08	3.24051e-08	2.8443e-08	2.59873e-08	2.08354e-08
2.24397e-06	8.34169e-07	6.28085e-07	4.349e-07	3.52776e-07	2.72765e-07	1.97008e-07	1.19174e-07	7.95549e-08	5.65176e-08	3.76699e-08	2.66069e-08	1.3949e-08	5.94922e-09	6.6454e-09	6.18972e-09	4.93658e-09
2.04333e-06	7.81418e-07	5.98228e-07	4.20443e-07	3.44633e-07	2.67127e-07	1.95544e-07	1.27253e-07	8.97595e-08	6.92532e-08	5.30886e-08	4.22911e-08	3.13797e-08	2.48987e-08	2.54684e-08	2.24177e-08	2.04684e-08
1.88609e-06	7.04696e-07	5.36342e-07	3.71785e-07	3.01759e-07	2.29747e-07	1.62253e-07	9.83418e-08	6.4443e-08	4.49747e-08	2.82911e-08	1.90253e-08	9.25316e-09	1.93671e-09	-3.27848e-09	-9.01266e-09	-6.60759e-09
1.7958e-06	6.4511e-07	4.99456e-07	3.40814e-07	2.82081e-07	2.14919e-07	1.53502e-07	9.86051e-08	6.59097e-08	4.71634e-08	3.28473e-08	2.14425e-08	1.32655e-08	7.70867e-09	4.20243e-09	3.70877e-09	-4.06319e-09
1.7649e-06	6.0081e-07	4.7443e-07	3.2619e-07	2.73038e-07	2.11215e-07	1.53582e-07	9.90633e-08	7.17089e-08	5.4038e-08	3.87975e-08	3.0519e-08	2.29367e-08	1.60506e-08	1.02025e-08	5.48101e-09	-5.51899e-09
1.70237e-06	5.28001e-07	4.19099e-07	2.80817e-07	2.31677e-07	1.73587e-07	1.2313e-07	7.04955e-08	4.46594e-08	2.89754e-08	1.52789e-08	7.8483e-09	1.65827e-09	-4.05074e-09	-5.9242e-09	-5.01279e-09	-2.63298e-09
1.66223e-06	5.01671e-07	4.09203e-07	2.80304e-07	2.37608e-07	1.8381e-07	1.38127e-07	8.88354e-08	6.51013e-08	5.23291e-08	4.35063e-08	3.56456e-08	2.83797e-08	5.72152e-09	1.96456e-08	1.86835e-08	1.42405e-08
1.63567e-06	4.58176e-07	3.84795e-07	2.6069e-07	2.22487e-07	1.70587e-07	1.2851e-07	8.28249e-08	5.90015e-08	4.35327e-08	3.56212e-08	2.5507e-08	1.81397e-08	1.02534e-08	5.32925e-09	6.70903e-10	-6.16471e-09
1.64985e-06	4.14063e-07	3.53165e-07	2.3319e-07	1.99886e-07	1.51e-07	1.12076e-07	7.03797e-08	5.02278e-08	3.87722e-08	2.87089e-08	2.37848e-08	1.46962e-08	1.23165e-08	1.09367e-08	1.14684e-08	1.12152e-08
1.72082e-06	3.805e-07	3.37451e-07	2.21191e-07	1.90737e-07	1.42512e-07	1.08602e-07	6.53638e-08	4.64787e-08	3.65804e-08	2.65303e-08	2.36444e-08	1.13792e-08	6.5946e-09	3.41755e-09	2.06319e-09	5.18961e-10
1.72328e-06	3.1319e-07	3.06038e-07	1.98747e-07	1.7943e-07	1.33278e-07	9.9962e-08	6.05949e-08	4.23671e-08	3.1519e-08	2.2e-08	1.59114e-08	9.44304e-09	3.26582e-09	-5.6962e-10	-1.31646e-09	-4.59494e-09
1.63297e-06	2.15848e-07	2.62962e-07	1.67316e-07	1.59911e-07	1.18506e-07	8.55823e-08	5.04051e-08	3.16962e-08	2.17468e-08	1.24557e-08	7.82278e-09	3.11392e-09	-1.02532e-09	-4.92405e-09	-6.50633e-09	-1.06203e-08
1.25646e-06	2.86814e-07	2.76966e-07	1.781e-07	1.58747e-07	1.15422e-07	8.54365e-08	5.2996e-08	4.00982e-08	2.90231e-08	2.18338e-08	1.98086e-08	1.33661e-08	9.80938e-09	7.50576e-09	6.26535e-09	2.59474e-09
1.27387e-06	3.1833e-07	2.97433e-07	1.96808e-07	1.72886e-07	1.30509e-07	9.84735e-08	6.5919e-08	5.03886e-08	4.13513e-08	3.41113e-08	2.84282e-08	2.13528e-08	1.6619e-08	1.22902e-08	7.92345e-09	-2.08845e-09
1.30708e-06	3.30165e-07	3.05975e-07	2.01646e-07	1.72722e-07	1.28253e-07	1.01025e-07	6.80886e-08	5.32532e-08	4.3481e-08	3.6443e-08	3.36962e-08	2.95949e-08	2.61899e-08	2.35443e-08	2.23165e-08	1.51266e-08
1.35108e-06	3.47076e-07	3.09557e-07	1.97937e-07	1.68873e-07	1.23696e-07	9.24557e-08	5.82785e-08	4.16329e-08	3.11392e-08	2.40633e-08	1.84304e-08	1.20759e-08	8.81013e-09	1.50633e-09	1.62025e-09	1.74684e-09
1.40395e-06	3.66073e-07	3.19641e-07	2.04512e-07	1.74599e-07	1.29472e-07	9.44707e-08	5.94445e-08	4.27986e-08	3.16843e-08	2.26968e-08	1.72409e-08	1.09117e-08	6.03813e-09	3.91149e-09	2.41778e-09	5.06342e-11
1.4391e-06	3.62452e-07	3.15324e-07	1.98486e-07	1.68068e-07	1.22028e-07	8.81541e-08	4.91911e-08	3.43933e-08	2.38867e-08	1.59877e-08	1.02534e-08	3.01273e-09	5.06342e-10	5.69635e-10	4.18998e-09	1.59498e-09
1.47405e-06	3.49224e-07	3.13767e-07	1.96119e-07	1.65169e-07	1.18876e-07	8.83693e-08	4.66847e-08	3.50135e-08	2.08107e-08	1.1494e-08	6.84827e-09	1.08864e-09	-5.58242e-09	-8.87364e-09	-8.65845e-09	-7.27867e-09
1.51502e-06	3.15131e-07	2.96955e-07	1.78717e-07	1.55275e-07	1.17832e-07	8.59852e-08	5.02519e-08	3.70244e-08	2.19615e-08	1.46705e-08	1.08731e-08	5.48087e-09	4.55685e-10	-1.88603e-09	-6.89856e-09	-8.70864e-09
1.58748e-06	2.86398e-07	2.92094e-07	1.79249e-07	1.65249e-07	1.20934e-07	9.33141e-08	5.53783e-08	4.30369e-08	3.07334e-08	2.2202e-08	1.65819e-08	1.07339e-08	4.5695e-09	-1.77211e-10	-3.10119e-09	-6.69603e-09
1.65538e-06	2.39994e-07	2.76599e-07	1.68721e-07	1.62912e-07	1.16497e-07	9.32714e-08	5.83753e-08	4.306e-08	3.25798e-08	2.56816e-08	2.10743e-08	1.42268e-08	1.11257e-08	8.17659e-09	6.20206e-09	5.96157e-09
1.7221e-06	2.11774e-07	2.68619e-07	1.66498e-07	1.6146e-07	1.16868e-07	9.39446e-08	5.86932e-08	4.28966e-08	3.32135e-08	2.60999e-08	1.91509e-08	1.1607e-08	7.54392e-09	4.44281e-09	1.07589e-09	1.15184e-09
2.4991e-06	5.23353e-07	4.29714e-07	2.64322e-07	2.33147e-07	1.72658e-07	1.32079e-07	8.43227e-08	6.11473e-08	5.08696e-08	3.28076e-08	3.02002e-08	1.69228e-08	1.16573e-08	7.4931e-09	4.24018e-09	2.02516e-10
2.61762e-06	6.32733e-07	4.93178e-07	3.09488e-07	2.65479e-07	1.97714e-07	1.47681e-07	9.456e-08	7.03346e-08	5.26529e-08	3.92492e-08	3.13386e-08	1.93651e-08	1.50238e-08	9.12566e-09	5.92345e-09	2.84781e-09
2.56245e-06	6.80003e-07	5.23516e-07	3.38071e-07	2.88052e-07	2.1739e-07	1.56562e-07	9.80635e-08	6.91178e-08	4.94748e-08	3.535e-08	2.63005e-08	1.48209e-08	1.23022e-08	8.68245e-09	7.10037e-09	4.70826e-09
2.39197e-06	6.86323e-07	5.43654e-07	3.65191e-07	3.09336e-07	2.36723e-07	1.74919e-07	1.09748e-07	7.6448e-08	5.48046e-08	3.85531e-08	2.82376e-08	1.84032e-08	1.31126e-08	6.65755e-09	3.13892e-09	-5.56906e-10
2.17451e-06	7.05455e-07	5.60461e-07	3.92305e-07	3.30857e-07	2.56347e-07	1.8647e-07	1.18112e-07	7.9876e-08	5.56385e-08	3.97418e-08	2.71358e-08	1.64663e-08	9.20137e-09	4.16403e-09	1.73396e-09	4.42982e-10
2.05079e-06	7.20384e-07	5.76229e-07	4.19645e-07	3.54807e-07	2.72604e-07	2.01957e-07	1.27753e-07	8.8822e-08	6.13071e-08	4.16266e-08	2.89829e-08	1.77821e-08	1.00618e-08	3.24001e-09	-9.49223e-10	-4.98658e-09
2.02188e-06	7.41672e-07	6.02719e-07	4.36149e-07	3.67893e-07	2.90095e-07	2.12031e-07	1.33524e-07	9.20999e-08	6.56736e-08	4.51324e-08	3.14762e-08	1.92376e-08	1.22893e-08	6.26487e-09	3.37923e-09	-1.02516e-09
2.04194e-06	7.75356e-07	6.29407e-07	4.57109e-07	3.82439e-07	3.0244e-07	2.19088e-07	1.34381e-07	8.844e-08	6.07108e-08	3.9107e-08	2.4059e-08	1.23016e-08	3.67024e-09	-3.02478e-09	-8.54279e-09	-5.70785e-09
2.14543e-06	8.34202e-07	6.76568e-07	4.90014e-07	4.12216e-07	3.23217e-07	2.32775e-07	1.44687e-07	8.89359e-08	6.48762e-08	4.37275e-08	2.87425e-08	1.6238e-08	-1.92376e-09	-8.68223e-09	-7.91019e-09	-8.77082e-09
2.34461e-06	9.25167e-07	7.49734e-07	5.46813e-07	4.54769e-07	3.61965e-07	2.60808e-07	1.6236e-07	1.07978e-07	7.60985e-08	5.37992e-08	3.81948e-08	2.72097e-08	1.69459e-08	1.05928e-08	6.88468e-09	-1.1137e-09
2.63554e-06	1.04518e-06	8.33439e-07	6.05093e-07	4.99139e-07	3.94097e-07	2.80791e-07	1.69966e-07	1.1142e-07	7.83259e-08	5.09011e-08	3.33477e-08	2.00972e-08	9.74486e-09	2.41723e-09	-2.96143e-09	-6.65688e-09
2.95235e-06	1.17807e-06	9.24039e-07	6.64401e-07	5.44853e-07	4.25925e-07	2.96061e-07	1.76791e-07	1.14271e-07	7.76571e-08	4.93837e-08	3.43483e-08	1.81867e-08	1.13651e-08	1.6959e-09	7.21391e-10	-1.80981e-09
3.32007e-06	1.32095e-06	1.01663e-06	7.2055e-07	5.85805e-07	4.52529e-07	3.12772e-07	1.83634e-07	1.16951e-07	7.79842e-08	5.00911e-08	3.59294e-08	1.93379e-08	1.02891e-08	5.11289e-09	4.37886e-09	3.67014e-09
3.92475e-06	1.50319e-06	1.11799e-06	7.73818e-07	6.18786e-07	4.71411e-07	3.21656e-07	1.85659e-07	1.20786e-07	7.97307e-08	4.8332e-08	3.24238e-08	1.95024e-08	7.37825e-09	3.07533e-09	-1.43009e-09	-9.23864e-09
4.82962e-06	1.72497e-06	1.22316e-06	8.16649e-07	6.46283e-07	4.86054e-07	3.29672e-07	1.85996e-07	1.18176e-07	7.95641e-08	5.02923e-08	3.21572e-08	2.01853e-08	1.03394e-08	4.3914e-09	5.6949e-10	-8.78281e-09
5.42509e-06	1.85983e-06	1.26684e-06	8.28511e-07	6.53846e-07	4.86382e-07	3.26651e-07	1.84258e-07	1.1565e-07	7.81381e-08	4.88268e-08	3.05895e-08	1.88321e-08	1.15549e-08	5.23958e-09	1.01248e-09	-4.8599e-09
5.3615e-06	1.82896e-06	1.25389e-06	8.18834e-07	6.45047e-07	4.75423e-07	3.20074e-07	1.78976e-07	1.13661e-07	7.053e-08	4.7117e-08	2.34509e-08	1.27569e-08	3.5689e-09	-7.98572e-09	-7.03655e-09	-7.46684e-09
5.06091e-06	1.7902e-06	1.24512e-06	8.22816e-07	6.48543e-07	4.79067e-07	3.25588e-07	1.85094e-07	1.18409e-07	7.81001e-08	5.39018e-08	3.21715e-08	1.83638e-08	4.78396e-09	-3.31587e-09	-4.96115e-09	-5.96097e-09
4.89974e-06	1.80364e-06	1.26417e-06	8.41947e-07	6.62634e-07	4.9409e-07	3.35417e-07	1.90463e-07	1.19745e-07	7.93364e-08	5.06847e-08	3.01324e-08	1.4136e-08	4.94824e-09	-4.29016e-09	-9.82055e-09	-1.06685e-08
4.75537e-06	1.80346e-06	1.27982e-06	8.54548e-07	6.74395e-07	5.04771e-07	3.38349e-07	1.96175e-07	1.2257e-07	8.35147e-08	5.12048e-08	3.05634e-08	1.58829e-08	5.72036e-09	-1.03776e-09	-3.99919e-09	-6.07472e-09
4.65753e-06	1.78504e-06	1.28002e-06	8.62892e-07	6.8125e-07	5.13237e-07	3.49098e-07	2.02321e-07	1.28477e-07	8.52084e-08	5.52912e-08	3.38151e-08	1.83756e-08	1.06178e-08	7.30213e-09	1.96158e-09	3.11321e-09
4.70406e-06	1.75678e-06	1.27237e-06	8.59213e-07	6.82916e-07	5.16426e-07	3.54126e-07	2.07378e-07	1.35523e-07	9.43559e-08	6.38193e-08	4.39256e-08	2.38674e-08	1.82485e-08	9.18755e-09	2.63225e-09	-6.06176e-09
4.8563e-06	1.73562e-06	1.24417e-06	8.33232e-07	6.64123e-07	5.00861e-07	3.4328e-07	1.99873e-07	1.29195e-07	8.57884e-08	5.38092e-08	3.15996e-08	1.31106e-08	4.50519e-09	-3.27765e-09	-7.40319e-09	-9.93419e-09
5.09639e-06	1.74171e-06	1.21828e-06	8.05343e-07	6.46034e-07	4.86825e-07	3.36312e-07	1.961e-07	1.28695e-07	8.4793e-08	5.37992e-08	3.36261e-08	1.6503e-08	3.84732e-09	-3.7967e-09	-8.25149e-09	-1.15799e-08
5.36341e-06	1.7732e-06	1.19985e-06	7.85042e-07	6.25981e-07	4.70729e-07	3.27449e-07	1.92723e-07	1.26474e-07	8.54847e-08	5.38471e-08	3.23589e-08	1.53505e-08	5.85928e-09	-8.98507e-10	-5.01139e-09	-8.13718e-09
5.63415e-06	1.85708e-06	1.2179e-06	7.84454e-07	6.24529e-07	4.70349e-07	3.27824e-07	1.97031e-07	1.31767e-07	9.06629e-08	5.97332e-08	3.77382e-08	2.18052e-08	1.29085e-08	5.53039e-09	3.70802e-09	1.31616e-09
5.96401e-06	1.97668e-06	1.26667e-06	8.05447e-07	6.31735e-07	4.7445e-07	3.3125e-07	1.97299e-07	1.31179e-07	9.06836e-08	6.0249e-08	3.88499e-08	2.34871e-08	1.14145e-08	4.20136e-09	-1.07565e-09	1.3414e-09
6.35136e-06	2.14367e-06	1.3443e-06	8.43234e-07	6.54413e-07	4.86814e-07	3.37577e-07	2.01779e-07	1.33545e-07	9.08481e-08	6.04515e-08	3.76477e-08	2.05892e-08	9.30121e-09	1.86024e-09	-2.93589e-09	-2.32847e-09
6.72405e-06	2.32194e-06	1.43654e-06	8.92068e-07	6.87454e-07	5.09618e-07	3.48498e-07	2.07904e-07	1.34937e-07	9.19617e-08	6.2451e-08	3.79768e-08	1.78178e-08	6.54248e-09	-2.60687e-09	-7.87123e-09	-1.00731e-08
7.10516e-06	2.51039e-06	1.54968e-06	9.60048e-07	7.35459e-07	5.40142e-07	3.68679e-07	2.17084e-07	1.4428e-07	1.00443e-07	6.60972e-08	4.37864e-08	2.43862e-08	1.35282e-08	2.48038e-09	-1.94887e-09	-5.45432e-09
7.40908e-06	2.6608e-06	1.65179e-06	1.0201e-06	7.71481e-07	5.65311e-07	3.82463e-07	2.22229e-07	1.44972e-07	9.9466e-08	6.44884e-08	4.12923e-08	2.23229e-08	9.99722e-09	1.21485e-09	-3.21429e-09	-5.96037e-09
7.59772e-06	2.75351e-06	1.72969e-06	1.07999e-06	8.17764e-07	5.9859e-07	3.9955e-07	2.30221e-07	1.49005e-07	1.02134e-07	6.36895e-08	4.30629e-08	2.54986e-08	1.40464e-08	4.13798e-09	-2.65742e-10	-4.45434e-09
7.73884e-06	2.79408e-06	1.78667e-06	1.12193e-06	8.5518e-07	6.25016e-07	4.13467e-07	2.34504e-07	1.51085e-07	1.00364e-07	6.41087e-08	3.9141e-08	2.06398e-08	1.06679e-08	2.44236e-09	-1.30343e-09	-6.32735e-09
7.89954e-06	2.84491e-06	1.83795e-06	1.16698e-06	8.94963e-07	6.58125e-07	4.35649e-07	2.45963e-07	1.58934e-07	1.05998e-07	6.67299e-08	4.08504e-08	2.09441e-08	9.28879e-09	-1.24019e-09	-7.5677e-09	-1.12503e-08
8.1205e-06	2.89357e-06	1.89151e-06	1.20973e-06	9.31487e-07	6.88302e-07	4.56493e-07	2.57093e-07	1.6527e-07	1.07742e-07	6.8715e-08	4.18238e-08	2.24621e-08	6.71965e-09	-4.1634e-09	-1.32495e-08	-1.73116e-08
8.4543e-06	2.99205e-06	1.96867e-06	1.26476e-06	9.79929e-07	7.24171e-07	4.82561e-07	2.72817e-07	1.76006e-07	1.2245e-07	8.19792e-08	5.50114e-08	3.61554e-08	2.3918e-08	1.62111e-08	1.08074e-08	4.6697e-09
8.63947e-06	3.0569e-06	2.0224e-06	1.30645e-06	1.01607e-06	7.49336e-07	4.99304e-07	2.8015e-07	1.80557e-07	1.24851e-07	8.12432e-08	5.68829e-08	3.40665e-08	2.35884e-08	1.39581e-08	1.11614e-08	7.95981e-09
8.67662e-06	3.09844e-06	2.06582e-06	1.3422e-06	1.04646e-06	7.77189e-07	5.2307e-07	2.95146e-07	1.89821e-07	1.30369e-07	8.7406e-08	5.89203e-08	3.72048e-08	2.49677e-08	1.60209e-08	1.05414e-08	5.55541e-09
8.60745e-06	3.09694e-06	2.09149e-06	1.36801e-06	1.06836e-06	7.94865e-07	5.32837e-07	3.02483e-07	1.93898e-07	1.31729e-07	8.65918e-08	5.47415e-08	3.55453e-08	2.18156e-08	1.17303e-08	4.17584e-09	2.84716e-09
8.36843e-06	3.07762e-06	2.10916e-06	1.39741e-06	1.09643e-06	8.22029e-07	5.5406e-07	3.20611e-07	2.08342e-07	1.42463e-07	9.5857e-08	6.44361e-08	4.06079e-08	2.75992e-08	1.66152e-08	9.65529e-09	5.96021e-09
8.00935e-06	3.02916e-06	2.10436e-06	1.41127e-06	1.11134e-06	8.37577e-07	5.67855e-07	3.30478e-07	2.14636e-07	1.48541e-07	1.00795e-07	6.79178e-08	4.52279e-08	3.2801e-08	2.14244e-08	1.48693e-08	1.03009e-08
7.44112e-06	2.94626e-06	2.08116e-06	1.4219e-06	1.12601e-06	8.60021e-07	5.91843e-07	3.49796e-07	2.35796e-07	1.66844e-07	1.16848e-07	8.24159e-08	6.00182e-08	4.50232e-08	3.49252e-08	2.69025e-08	1.67287e-08
6.7533e-06	2.81593e-06	2.00738e-06	1.3926e-06	1.10536e-06	8.51015e-07	5.83806e-07	3.49965e-07	2.27932e-07	1.61221e-07	1.07785e-07	7.33158e-08	5.0615e-08	3.37602e-08	2.24098e-08	1.54629e-08	9.89523e-09
6.14656e-06	2.67488e-06	1.93625e-06	1.36623e-06	1.08781e-06	8.44115e-07	5.82884e-07	3.50518e-07	2.31595e-07	1.6325e-07	1.10154e-07	7.34821e-08	5.09579e-08	3.35459e-08	2.22838e-08	1.58176e-08	1.25655e-08
5.64176e-06	2.54091e-06	1.86633e-06	1.33408e-06	1.06756e-06	8.36703e-07	5.83084e-07	3.5595e-07	2.38359e-07	1.66802e-07	1.13238e-07	7.93516e-08	5.46136e-08	3.71008e-08	2.41686e-08	1.61082e-08	1.08063e-08
5.28668e-06	2.44517e-06	1.81341e-06	1.30956e-06	1.05137e-06	8.31541e-07	5.8254e-07	3.56532e-07	2.38384e-07	1.69623e-07	1.15731e-07	7.86683e-08	5.69672e-08	3.92266e-08	2.70537e-08	2.14101e-08	1.43367e-08
5.05763e-06	2.37277e-06	1.77342e-06	1.29147e-06	1.04088e-06	8.24227e-07	5.78529e-07	3.56342e-07	2.33183e-07	1.66624e-07	1.11328e-07	7.39358e-08	5.3171e-08	3.32287e-08	2.17644e-08	1.26411e-08	7.03548e-09
4.89504e-06	2.32211e-06	1.74501e-06	1.27926e-06	1.03544e-06	8.23763e-07	5.80286e-07	3.58206e-07	2.37517e-07	1.65836e-07	1.10591e-07	7.16184e-08	4.90953e-08	2.85714e-08	1.56017e-08	5.85853e-09	-8.8574e-11
4.84974e-06	2.30809e-06	1.74148e-06	1.28285e-06	1.04221e-06	8.31634e-07	5.91598e-07	3.7153e-07	2.5117e-07	1.79059e-07	1.24434e-07	8.53853e-08	5.78768e-08	3.84031e-08	2.43199e-08	1.35771e-08	6.44059e-09
4.87076e-06	2.30274e-06	1.74084e-06	1.28099e-06	1.04173e-06	8.30967e-07	5.92089e-07	3.68648e-07	2.48406e-07	1.74727e-07	1.17851e-07	7.80949e-08	5.01569e-08	3.12911e-08	1.82711e-08	7.69309e-09	1.26531e-11
4.99191e-06	2.34087e-06	1.77685e-06	1.31309e-06	1.07203e-06	8.58842e-07	6.15346e-07	3.86831e-07	2.6526e-07	1.90163e-07	1.30719e-07	8.91158e-08	6.13675e-08	3.99838e-08	2.46609e-08	1.30453e-08	3.77062e-09
5.18641e-06	2.424e-06	1.83856e-06	1.3634e-06	1.11853e-06	8.98074e-07	6.49264e-07	4.11601e-07	2.86987e-07	2.05535e-07	1.44139e-07	9.96988e-08	7.00385e-08	4.6009e-08	2.80154e-08	1.58045e-08	3.96062e-09
5.36013e-06	2.48588e-06	1.87991e-06	1.38918e-06	1.13319e-06	9.12883e-07	6.58404e-07	4.14351e-07	2.87415e-07	2.01146e-07	1.36223e-07	9.09125e-08	5.97226e-08	3.71369e-08	1.89417e-08	9.90738e-09	5.60532e-09
5.51321e-06	2.56715e-06	1.93721e-06	1.42591e-06	1.16838e-06	9.38239e-07	6.78755e-07	4.35834e-07	2.98975e-07	2.16019e-07	1.48298e-07	1.00215e-07	6.70378e-08	4.31229e-08	2.34215e-08	1.31596e-08	7.13653e-09
5.62859e-06	2.64751e-06	1.99553e-06	1.47018e-06	1.20143e-06	9.63788e-07	6.96156e-07	4.42885e-07	3.02288e-07	2.14794e-07	1.44836e-07	9.48579e-08	6.0784e-08	3.582e-08	1.75874e-08	6.49088e-09	1.69547e-09
5.68358e-06	2.72504e-06	2.06082e-06	1.52518e-06	1.246e-06	1.00399e-06	7.26675e-07	4.64091e-07	3.21469e-07	2.29155e-07	1.56958e-07	1.05208e-07	6.88691e-08	4.493e-08	2.58876e-08	1.53225e-08	6.40231e-09
5.71617e-06	2.7834e-06	2.11434e-06	1.56945e-06	1.28213e-06	1.03439e-06	7.46084e-07	4.76516e-07	3.28352e-07	2.34013e-07	1.57489e-07	1.0355e-07	6.40863e-08	4.08432e-08	2.06114e-08	8.74307e-09	-7.84473e-10
5.77554e-06	2.85983e-06	2.18662e-06	1.6346e-06	1.33793e-06	1.0789e-06	7.81018e-07	5.00127e-07	3.44421e-07	2.53106e-07	1.72622e-07	1.16595e-07	7.54865e-08	4.69798e-08	2.36227e-08	1.32095e-08	5.11172e-09
5.86856e-06	2.94418e-06	2.25612e-06	1.69341e-06	1.38445e-06	1.12088e-06	8.09943e-07	5.15335e-07	3.51393e-07	2.50032e-07	1.66827e-07	1.06524e-07	6.60222e-08	3.77559e-08	2.28889e-08	1.27034e-08	2.15097e-09
6.00124e-06	3.05515e-06	2.36381e-06	1.78259e-06	1.46481e-06	1.19055e-06	8.65504e-07	5.59454e-07	3.8671e-07	2.78708e-07	1.91786e-07	1.27929e-07	8.46703e-08	5.4899e-08	3.33013e-08	2.06741e-08	1.08179e-08
6.12286e-06	3.15045e-06	2.452e-06	1.86101e-06	1.534e-06	1.24759e-06	9.08394e-07	5.81446e-07	4.0189e-07	2.85624e-07	1.95131e-07	1.26401e-07	8.15725e-08	4.93838e-08	2.66721e-08	1.20834e-08	3.32768e-09
6.20096e-06	3.22207e-06	2.52262e-06	1.92601e-06	1.5914e-06	1.29632e-06	9.45365e-07	6.05499e-07	4.15366e-07	2.93329e-07	1.9665e-07	1.25516e-07	7.90799e-08	4.31207e-08	1.99281e-08	6.99699e-09	-2.46729e-09
6.26568e-06	3.2828e-06	2.5931e-06	1.99561e-06	1.6583e-06	1.35904e-06	9.93661e-07	6.42369e-07	4.42708e-07	3.18787e-07	2.15262e-07	1.40522e-07	9.03029e-08	5.6153e-08	3.09361e-08	2.3104e-08	1.10332e-08
6.33539e-06	3.34117e-06	2.6526e-06	2.0515e-06	1.71203e-06	1.40989e-06	1.03312e-06	6.70327e-07	4.60626e-07	3.32292e-07	2.22177e-07	1.4582e-07	9.5273e-08	6.06433e-08	3.37441e-08	2.0826e-08	1.25892e-08
6.40147e-06	3.38797e-06	2.70461e-06	2.1039e-06	1.76163e-06	1.45545e-06	1.07408e-06	6.99056e-07	4.79516e-07	3.43088e-07	2.28738e-07	1.46196e-07	9.33475e-08	5.51127e-08	2.71135e-08	1.31329e-08	4.90903e-09
6.51062e-06	3.45522e-06	2.76954e-06	2.16772e-06	1.82174e-06	1.51017e-06	1.12213e-06	7.35639e-07	5.11071e-07	3.63417e-07	2.47824e-07	1.61192e-07	1.05901e-07	5.99347e-08	3.10744e-08	1.70302e-08	7.94575e-09
6.64333e-06	3.51393e-06	2.82925e-06	2.22341e-06	1.87532e-06	1.55838e-06	1.16183e-06	7.6376e-07	5.29899e-07	3.78369e-07	2.54182e-07	1.61778e-07	1.0293e-07	5.75702e-08	2.51917e-08	9.16061e-09	1.41711e-09
6.78208e-06	3.56955e-06	2.89072e-06	2.28303e-06	1.93507e-06	1.6152e-06	1.21048e-06	8.02768e-07	5.58937e-07	3.99195e-07	2.71832e-07	1.76418e-07	1.14584e-07	6.72748e-08	3.26568e-08	1.56388e-08	6.68067e-09
6.82117e-06	3.57067e-06	2.90422e-06	2.30389e-06	1.9606e-06	1.63928e-06	1.23293e-06	8.20077e-07	5.72475e-07	4.0976e-07	2.78311e-07	1.80973e-07	1.17949e-07	7.11466e-08	3.83253e-08	2.17628e-08	1.40825e-08
6.75499e-06	3.53946e-06	2.89329e-06	2.30999e-06	1.97533e-06	1.65913e-06	1.25403e-06	8.41271e-07	5.93694e-07	4.2936e-07	2.94304e-07	1.96359e-07	1.29489e-07	7.95354e-08	4.51704e-08	2.63304e-08	1.14761e-08
6.5985e-06	3.45445e-06	2.8368e-06	2.27254e-06	1.95056e-06	1.6456e-06	1.25318e-06	8.45518e-07	5.96024e-07	4.31471e-07	2.96045e-07	1.94769e-07	1.2834e-07	7.83986e-08	4.68544e-08	2.50025e-08	1.09702e-08
6.44999e-06	3.37223e-06	2.77791e-06	2.23001e-06	1.91819e-06	1.62136e-06	1.23756e-06	8.32675e-07	5.86661e-07	4.21614e-07	2.8615e-07	1.83799e-07	1.17307e-07	6.58847e-08	3.42646e-08	1.68033e-08	1.10715e-08
6.32127e-06	3.32097e-06	2.73943e-06	2.20681e-06	1.90443e-06	1.61412e-06	1.24346e-06	8.46682e-07	6.03426e-07	4.39771e-07	3.0189e-07	1.98059e-07	1.30529e-07	7.64121e-08	4.04899e-08	2.57744e-08	2.00805e-08
6.18635e-06	3.27644e-06	2.69683e-06	2.17855e-06	1.88853e-06	1.60712e-06	1.24334e-06	8.58893e-07	6.18307e-07	4.60206e-07	3.18276e-07	2.15394e-07	1.43081e-07	8.82301e-08	5.05112e-08	2.87352e-08	1.41841e-08
6.06962e-06	3.20999e-06	2.63795e-06	2.12803e-06	1.84169e-06	1.57358e-06	1.22056e-06	8.47711e-07	6.13166e-07	4.5569e-07	3.20786e-07	2.1549e-07	1.45014e-07	8.95944e-08	4.83336e-08	2.42048e-08	7.68024e-09
5.93644e-06	3.1248e-06	2.56386e-06	2.06591e-06	1.7881e-06	1.52612e-06	1.18549e-06	8.26589e-07	6.04312e-07	4.53677e-07	3.18137e-07	2.17115e-07	1.45144e-07	8.96093e-08	4.83475e-08	2.18772e-08	7.64247e-09
5.86631e-06	3.066e-06	2.51008e-06	2.02114e-06	1.74878e-06	1.48998e-06	1.16141e-06	8.15231e-07	6.00412e-07	4.51578e-07	3.22254e-07	2.22815e-07	1.511e-07	9.92864e-08	5.65326e-08	2.87345e-08	7.92064e-09
5.94066e-06	3.08342e-06	2.51789e-06	2.0228e-06	1.75025e-06	1.49247e-06	1.16282e-06	8.18238e-07	6.03072e-07	4.53538e-07	3.24135e-07	2.23859e-07	1.53014e-07	9.8846e-08	5.57369e-08	2.96842e-08	1.67147e-08
6.08967e-06	3.13364e-06	2.55918e-06	2.05099e-06	1.77634e-06	1.51434e-06	1.18054e-06	8.31697e-07	6.13252e-07	4.66155e-07	3.36138e-07	2.3445e-07	1.63533e-07	1.04788e-07	6.06812e-08	3.42629e-08	1.97378e-08
6.23101e-06	3.19129e-06	2.59639e-06	2.07964e-06	1.80013e-06	1.53428e-06	1.19724e-06	8.45873e-07	6.24481e-07	4.7558e-07	3.46935e-07	2.428e-07	1.69868e-07	1.09842e-07	6.43663e-08	3.86426e-08	2.24086e-08
6.34695e-06	3.23183e-06	2.62314e-06	2.10092e-06	1.81578e-06	1.54839e-06	1.21123e-06	8.58931e-07	6.35148e-07	4.86714e-07	3.55793e-07	2.49709e-07	1.76055e-07	1.14814e-07	6.91239e-08	3.84401e-08	1.60315e-08
6.42684e-06	3.238e-06	2.62079e-06	2.08912e-06	1.80876e-06	1.53749e-06	1.20029e-06	8.49302e-07	6.31807e-07	4.81261e-07	3.49884e-07	2.46204e-07	1.71842e-07	1.11398e-07	6.39235e-08	3.56944e-08	2.07511e-08
6.51677e-06	3.26326e-06	2.63259e-06	2.09301e-06	1.81033e-06	1.5389e-06	1.1959e-06	8.52541e-07	6.35705e-07	4.86082e-07	3.55046e-07	2.50051e-07	1.75132e-07	1.14941e-07	6.8428e-08	3.70483e-08	2.06752e-08
6.5569e-06	3.26381e-06	2.62274e-06	2.07744e-06	1.79167e-06	1.5216e-06	1.18685e-06	8.43528e-07	6.27471e-07	4.82083e-07	3.51158e-07	2.48576e-07	1.73327e-07	1.11616e-07	6.25079e-08	3.00266e-08	1.18183e-08
6.5311e-06	3.24415e-06	2.5951e-06	2.04951e-06	1.76599e-06	1.50238e-06	1.17123e-06	8.34194e-07	6.24089e-07	4.8102e-07	3.51592e-07	2.50848e-07	1.76384e-07	1.14764e-07	6.67198e-08	3.52136e-08	1.89797e-08
6.50636e-06	3.22098e-06	2.56915e-06	2.0277e-06	1.74556e-06	1.48292e-06	1.15694e-06	8.23168e-07	6.16816e-07	4.73909e-07	3.49817e-07	2.50917e-07	1.78654e-07	1.16829e-07	7.08592e-08	3.93015e-08	2.4535e-08
6.48187e-06	3.20296e-06	2.54864e-06	2.00988e-06	1.72942e-06	1.46896e-06	1.14656e-06	8.16614e-07	6.13337e-07	4.73187e-07	3.51069e-07	2.53625e-07	1.81374e-07	1.20865e-07	7.29976e-08	3.97317e-08	2.02202e-08
6.31804e-06	3.12746e-06	2.48432e-06	1.96066e-06	1.68717e-06	1.43177e-06	1.12001e-06	7.98957e-07	5.99155e-07	4.65215e-07	3.45181e-07	2.50177e-07	1.81227e-07	1.23361e-07	7.46191e-08	4.22382e-08	1.99043e-08
6.0213e-06	2.99237e-06	2.38349e-06	1.87986e-06	1.61718e-06	1.37548e-06	1.07681e-06	7.65621e-07	5.76642e-07	4.46754e-07	3.32216e-07	2.41642e-07	1.73858e-07	1.17538e-07	6.77211e-08	3.629e-08	2.11565e-08
5.6929e-06	2.8516e-06	2.27326e-06	1.79839e-06	1.55022e-06	1.32268e-06	1.0374e-06	7.43971e-07	5.61202e-07	4.35914e-07	3.24303e-07	2.37088e-07	1.70737e-07	1.15393e-07	7.03621e-08	3.94134e-08	2.18387e-08
5.3927e-06	2.72014e-06	2.17512e-06	1.72509e-06	1.49298e-06	1.27428e-06	1.00302e-06	7.23257e-07	5.52815e-07	4.32734e-07	3.24877e-07	2.38973e-07	1.75136e-07	1.20119e-07	7.44527e-08	4.19841e-08	2.57497e-08
5.10243e-06	2.59333e-06	2.07545e-06	1.64908e-06	1.42697e-06	1.22139e-06	9.64495e-07	6.98072e-07	5.31772e-07	4.1573e-07	3.1424e-07	2.30135e-07	1.68906e-07	1.15472e-07	7.1199e-08	4.1654e-08	2.34209e-08
4.85327e-06	2.46908e-06	1.98086e-06	1.57713e-06	1.36777e-06	1.17228e-06	9.30448e-07	6.75077e-07	5.15702e-07	4.05256e-07	3.06956e-07	2.26422e-07	1.68383e-07	1.17608e-07	7.64987e-08	4.78402e-08	2.74186e-08
4.6459e-06	2.36617e-06	1.90651e-06	1.52164e-06	1.32116e-06	1.13433e-06	9.03482e-07	6.59594e-07	5.06858e-07	3.97269e-07	3.02485e-07	2.24453e-07	1.66199e-07	1.15194e-07	7.28313e-08	4.40581e-08	2.32817e-08
4.52288e-06	2.29953e-06	1.8585e-06	1.48759e-06	1.29429e-06	1.10916e-06	8.84663e-07	6.49852e-07	5.00924e-07	3.95746e-07	3.02386e-07	2.2765e-07	1.6816e-07	1.16678e-07	7.51158e-08	4.61424e-08	2.81131e-08
4.44968e-06	2.25907e-06	1.82703e-06	1.45861e-06	1.27003e-06	1.09393e-06	8.73741e-07	6.44618e-07	4.98456e-07	3.96212e-07	3.04532e-07	2.27327e-07	1.75224e-07	1.2431e-07	8.25573e-08	5.23812e-08	3.03912e-08
4.39912e-06	2.22922e-06	1.80177e-06	1.43608e-06	1.24785e-06	1.07524e-06	8.60216e-07	6.36697e-07	4.90713e-07	3.90177e-07	2.96295e-07	2.21772e-07	1.6328e-07	1.1124e-07	6.69948e-08	3.96275e-08	1.79412e-08
4.3993e-06	2.2151e-06	1.78982e-06	1.42629e-06	1.23372e-06	1.06227e-06	8.50793e-07	6.29115e-07	4.86412e-07	3.89635e-07	2.96212e-07	2.22488e-07	1.65579e-07	1.13376e-07	6.83216e-08	3.94494e-08	1.76118e-08
4.44965e-06	2.22632e-06	1.78892e-06	1.4189e-06	1.23278e-06	1.05891e-06	8.47128e-07	6.26404e-07	4.86387e-07	3.88006e-07	2.94433e-07	2.1913e-07	1.61425e-07	1.07869e-07	6.32338e-08	3.2414e-08	1.11463e-08
4.54157e-06	2.25522e-06	1.79898e-06	1.42207e-06	1.23242e-06	1.05679e-06	8.51092e-07	6.3045e-07	4.89803e-07	3.89464e-07	2.96766e-07	2.21376e-07	1.56955e-07	1.03704e-07	5.82096e-08	1.4992e-08	7.52764e-09
4.73218e-06	2.32135e-06	1.84039e-06	1.45122e-06	1.2591e-06	1.08113e-06	8.72523e-07	6.50667e-07	5.06275e-07	4.06227e-07	3.13314e-07	2.37051e-07	1.77614e-07	1.27856e-07	7.83001e-08	4.14084e-08	2.12925e-08
4.93422e-06	2.38594e-06	1.87385e-06	1.47246e-06	1.27638e-06	1.09545e-06	8.80478e-07	6.55073e-07	5.11172e-07	4.09577e-07	3.1269e-07	2.33477e-07	1.72773e-07	1.20749e-07	7.27733e-08	3.84615e-08	1.28543e-08
5.07357e-06	2.42379e-06	1.89532e-06	1.48224e-06	1.28064e-06	1.09824e-06	8.83666e-07	6.55693e-07	5.11703e-07	4.0649e-07	3.11905e-07	2.30428e-07	1.71002e-07	1.11134e-07	6.24747e-08	2.59742e-08	1.65739e-09
5.15765e-06	2.45785e-06	1.91378e-06	1.49094e-06	1.29111e-06	1.1063e-06	8.88996e-07	6.63204e-07	5.19951e-07	4.14868e-07	3.19741e-07	2.39366e-07	1.76488e-07	1.19215e-07	7.0937e-08	3.41844e-08	1.15761e-08
5.23767e-06	2.49017e-06	1.93278e-06	1.5081e-06	1.30469e-06	1.118e-06	9.0128e-07	6.74059e-07	5.3025e-07	4.25065e-07	3.30913e-07	2.49677e-07	1.85787e-07	1.28096e-07	7.787e-08	3.91058e-08	1.47517e-08
5.28511e-06	2.50295e-06	1.94474e-06	1.51542e-06	1.31086e-06	1.12143e-06	9.03203e-07	6.75628e-07	5.30136e-07	4.26457e-07	3.31153e-07	2.51031e-07	1.86142e-07	1.28995e-07	7.92111e-08	4.38375e-08	2.15582e-08
5.31044e-06	2.52647e-06	1.96029e-06	1.52824e-06	1.32072e-06	1.13248e-06	9.1274e-07	6.8645e-07	5.41283e-07	4.39069e-07	3.4251e-07	2.62373e-07	1.98684e-07	1.41473e-07	9.31048e-08	5.6503e-08	3.48937e-08
5.37574e-06	2.55371e-06	1.98477e-06	1.54327e-06	1.33527e-06	1.14603e-06	9.24074e-07	6.95425e-07	5.48028e-07	4.45419e-07	3.49149e-07	2.68618e-07	2.01916e-07	1.45841e-07	9.41952e-08	5.24558e-08	2.64936e-08
5.47471e-06	2.59915e-06	2.0208e-06	1.57128e-06	1.35888e-06	1.16476e-06	9.39055e-07	7.04256e-07	5.57491e-07	4.51568e-07	3.55184e-07	2.71591e-07	2.0599e-07	1.48397e-07	9.42332e-08	5.47711e-08	2.03699e-08
5.62994e-06	2.66268e-06	2.06686e-06	1.60775e-06	1.39117e-06	1.19251e-06	9.61308e-07	7.22347e-07	5.71729e-07	4.627e-07	3.60706e-07	2.75413e-07	2.08644e-07	1.4762e-07	9.36306e-08	5.404e-08	2.56851e-08
5.82189e-06	2.73667e-06	2.12282e-06	1.6521e-06	1.42864e-06	1.2222e-06	9.82084e-07	7.39492e-07	5.81851e-07	4.70266e-07	3.63755e-07	2.76349e-07	2.10201e-07	1.4681e-07	9.18719e-08	5.21042e-08	2.10542e-08
6.00259e-06	2.81249e-06	2.18242e-06	1.69903e-06	1.47062e-06	1.26138e-06	1.01345e-06	7.58787e-07	5.97831e-07	4.84133e-07	3.75471e-07	2.84207e-07	2.13465e-07	1.46329e-07	9.21249e-08	5.1636e-08	2.48248e-08
6.15109e-06	2.85792e-06	2.2143e-06	1.72597e-06	1.49461e-06	1.28077e-06	1.02896e-06	7.65696e-07	6.00792e-07	4.82944e-07	3.73055e-07	2.80462e-07	2.10403e-07	1.4471e-07	8.70005e-08	4.68659e-08	2.40403e-08
6.29129e-06	2.90596e-06	2.25193e-06	1.75664e-06	1.52518e-06	1.30742e-06	1.0519e-06	7.84042e-07	6.16064e-07	4.97242e-07	3.83746e-07	2.9023e-07	2.18349e-07	1.52327e-07	9.43012e-08	5.19144e-08	2.63304e-08
6.30676e-06	2.91637e-06	2.26461e-06	1.76676e-06	1.53281e-06	1.3115e-06	1.05651e-06	7.86844e-07	6.16099e-07	4.94597e-07	3.81624e-07	2.86692e-07	2.15623e-07	1.47363e-07	8.96174e-08	4.97242e-08	2.64943e-08
6.19408e-06	2.89388e-06	2.25272e-06	1.76207e-06	1.52919e-06	1.31096e-06	1.05482e-06	7.88894e-07	6.1954e-07	5.00746e-07	3.90746e-07	2.97092e-07	2.27757e-07	1.62508e-07	1.05522e-07	6.4983e-08	3.46045e-08
5.96617e-06	2.8176e-06	2.20459e-06	1.71974e-06	1.49458e-06	1.2872e-06	1.03319e-06	7.7223e-07	6.06445e-07	4.88524e-07	3.81067e-07	2.89805e-07	2.23746e-07	1.56536e-07	1.03687e-07	6.28701e-08	3.47816e-08
5.67746e-06	2.73296e-06	2.13923e-06	1.68058e-06	1.45788e-06	1.25221e-06	1.00887e-06	7.53391e-07	5.89984e-07	4.77061e-07	3.70629e-07	2.81834e-07	2.11941e-07	1.48009e-07	9.78668e-08	5.47599e-08	2.65575e-08
5.43254e-06	2.65564e-06	2.08944e-06	1.64445e-06	1.42799e-06	1.22505e-06	9.86728e-07	7.36133e-07	5.79293e-07	4.6432e-07	3.62695e-07	2.74381e-07	2.07627e-07	1.4749e-07	9.26034e-08	5.12298e-08	2.29895e-08
5.23524e-06	2.58668e-06	2.04472e-06	1.61034e-06	1.39612e-06	1.19942e-06	9.63424e-07	7.17105e-07	5.63272e-07	4.52315e-07	3.51657e-07	2.66764e-07	2.00759e-07	1.38841e-07	8.82338e-08	5.00759e-08	2.58983e-08
5.06187e-06	2.54812e-06	2.00722e-06	1.58693e-06	1.37292e-06	1.18152e-06	9.48392e-07	7.06243e-07	5.54341e-07	4.45381e-07	3.43721e-07	2.58863e-07	1.93717e-07	1.33961e-07	8.45669e-08	4.73443e-08	1.89656e-08
4.91237e-06	2.4811e-06	1.96753e-06	1.5538e-06	1.34829e-06	1.15752e-06	9.31425e-07	6.93502e-07	5.41537e-07	4.33412e-07	3.34383e-07	2.52448e-07	1.88821e-07	1.30115e-07	8.09104e-08	4.39409e-08	1.78522e-08
4.78401e-06	2.43595e-06	1.93564e-06	1.53134e-06	1.33358e-06	1.14424e-06	9.20315e-07	6.87509e-07	5.36996e-07	4.36877e-07	3.36872e-07	2.58022e-07	1.97315e-07	1.40455e-07	9.25275e-08	5.66198e-08	3.04798e-08
4.68041e-06	2.39115e-06	1.89588e-06	1.50084e-06	1.30548e-06	1.12221e-06	9.01627e-07	6.75667e-07	5.29151e-07	4.2492e-07	3.28471e-07	2.52126e-07	1.88547e-07	1.34901e-07	8.72767e-08	4.94458e-08	2.29895e-08
4.65076e-06	2.37426e-06	1.88738e-06	1.49264e-06	1.29224e-06	1.11164e-06	8.9414e-07	6.68818e-07	5.24824e-07	4.19406e-07	3.24274e-07	2.47109e-07	1.85708e-07	1.31721e-07	8.58068e-08	5.05327e-08	2.67846e-08
4.68183e-06	2.38916e-06	1.89474e-06	1.49619e-06	1.29651e-06	1.11585e-06	8.96781e-07	6.68088e-07	5.22952e-07	4.20049e-07	3.24624e-07	2.46748e-07	1.85903e-07	1.32699e-07	8.81371e-08	5.29506e-08	2.9417e-08
4.73437e-06	2.41602e-06	1.90824e-06	1.50926e-06	1.30449e-06	1.12068e-06	8.98639e-07	6.68257e-07	5.23914e-07	4.1763e-07	3.2295e-07	2.43262e-07	1.82668e-07	1.30703e-07	8.4723e-08	5.19776e-08	2.90761e-08
4.76206e-06	2.43234e-06	1.92313e-06	1.52023e-06	1.31799e-06	1.13161e-06	9.0683e-07	6.72006e-07	5.2824e-07	4.20076e-07	3.24376e-07	2.44756e-07	1.80116e-07	1.25724e-07	8.13786e-08	4.79896e-08	2.50006e-08
4.7892e-06	2.45154e-06	1.9386e-06	1.53053e-06	1.32128e-06	1.13532e-06	9.08118e-07	6.73174e-07	5.25925e-07	4.20062e-07	3.22018e-07	2.39815e-07	1.79235e-07	1.23108e-07	7.6927e-08	4.23857e-08	2.23442e-08
4.80585e-06	2.47039e-06	1.95047e-06	1.53694e-06	1.32713e-06	1.13793e-06	9.09562e-07	6.72765e-07	5.23685e-07	4.158e-07	3.20694e-07	2.3805e-07	1.78699e-07	1.25383e-07	8.20491e-08	4.84324e-08	2.94542e-08
4.78417e-06	2.46212e-06	1.94198e-06	1.52667e-06	1.31537e-06	1.1254e-06	8.97925e-07	6.59135e-07	5.08426e-07	4.01164e-07	3.05137e-07	2.27556e-07	1.67561e-07	1.15511e-07	7.42535e-08	4.36741e-08	2.44686e-08
4.73942e-06	2.45259e-06	1.93931e-06	1.52976e-06	1.32224e-06	1.13211e-06	9.05605e-07	6.65068e-07	5.14499e-07	4.08262e-07	3.09084e-07	2.33704e-07	1.72735e-07	1.18206e-07	7.19636e-08	3.95243e-08	1.63715e-08
4.65203e-06	2.41014e-06	1.91001e-06	1.50776e-06	1.30235e-06	1.11823e-06	8.92146e-07	6.58612e-07	5.09324e-07	4.05304e-07	3.08709e-07	2.33079e-07	1.7516e-07	1.21809e-07	7.67693e-08	4.44574e-08	2.16088e-08
4.55205e-06	2.35436e-06	1.87396e-06	1.48091e-06	1.28036e-06	1.0995e-06	8.77853e-07	6.46779e-07	5.01392e-07	3.96766e-07	3.0106e-07	2.23711e-07	1.65427e-07	1.13317e-07	7.04924e-08	4.24194e-08	2.47963e-08
4.38267e-06	2.27416e-06	1.8235e-06	1.44748e-06	1.25681e-06	1.07884e-06	8.67808e-07	6.42807e-07	5.02454e-07	4.00802e-07	3.08815e-07	2.3492e-07	1.76674e-07	1.26803e-07	8.55093e-08	5.50453e-08	3.53348e-08
4.09916e-06	2.13196e-06	1.72866e-06	1.37653e-06	1.19775e-06	1.03027e-06	8.29403e-07	6.16907e-07	4.77697e-07	3.80095e-07	2.93032e-07	2.19961e-07	1.63879e-07	1.13162e-07	7.13129e-08	4.28611e-08	2.35306e-08
3.78452e-06	1.98039e-06	1.61947e-06	1.29352e-06	1.12885e-06	9.71207e-07	7.81879e-07	5.8195e-07	4.52776e-07	3.60869e-07	2.75099e-07	2.05445e-07	1.51085e-07	1.04835e-07	6.50997e-08	3.82805e-08	1.91276e-08
3.54018e-06	1.86039e-06	1.53547e-06	1.22912e-06	1.0744e-06	9.27207e-07	7.50689e-07	5.60534e-07	4.37505e-07	3.50188e-07	2.67755e-07	2.00035e-07	1.47623e-07	1.01283e-07	6.13187e-08	3.58272e-08	1.58515e-08
3.32795e-06	1.74655e-06	1.45379e-06	1.16386e-06	1.01882e-06	8.81819e-07	7.15148e-07	5.32828e-07	4.16734e-07	3.31887e-07	2.52796e-07	1.87721e-07	1.37258e-07	9.14887e-08	5.42329e-08	2.76035e-08	1.2777e-08
3.14636e-06	1.64702e-06	1.38088e-06	1.10871e-06	9.74903e-07	8.42648e-07	6.87054e-07	5.16369e-07	4.05935e-07	3.24204e-07	2.48533e-07	1.85928e-07	1.36657e-07	9.26985e-08	5.85437e-08	3.26494e-08	1.67611e-08
2.98543e-06	1.56143e-06	1.31545e-06	1.05992e-06	9.33904e-07	8.11048e-07	6.62918e-07	5.0377e-07	3.94576e-07	3.18132e-07	2.437e-07	1.8646e-07	1.38428e-07	9.63922e-08	6.39073e-08	4.07959e-08	2.67798e-08
2.88485e-06	1.48137e-06	1.26015e-06	1.01454e-06	8.98166e-07	7.79798e-07	6.39937e-07	4.88387e-07	3.82922e-07	3.042e-07	2.3346e-07	1.76913e-07	1.27793e-07	8.85136e-08	5.45098e-08	3.1284e-08	1.66097e-08
2.76961e-06	1.4153e-06	1.21156e-06	9.79014e-07	8.69292e-07	7.59924e-07	6.27761e-07	4.76851e-07	3.78273e-07	3.01465e-07	2.32057e-07	1.74476e-07	1.29873e-07	8.9812e-08	5.71002e-08	3.35593e-08	1.77347e-08
2.65387e-06	1.33789e-06	1.15342e-06	9.32222e-07	8.29593e-07	7.24966e-07	5.99036e-07	4.56269e-07	3.60952e-07	2.90176e-07	2.21133e-07	1.65347e-07	1.22072e-07	8.44887e-08	5.25603e-08	3.19663e-08	1.64575e-08
2.53995e-06	1.2694e-06	1.10292e-06	8.94793e-07	8.02287e-07	7.03165e-07	5.83614e-07	4.43418e-07	3.55226e-07	2.8559e-07	2.21988e-07	1.65899e-07	1.237e-07	8.6599e-08	5.59744e-08	3.02704e-08	1.99231e-08
2.42409e-06	1.18812e-06	1.0458e-06	8.46523e-07	7.57912e-07	6.63888e-07	5.55557e-07	4.22129e-07	3.34025e-07	2.67868e-07	2.05872e-07	1.53351e-07	1.13062e-07	7.39242e-08	4.48048e-08	2.63617e-08	1.28267e-08
2.3177e-06	1.11919e-06	9.93245e-07	8.06787e-07	7.24708e-07	6.3289e-07	5.29586e-07	4.06524e-07	3.2313e-07	2.6072e-07	1.99879e-07	1.50307e-07	1.12259e-07	7.74495e-08	4.96218e-08	3.14579e-08	2.09846e-08
2.19226e-06	1.04908e-06	9.3386e-07	7.59891e-07	6.83494e-07	5.98254e-07	4.99254e-07	3.83076e-07	3.05148e-07	2.44523e-07	1.88072e-07	1.41538e-07	1.02859e-07	7.03769e-08	3.98685e-08	2.16291e-08	1.0726e-08
2.08514e-06	9.77207e-07	8.84161e-07	7.1469e-07	6.46209e-07	5.6074e-07	4.69832e-07	3.59597e-07	2.86739e-07	2.30185e-07	1.75985e-07	1.34774e-07	9.8257e-08	6.76592e-08	4.04007e-08	2.47413e-08	1.68357e-08
1.99842e-06	9.21616e-07	8.39261e-07	6.82014e-07	6.19542e-07	5.4174e-07	4.53655e-07	3.50025e-07	2.80003e-07	2.25234e-07	1.75057e-07	1.31773e-07	1.01948e-07	7.09082e-08	4.47255e-08	2.88262e-08	1.96813e-08
1.93564e-06	8.84632e-07	8.06843e-07	6.59145e-07	5.99583e-07	5.25436e-07	4.42095e-07	3.42639e-07	2.766e-07	2.25651e-07	1.73501e-07	1.31824e-07	1.00923e-07	6.96686e-08	4.11713e-08	2.08449e-08	9.87857e-09
1.89859e-06	8.53356e-07	7.8231e-07	6.38322e-07	5.82695e-07	5.10776e-07	4.28056e-07	3.33055e-07	2.67967e-07	2.16122e-07	1.69677e-07	1.29329e-07	9.60133e-08	6.64289e-08	3.97663e-08	2.35005e-08	1.37993e-08
1.88147e-06	8.32891e-07	7.68055e-07	6.26837e-07	5.70641e-07	5.00114e-07	4.22466e-07	3.28881e-07	2.62478e-07	2.15932e-07	1.69335e-07	1.31239e-07	9.96686e-08	7.08431e-08	4.13852e-08	2.86737e-08	1.71258e-08
1.87564e-06	8.19656e-07	7.54288e-07	6.16304e-07	5.62282e-07	4.90868e-07	4.15153e-07	3.21148e-07	2.58032e-07	2.13736e-07	1.68505e-07	1.31154e-07	9.88743e-08	7.10979e-08	4.68884e-08	3.14698e-08	1.83279e-08
1.87323e-06	8.092e-07	7.44226e-07	6.01073e-07	5.48253e-07	4.78055e-07	4.02077e-07	3.08176e-07	2.47464e-07	2.0403e-07	1.57901e-07	1.20387e-07	8.88923e-08	6.18628e-08	3.9235e-08	2.44112e-08	1.50515e-08
1.88525e-06	8.00941e-07	7.3579e-07	5.91498e-07	5.39855e-07	4.70694e-07	3.9383e-07	3.04331e-07	2.43897e-07	1.99818e-07	1.56396e-07	1.22777e-07	9.26362e-08	6.7757e-08	4.55971e-08	2.86231e-08	1.71764e-08
1.90001e-06	7.98631e-07	7.29649e-07	5.85766e-07	5.3009e-07	4.59324e-07	3.82462e-07	2.91713e-07	2.34342e-07	1.90428e-07	1.47994e-07	1.16665e-07	8.55004e-08	6.30628e-08	3.99929e-08	2.62066e-08	1.73024e-08
1.92288e-06	8.09468e-07	7.37859e-07	5.90492e-07	5.35122e-07	4.62235e-07	3.82911e-07	2.93608e-07	2.36164e-07	1.93327e-07	1.52312e-07	1.16988e-07	9.2275e-08	6.51844e-08	4.32666e-08	2.82542e-08	1.76683e-08
1.93007e-06	7.97948e-07	7.26791e-07	5.76153e-07	5.20464e-07	4.48788e-07	3.7027e-07	2.80912e-07	2.24742e-07	1.80057e-07	1.42252e-07	1.10063e-07	8.44759e-08	6.03941e-08	3.71977e-08	2.30699e-08	1.68851e-08
1.93754e-06	8.05057e-07	7.28979e-07	5.77519e-07	5.19453e-07	4.47587e-07	3.70143e-07	2.78749e-07	2.2497e-07	1.80044e-07	1.42239e-07	1.10442e-07	8.34387e-08	5.81048e-08	3.77542e-08	2.60422e-08	1.9655e-08
1.94521e-06	7.98624e-07	7.21802e-07	5.69739e-07	5.12369e-07	4.40202e-07	3.61179e-07	2.7195e-07	2.16477e-07	1.74158e-07	1.36076e-07	1.04723e-07	7.82764e-08	5.58521e-08	3.47684e-08	2.34614e-08	1.75423e-08
1.95084e-06	7.91314e-07	7.17805e-07	5.64086e-07	5.08714e-07	4.35472e-07	3.57347e-07	2.70394e-07	2.14428e-07	1.72716e-07	1.35178e-07	1.04659e-07	7.97435e-08	5.69904e-08	3.60838e-08	2.14251e-08	1.39504e-08
1.95084e-06	7.89328e-07	7.08421e-07	5.56295e-07	4.97976e-07	4.26618e-07	3.49632e-07	2.64981e-07	2.09901e-07	1.69605e-07	1.32712e-07	1.02573e-07	7.89467e-08	5.64845e-08	3.7045e-08	2.41191e-08	8.30951e-09
1.9399e-06	7.79949e-07	6.98348e-07	5.46808e-07	4.8758e-07	4.16148e-07	3.42566e-07	2.58562e-07	2.0581e-07	1.64833e-07	1.32658e-07	1.02987e-07	7.94885e-08	5.94931e-08	4.00794e-08	2.63191e-08	1.28371e-08
1.92881e-06	7.73683e-07	6.89803e-07	5.32833e-07	4.74844e-07	4.05889e-07	3.33949e-07	2.51688e-07	1.99795e-07	1.62877e-07	1.3041e-07	1.00005e-07	7.50765e-08	5.7686e-08	3.85248e-08	2.70407e-08	1.90221e-08
1.91749e-06	7.63748e-07	6.78682e-07	5.25269e-07	4.66952e-07	3.95242e-07	3.2362e-07	2.45245e-07	1.93618e-07	1.56612e-07	1.20757e-07	9.57024e-08	7.1761e-08	5.2145e-08	3.20104e-08	2.07922e-08	8.43578e-09
1.90052e-06	7.55445e-07	6.72885e-07	5.17339e-07	4.6111e-07	3.92703e-07	3.20324e-07	2.4066e-07	1.93246e-07	1.55811e-07	1.2298e-07	9.63577e-08	7.35551e-08	5.38257e-08	3.7549e-08	2.69002e-08	1.73517e-08
1.88078e-06	7.49627e-07	6.66346e-07	5.13292e-07	4.53307e-07	3.82838e-07	3.17288e-07	2.38535e-07	1.90021e-07	1.57089e-07	1.26318e-07	9.75338e-08	7.80827e-08	5.65069e-08	3.83078e-08	1.94891e-08	1.26091e-08
1.86932e-06	7.35816e-07	6.54534e-07	5.03554e-07	4.49956e-07	3.80511e-07	3.11395e-07	2.36259e-07	1.87075e-07	1.54344e-07	1.23068e-07	9.57632e-08	7.51992e-08	5.45087e-08	3.76881e-08	2.4472e-08	1.44682e-08
1.87991e-06	7.35039e-07	6.54669e-07	5.00139e-07	4.44355e-07	3.75632e-07	3.0949e-07	2.33319e-07	1.81594e-07	1.51191e-07	1.1124e-07	8.59723e-08	6.65343e-08	4.66031e-08	2.94542e-08	1.60866e-08	9.29533e-09
1.91641e-06	7.3944e-07	6.63446e-07	5.04882e-07	4.43393e-07	3.75468e-07	3.05405e-07	2.27653e-07	1.80228e-07	1.46196e-07	1.09192e-07	8.57067e-08	6.92533e-08	5.15353e-08	3.46646e-08	2.25491e-08	1.4961e-08
1.96161e-06	7.41761e-07	6.67527e-07	5.07385e-07	4.46569e-07	3.74674e-07	3.05612e-07	2.23373e-07	1.7844e-07	1.44624e-07	1.1273e-07	8.60713e-08	6.43701e-08	4.8423e-08	3.24127e-08	2.14356e-08	8.33397e-09
2.00888e-06	7.57638e-07	6.87668e-07	5.27986e-07	4.70004e-07	3.93887e-07	3.19882e-07	2.3877e-07	1.91904e-07	1.5695e-07	1.24336e-07	9.65274e-08	7.34863e-08	5.43148e-08	3.66356e-08	2.2725e-08	1.56432e-08
2.01353e-06	7.54578e-07	6.91019e-07	5.31893e-07	4.77642e-07	4.00602e-07	3.25016e-07	2.44335e-07	1.96406e-07	1.62527e-07	1.29066e-07	1.03356e-07	8.04669e-08	5.97906e-08	4.24655e-08	2.79857e-08	1.52385e-08
1.9891e-06	7.48097e-07	6.88077e-07	5.3092e-07	4.74669e-07	3.99006e-07	3.25834e-07	2.41407e-07	1.91707e-07	1.54513e-07	1.26502e-07	9.7276e-08	7.3564e-08	5.24951e-08	3.5764e-08	2.3712e-08	1.60103e-08
1.98203e-06	7.56241e-07	6.96768e-07	5.44804e-07	4.85495e-07	4.09027e-07	3.33784e-07	2.48995e-07	1.99322e-07	1.6528e-07	1.31857e-07	1.0568e-07	8.09707e-08	6.05225e-08	4.19712e-08	2.68343e-08	1.46564e-08
1.9444e-06	7.57632e-07	6.92026e-07	5.40353e-07	4.81069e-07	4.07813e-07	3.28941e-07	2.46466e-07	1.98677e-07	1.64395e-07	1.32009e-07	1.06806e-07	8.36136e-08	6.40886e-08	4.76239e-08	3.66221e-08	2.55318e-08
1.91758e-06	7.70309e-07	7.02656e-07	5.43816e-07	4.79755e-07	4.11103e-07	3.26682e-07	2.41426e-07	1.91351e-07	1.54059e-07	1.24785e-07	9.77238e-08	7.61887e-08	5.41098e-08	3.93905e-08	2.65301e-08	1.64643e-08
1.91278e-06	7.97041e-07	7.21143e-07	5.57739e-07	4.91907e-07	4.18437e-07	3.35167e-07	2.43045e-07	1.93867e-07	1.54426e-07	1.25379e-07	9.62696e-08	7.85787e-08	5.76125e-08	4.55362e-08	3.35104e-08	2.35205e-08
1.96218e-06	8.54771e-07	7.63663e-07	5.97001e-07	5.22799e-07	4.42844e-07	3.56921e-07	2.64106e-07	2.10617e-07	1.71088e-07	1.35872e-07	1.05296e-07	8.25978e-08	6.39336e-08	4.51683e-08	3.08161e-08	2.47718e-08
2.05058e-06	9.2274e-07	8.08419e-07	6.3315e-07	5.54082e-07	4.6682e-07	3.74842e-07	2.73064e-07	2.15619e-07	1.75573e-07	1.39839e-07	1.06861e-07	8.27475e-08	6.24905e-08	4.45602e-08	3.18016e-08	2.49102e-08
2.23526e-06	1.03997e-06	8.91829e-07	6.94265e-07	6.00091e-07	5.04248e-07	3.97064e-07	2.83646e-07	2.19452e-07	1.75475e-07	1.37631e-07	1.07665e-07	8.33628e-08	6.59519e-08	4.64799e-08	3.97026e-08	2.38089e-08
2.47733e-06	1.19298e-06	9.96118e-07	7.67013e-07	6.60205e-07	5.48504e-07	4.27054e-07	3.05617e-07	2.36237e-07	1.91779e-07	1.49495e-07	1.18289e-07	9.32529e-08	7.14412e-08	5.33723e-08	3.99691e-08	2.57694e-08
2.69957e-06	1.30058e-06	1.0558e-06	8.05159e-07	6.81591e-07	5.66608e-07	4.3051e-07	3.03161e-07	2.3295e-07	1.83816e-07	1.44759e-07	1.10191e-07	8.50676e-08	6.40283e-08	4.84258e-08	3.71476e-08	2.57302e-08
2.88805e-06	1.38087e-06	1.09141e-06	8.23593e-07	6.9163e-07	5.75572e-07	4.34138e-07	3.02567e-07	2.30156e-07	1.78973e-07	1.45632e-07	1.07498e-07	8.10469e-08	5.91731e-08	4.84132e-08	3.49222e-08	2.40865e-08
2.96627e-06	1.41229e-06	1.10761e-06	8.41353e-07	7.10484e-07	5.88957e-07	4.50641e-07	3.16901e-07	2.39601e-07	1.91355e-07	1.47786e-07	1.11842e-07	8.53162e-08	6.30389e-08	4.5212e-08	2.9269e-08	1.85349e-08
2.96964e-06	1.44199e-06	1.14227e-06	8.76046e-07	7.43128e-07	6.19529e-07	4.75675e-07	3.33173e-07	2.50183e-07	1.95274e-07	1.47445e-07	1.10919e-07	8.29899e-08	6.19895e-08	4.39604e-08	2.75369e-08	1.98877e-08
2.95943e-06	1.492e-06	1.19735e-06	9.30311e-07	7.92171e-07	6.63363e-07	5.11202e-07	3.58561e-07	2.69591e-07	2.10724e-07	1.57104e-07	1.16166e-07	8.66058e-08	6.20527e-08	4.10018e-08	2.86115e-08	2.07601e-08
2.98645e-06	1.5542e-06	1.25815e-06	9.86915e-07	8.46646e-07	7.13975e-07	5.52163e-07	3.84144e-07	2.91562e-07	2.28817e-07	1.71193e-07	1.27272e-07	9.47306e-08	6.82445e-08	4.80164e-08	3.63726e-08	2.37553e-08
3.00623e-06	1.60081e-06	1.30436e-06	1.03164e-06	8.83439e-07	7.4689e-07	5.78104e-07	4.05322e-07	3.06599e-07	2.4086e-07	1.81745e-07	1.33906e-07	1.02491e-07	7.6043e-08	5.77623e-08	4.73578e-08	4.03919e-08
3.00984e-06	1.6299e-06	1.34337e-06	1.07106e-06	9.17436e-07	7.75821e-07	5.94688e-07	4.17676e-07	3.08665e-07	2.47124e-07	1.79604e-07	1.28935e-07	9.51809e-08	6.64585e-08	4.08207e-08	2.60297e-08	1.65862e-08
3.23175e-06	1.76848e-06	1.4496e-06	1.15506e-06	9.88559e-07	8.35685e-07	6.4596e-07	4.51267e-07	3.32979e-07	2.55474e-07	1.86868e-07	1.33369e-07	9.32191e-08	6.07681e-08	3.52068e-08	2.19079e-08	1.20601e-08
3.83952e-06	2.08966e-06	1.66445e-06	1.3063e-06	1.10549e-06	9.27768e-07	7.02829e-07	4.85412e-07	3.54297e-07	2.69335e-07	1.93108e-07	1.34705e-07	9.31535e-08	5.97173e-08	3.27535e-08	1.71542e-08	6.76308e-09
4.72948e-06	2.61815e-06	2.01887e-06	1.55494e-06	1.28751e-06	1.06261e-06	7.91204e-07	5.2972e-07	3.80881e-07	2.83152e-07	2.0561e-07	1.41709e-07	9.80583e-08	5.84153e-08	3.17169e-08	1.16047e-08	-1.42846e-09
5.56161e-06	3.13356e-06	2.37174e-06	1.79907e-06	1.4651e-06	1.19227e-06	8.63945e-07	5.64203e-07	3.98961e-07	2.9308e-07	2.13493e-07	1.47836e-07	1.0267e-07	6.62133e-08	3.9819e-08	2.02634e-08	8.54528e-09
6.31748e-06	3.53515e-06	2.64559e-06	1.98446e-06	1.60306e-06	1.2932e-06	9.18392e-07	5.84326e-07	4.07698e-07	3.01125e-07	2.1728e-07	1.50879e-07	1.0766e-07	7.3442e-08	4.43054e-08	2.51422e-08	9.80913e-09
6.75412e-06	3.67375e-06	2.71373e-06	2.02102e-06	1.62122e-06	1.29873e-06	9.17434e-07	5.71064e-07	3.9013e-07	2.82094e-07	2.00083e-07	1.3625e-07	9.36647e-08	6.10653e-08	3.44575e-08	1.7115e-08	4.15866e-09
6.73107e-06	3.50854e-06	2.58377e-06	1.91357e-06	1.53935e-06	1.2302e-06	8.72715e-07	5.46187e-07	3.73714e-07	2.65579e-07	1.83646e-07	1.31367e-07	9.05023e-08	6.18348e-08	3.76924e-08	1.99965e-08	6.64863e-09
6.26057e-06	3.15173e-06	2.32872e-06	1.72324e-06	1.39286e-06	1.11667e-06	7.98577e-07	5.01176e-07	3.4259e-07	2.46992e-07	1.69203e-07	1.17555e-07	8.22884e-08	5.64011e-08	3.59996e-08	2.22975e-08	1.29942e-08
5.66916e-06	2.79423e-06	2.08571e-06	1.54876e-06	1.26254e-06	1.01598e-06	7.29928e-07	4.60792e-07	3.13729e-07	2.24013e-07	1.54217e-07	1.0405e-07	6.98342e-08	4.40745e-08	2.61894e-08	2.12346e-08	1.23616e-08
5.00925e-06	2.44854e-06	1.85232e-06	1.38425e-06	1.13696e-06	9.17008e-07	6.63001e-07	4.22039e-07	2.89752e-07	2.09212e-07	1.42866e-07	9.6112e-08	6.32489e-08	3.97265e-08	2.16138e-08	1.38404e-08	1.99707e-09
4.4049e-06	2.11714e-06	1.61694e-06	1.2148e-06	1.00346e-06	8.15003e-07	5.93175e-07	3.80005e-07	2.5867e-07	1.85592e-07	1.24444e-07	7.93225e-08	4.88246e-08	2.71992e-08	1.45222e-08	5.58645e-09	3.90546e-09
4.02893e-06	1.81328e-06	1.4171e-06	1.06369e-06	8.89244e-07	7.23218e-07	5.34656e-07	3.46562e-07	2.39535e-07	1.74722e-07	1.20627e-07	8.18124e-08	5.40445e-08	3.56168e-08	2.41532e-08	1.42063e-08	1.159e-08
3.60441e-06	1.50835e-06	1.21491e-06	9.15961e-07	7.76878e-07	6.34698e-07	4.73912e-07	3.12483e-07	2.22983e-07	1.64299e-07	1.17154e-07	8.15617e-08	5.63462e-08	3.94474e-08	2.67449e-08	1.83018e-08	1.34862e-08
3.05956e-06	1.17014e-06	9.84593e-07	7.45317e-07	6.44999e-07	5.2696e-07	3.98898e-07	2.68965e-07	1.95164e-07	1.47425e-07	1.0612e-07	7.36874e-08	5.19098e-08	3.14593e-08	1.88074e-08	1.03516e-08	7.36874e-09
2.59395e-06	9.10971e-07	7.84378e-07	5.92227e-07	5.19982e-07	4.27187e-07	3.28615e-07	2.24166e-07	1.64977e-07	1.25038e-07	9.0546e-08	6.59757e-08	4.4957e-08	3.06876e-08	1.93251e-08	1.03766e-08	2.06016e-09
2.26357e-06	7.40552e-07	6.42319e-07	4.78387e-07	4.25276e-07	3.48935e-07	2.73528e-07	1.9227e-07	1.40866e-07	1.07561e-07	8.14732e-08	5.91648e-08	4.11411e-08	2.98036e-08	1.70758e-08	8.00071e-09	4.14571e-09
1.96666e-06	6.30043e-07	5.47472e-07	4.07798e-07	3.64206e-07	3.0134e-07	2.4023e-07	1.72005e-07	1.29499e-07	1.04019e-07	7.97902e-08	6.01871e-08	4.50708e-08	3.49848e-08	2.59479e-08	2.03362e-08	1.51921e-08
1.66451e-06	5.15217e-07	4.60479e-07	3.4989e-07	3.06565e-07	2.51725e-07	2.04406e-07	1.44309e-07	1.09161e-07	8.37188e-08	6.41794e-08	4.70539e-08	3.3164e-08	2.35586e-08	1.57352e-08	1.38394e-08	1.49263e-08
1.34849e-06	4.00483e-07	3.72918e-07	2.80225e-07	2.55921e-07	2.12937e-07	1.73049e-07	1.24226e-07	9.37919e-08	7.46948e-08	5.97053e-08	4.45388e-08	3.18243e-08	2.39377e-08	1.67084e-08	1.43449e-08	1.17793e-08
1.1111e-06	3.24604e-07	3.18134e-07	2.4406e-07	2.22448e-07	1.85759e-07	1.54011e-07	1.13897e-07	9.09711e-08	7.61842e-08	6.256e-08	4.99722e-08	4.02786e-08	3.35044e-08	2.77286e-08	2.18771e-08	1.50144e-08
9.54036e-07	2.68552e-07	2.69589e-07	2.07221e-07	1.91285e-07	1.58225e-07	1.32267e-07	1.00142e-07	8.17283e-08	6.98109e-08	5.71226e-08	4.5875e-08	3.6283e-08	2.98883e-08	2.56294e-08	2.23562e-08	1.45461e-08
8.43523e-07	2.25616e-07	2.35044e-07	1.78617e-07	1.63832e-07	1.36219e-07	1.15847e-07	8.72615e-08	7.31075e-08	5.96866e-08	4.83255e-08	3.84178e-08	2.94831e-08	2.19891e-08	1.70732e-08	1.37622e-08	9.68027e-09
1.32875e-06	3.00695e-07	2.79932e-07	1.99823e-07	1.87653e-07	1.4945e-07	1.18425e-07	8.30658e-08	6.50575e-08	5.38102e-08	4.45217e-08	3.66612e-08	2.93441e-08	2.46304e-08	1.84127e-08	9.78137e-09	-2.28738e-09
1.30329e-06	3.40979e-07	2.96469e-07	2.08687e-07	1.88366e-07	1.49416e-07	1.158e-07	7.68628e-08	5.66803e-08	4.45733e-08	3.56132e-08	2.85992e-08	2.09155e-08	1.45587e-08	1.08685e-08	7.60793e-09	5.81337e-09
1.286e-06	3.83594e-07	3.25713e-07	2.30829e-07	2.00928e-07	1.57163e-07	1.22599e-07	8.18168e-08	5.5783e-08	4.06556e-08	2.96987e-08	2.23941e-08	1.34592e-08	8.69477e-09	1.06031e-08	1.54181e-09	3.58912e-09
1.27386e-06	4.02373e-07	3.48916e-07	2.454e-07	2.0645e-07	1.65567e-07	1.29259e-07	8.84769e-08	6.19629e-08	4.76822e-08	3.62703e-08	2.8536e-08	1.66945e-08	1.10328e-08	7.12769e-09	2.03468e-09	6.31888e-11
1.27299e-06	4.19698e-07	3.60337e-07	2.62177e-07	2.25261e-07	1.77805e-07	1.36238e-07	9.5923e-08	6.68807e-08	5.0843e-08	3.9633e-08	3.13045e-08	1.88181e-08	1.34595e-08	9.76923e-09	4.43596e-09	9.60493e-10
1.26825e-06	4.32963e-07	3.70463e-07	2.70286e-07	2.31332e-07	1.85174e-07	1.41658e-07	9.48433e-08	7.15116e-08	5.38549e-08	3.93579e-08	3.19641e-08	2.02098e-08	1.45096e-08	8.8094e-09	3.76643e-09	1.41557e-09
1.27854e-06	4.44832e-07	3.8222e-07	2.73679e-07	2.40072e-07	1.89669e-07	1.43285e-07	9.70653e-08	6.84386e-08	5.00493e-08	3.56538e-08	2.64655e-08	1.4623e-08	7.52003e-09	4.80271e-10	-5.23243e-09	-1.01236e-08
1.31189e-06	4.57621e-07	3.96967e-07	2.8999e-07	2.50859e-07	2.03703e-07	1.54462e-07	1.04082e-07	7.85137e-08	5.9593e-08	4.29727e-08	3.51871e-08	1.89585e-08	1.36375e-08	6.14257e-09	2.27503e-10	-7.01466e-09
1.34322e-06	4.58492e-07	4.01097e-07	2.96544e-07	2.5783e-07	2.08385e-07	1.57499e-07	1.05109e-07	7.6784e-08	6.03403e-08	4.6121e-08	3.54407e-08	2.43307e-08	1.82765e-08	1.37516e-08	8.69587e-09	4.25946e-09
1.38375e-06	4.58074e-07	4.06934e-07	3.01153e-07	2.62362e-07	2.10185e-07	1.59576e-07	1.06085e-07	7.69629e-08	6.00005e-08	4.58188e-08	3.00824e-08	2.62779e-08	2.22711e-08	2.00086e-08	1.93513e-08	1.51929e-08
1.42568e-06	4.60717e-07	4.21813e-07	3.16237e-07	2.79671e-07	2.24525e-07	1.69291e-07	1.13792e-07	8.34703e-08	6.46124e-08	4.92555e-08	3.43285e-08	2.48869e-08	1.69999e-08	8.92338e-09	2.313e-09	-5.99105e-09
1.45724e-06	4.60792e-07	4.2262e-07	3.17597e-07	2.80095e-07	2.24784e-07	1.69258e-07	1.11077e-07	8.43066e-08	6.20608e-08	4.84352e-08	3.6516e-08	2.1083e-08	1.38025e-08	7.11613e-09	2.51529e-09	-4.51236e-09
1.49757e-06	4.62409e-07	4.30746e-07	3.24924e-07	2.88129e-07	2.29302e-07	1.7792e-07	1.13052e-07	8.46879e-08	6.30356e-08	4.66416e-08	3.476e-08	2.17913e-08	1.55093e-08	1.60401e-08	1.04027e-08	-4.00688e-09
1.52873e-06	4.69816e-07	4.35814e-07	3.23419e-07	2.83654e-07	2.24891e-07	1.74634e-07	1.11662e-07	7.8962e-08	6.01158e-08	4.16993e-08	2.89961e-08	1.94403e-08	1.2956e-08	9.01231e-09	5.76383e-09	6.57279e-10
1.57724e-06	5.04209e-07	4.57416e-07	3.4085e-07	2.98582e-07	2.35445e-07	1.85062e-07	1.25515e-07	9.39909e-08	7.0607e-08	5.58182e-08	4.3292e-08	3.1878e-08	2.24233e-08	1.73421e-08	1.11232e-08	5.20768e-09
1.5958e-06	5.30312e-07	4.68778e-07	3.4581e-07	3.01706e-07	2.43294e-07	1.85969e-07	1.24005e-07	9.1417e-08	6.79307e-08	5.22437e-08	4.11832e-08	3.00341e-08	1.96056e-08	1.39679e-08	2.38908e-09	-4.27253e-09
1.60825e-06	5.5419e-07	4.83618e-07	3.58197e-07	3.09101e-07	2.49324e-07	1.91809e-07	1.2872e-07	9.27064e-08	7.30881e-08	5.72747e-08	4.37239e-08	3.31564e-08	2.50664e-08	1.89483e-08	1.27797e-08	6.83858e-09
1.62574e-06	5.83458e-07	4.96347e-07	3.67001e-07	3.21063e-07	2.59475e-07	1.97937e-07	1.32645e-07	9.78055e-08	7.9463e-08	6.07413e-08	4.80368e-08	3.53703e-08	2.72166e-08	2.16039e-08	1.38548e-08	8.1789e-09
1.63834e-06	6.0562e-07	5.09481e-07	3.80878e-07	3.26368e-07	2.59848e-07	2.02506e-07	1.38994e-07	1.05279e-07	8.5179e-08	6.8037e-08	5.61792e-08	4.34997e-08	3.48402e-08	2.857e-08	2.26537e-08	1.24772e-08
1.61855e-06	6.08389e-07	5.04071e-07	3.74039e-07	3.19756e-07	2.56662e-07	1.9444e-07	1.32673e-07	1.00096e-07	8.01856e-08	6.40423e-08	5.21086e-08	4.06427e-08	3.28428e-08	2.46637e-08	1.94175e-08	1.58652e-08
1.56815e-06	6.01504e-07	4.89697e-07	3.62769e-07	3.12124e-07	2.49393e-07	1.89659e-07	1.30506e-07	9.69785e-08	7.89507e-08	6.0493e-08	4.8129e-08	3.51833e-08	2.69027e-08	2.06953e-08	1.49052e-08	7.62326e-09
1.53603e-06	5.88253e-07	4.84425e-07	3.53645e-07	3.0419e-07	2.47566e-07	1.89464e-07	1.30578e-07	9.57371e-08	7.67616e-08	5.8709e-08	4.60671e-08	3.3185e-08	2.46644e-08	1.78883e-08	9.62049e-09	5.41074e-09
1.51473e-06	5.78255e-07	4.75424e-07	3.51113e-07	3.01125e-07	2.43224e-07	1.88167e-07	1.28824e-07	9.67257e-08	7.4134e-08	5.74842e-08	4.53729e-08	3.19722e-08	2.33502e-08	1.66372e-08	8.59671e-09	5.51201e-09
1.52378e-06	5.81591e-07	4.77308e-07	3.54251e-07	3.05201e-07	2.46403e-07	1.90185e-07	1.31805e-07	9.87459e-08	7.86706e-08	6.11489e-08	4.87598e-08	3.31724e-08	2.4854e-08	1.72562e-08	1.07835e-08	7.58514e-09
1.5379e-06	5.74208e-07	4.70898e-07	3.4721e-07	2.9759e-07	2.42459e-07	1.83548e-07	1.25825e-07	9.3272e-08	7.29691e-08	5.57002e-08	4.32353e-08	2.85581e-08	2.04293e-08	1.3767e-08	1.1226e-08	9.01368e-09
1.56339e-06	5.6952e-07	4.6708e-07	3.44197e-07	2.94716e-07	2.38913e-07	1.81365e-07	1.20986e-07	8.87863e-08	6.82048e-08	4.87484e-08	3.71808e-08	2.40708e-08	1.78635e-08	1.71934e-08	1.09229e-08	1.02402e-08
1.62859e-06	5.79075e-07	4.79697e-07	3.5252e-07	3.03583e-07	2.45329e-07	1.88718e-07	1.28088e-07	9.61923e-08	7.44482e-08	5.29696e-08	3.95312e-08	2.76858e-08	1.82296e-08	1.19719e-08	3.18576e-09	1.02779e-08
1.69336e-06	5.94324e-07	4.91972e-07	3.62908e-07	3.11479e-07	2.54362e-07	1.94513e-07	1.31264e-07	9.95954e-08	7.7737e-08	5.86094e-08	4.43869e-08	3.04298e-08	2.18331e-08	1.36662e-08	8.9507e-09	6.59924e-09
1.73253e-06	6.16741e-07	5.00733e-07	3.70009e-07	3.21196e-07	2.62004e-07	2.01067e-07	1.38853e-07	1.0334e-07	8.01917e-08	5.81178e-08	4.26433e-08	1.9027e-08	1.02278e-08	1.153e-08	5.39837e-09	-2.78136e-09
1.76685e-06	6.11495e-07	4.9555e-07	3.62082e-07	3.06847e-07	2.47844e-07	1.83544e-07	1.21343e-07	8.56912e-08	6.1822e-08	3.9293e-08	2.45139e-08	7.30739e-09	-6.04314e-09	-9.67155e-09	-1.33379e-08	-1.23265e-08
1.80785e-06	6.29949e-07	5.13856e-07	3.76005e-07	3.19785e-07	2.56321e-07	1.98445e-07	1.31365e-07	9.1909e-08	6.6397e-08	4.29836e-08	2.82554e-08	1.20607e-08	-6.8268e-10	-1.17573e-08	-1.50316e-08	-1.73957e-08
1.80166e-06	6.39621e-07	5.22086e-07	3.83818e-07	3.27712e-07	2.68192e-07	2.04374e-07	1.38104e-07	9.8976e-08	7.42478e-08	5.04804e-08	3.41593e-08	1.6713e-08	5.66372e-09	-4.311e-09	-8.09102e-09	-7.07965e-09
1.79039e-06	6.37605e-07	5.24932e-07	3.88149e-07	3.28095e-07	2.62845e-07	2.01148e-07	1.36872e-07	9.7565e-08	7.62744e-08	5.46298e-08	3.68666e-08	2.08481e-08	9.02701e-09	2.62972e-09	-3.186e-09	-6.372e-09
1.79095e-06	6.4686e-07	5.25981e-07	3.89982e-07	3.37855e-07	2.72365e-07	2.10099e-07	1.43863e-07	1.05732e-07	8.37969e-08	6.3543e-08	4.56028e-08	3.05072e-08	2.43754e-08	1.72828e-08	1.05821e-08	5.19622e-09
1.81011e-06	6.63666e-07	5.43707e-07	4.06086e-07	3.50355e-07	2.86912e-07	2.25567e-07	1.58052e-07	1.23903e-07	9.67709e-08	7.92475e-08	6.1901e-08	4.62108e-08	3.31251e-08	2.34405e-08	1.56143e-08	8.11692e-09
1.82763e-06	6.71054e-07	5.52104e-07	4.14214e-07	3.59885e-07	2.95049e-07	2.35473e-07	1.64972e-07	1.30178e-07	1.05131e-07	8.3131e-08	6.5152e-08	4.99924e-08	3.60972e-08	2.83594e-08	2.09376e-08	1.19481e-08
1.82227e-06	6.58225e-07	5.35377e-07	3.95929e-07	3.43292e-07	2.77696e-07	2.154e-07	1.46694e-07	1.11999e-07	8.64585e-08	6.50272e-08	4.93488e-08	3.52763e-08	2.64509e-08	1.9737e-08	1.60324e-08	1.32128e-08
1.84167e-06	6.65255e-07	5.41105e-07	4.00986e-07	3.47857e-07	2.82223e-07	2.19927e-07	1.50942e-07	1.15628e-07	9.26666e-08	7.07422e-08	5.33569e-08	4.20154e-08	3.25958e-08	2.49589e-08	2.24175e-08	1.626e-08
1.8626e-06	6.75471e-07	5.54887e-07	4.13289e-07	3.60134e-07	2.95587e-07	2.31736e-07	1.63004e-07	1.25958e-07	1.00076e-07	7.70009e-08	5.92742e-08	4.55304e-08	3.46061e-08	2.31382e-08	1.29726e-08	4.5012e-09
1.86551e-06	6.77001e-07	5.58389e-07	4.12619e-07	3.5954e-07	2.92502e-07	2.27538e-07	1.58225e-07	1.1779e-07	9.29953e-08	6.83778e-08	5.08408e-08	3.74131e-08	2.49336e-08	1.5868e-08	1.19611e-08	7.28284e-09
1.88208e-06	6.80816e-07	5.66333e-07	4.18898e-07	3.64161e-07	2.96791e-07	2.30951e-07	1.59421e-07	1.18163e-07	9.28104e-08	6.72053e-08	4.82766e-08	3.48102e-08	2.32658e-08	1.50343e-08	8.66146e-09	6.11992e-09
1.91532e-06	7.05379e-07	5.94591e-07	4.46414e-07	3.87935e-07	3.18696e-07	2.49621e-07	1.74287e-07	1.30981e-07	1.04795e-07	7.85328e-08	5.82263e-08	4.04739e-08	2.72987e-08	1.94214e-08	7.85201e-09	-3.08517e-09
1.92943e-06	7.10735e-07	6.04918e-07	4.54368e-07	3.94121e-07	3.23442e-07	2.50778e-07	1.72399e-07	1.27374e-07	9.88115e-08	7.37135e-08	5.51903e-08	3.75774e-08	2.71084e-08	2.07485e-08	1.43128e-08	1.00518e-08
1.94356e-06	7.26742e-07	6.26097e-07	4.74169e-07	4.13339e-07	3.40296e-07	2.65874e-07	1.86079e-07	1.38475e-07	1.08522e-07	8.28803e-08	6.07156e-08	4.39246e-08	3.53395e-08	2.54647e-08	2.1583e-08	1.22645e-08
1.91648e-06	7.26559e-07	6.26789e-07	4.75826e-07	4.19334e-07	3.50035e-07	2.7315e-07	1.92447e-07	1.40785e-07	1.11326e-07	8.53689e-08	6.07267e-08	4.39741e-08	3.05214e-08	2.0217e-08	1.40596e-08	8.35736e-09
1.87366e-06	7.03641e-07	6.19459e-07	4.72234e-07	4.154e-07	3.45303e-07	2.71627e-07	1.89746e-07	1.40523e-07	1.0832e-07	8.21849e-08	5.98432e-08	4.32545e-08	3.17992e-08	2.08117e-08	1.14806e-08	9.90011e-09
1.83319e-06	6.79812e-07	6.064e-07	4.63661e-07	4.11327e-07	3.42163e-07	2.69674e-07	1.88524e-07	1.39149e-07	1.07665e-07	8.00627e-08	6.0085e-08	4.15613e-08	3.12437e-08	2.29112e-08	1.6273e-08	1.15188e-08
1.77415e-06	6.65124e-07	5.97873e-07	4.65837e-07	4.15023e-07	3.46154e-07	2.7884e-07	1.99059e-07	1.49674e-07	1.20101e-07	9.04769e-08	6.94002e-08	5.04476e-08	4.2204e-08	2.99651e-08	2.43261e-08	2.06216e-08
1.74944e-06	6.49576e-07	5.83829e-07	4.56278e-07	4.09192e-07	3.41826e-07	2.73271e-07	1.97269e-07	1.53825e-07	1.2243e-07	9.33999e-08	7.21204e-08	5.30408e-08	4.15602e-08	3.01049e-08	2.10393e-08	1.43255e-08
1.73268e-06	6.38361e-07	5.7164e-07	4.49134e-07	4.0459e-07	3.41636e-07	2.76053e-07	2.0239e-07	1.57555e-07	1.26375e-07	9.94184e-08	7.83664e-08	5.93628e-08	4.53534e-08	3.33671e-08	2.55026e-08	1.82324e-08
1.72002e-06	6.17869e-07	5.51158e-07	4.33745e-07	3.92487e-07	3.28899e-07	2.66817e-07	1.93898e-07	1.49441e-07	1.2151e-07	9.53621e-08	7.52832e-08	5.63802e-08	4.36982e-08	3.2369e-08	2.43273e-08	2.14065e-08
1.73297e-06	6.18845e-07	5.48314e-07	4.31315e-07	3.91182e-07	3.30248e-07	2.67481e-07	1.98809e-07	1.54604e-07	1.25547e-07	9.99418e-08	7.98245e-08	6.07061e-08	4.78846e-08	3.59356e-08	2.61108e-08	2.05725e-08
1.7609e-06	6.26252e-07	5.55141e-07	4.32164e-07	3.90843e-07	3.32124e-07	2.70092e-07	2.00321e-07	1.58469e-07	1.28287e-07	1.00673e-07	7.84822e-08	5.87573e-08	4.18015e-08	2.70205e-08	1.52235e-08	6.36e-09
1.78542e-06	6.30386e-07	5.55116e-07	4.3066e-07	3.87543e-07	3.257e-07	2.67778e-07	1.96452e-07	1.56003e-07	1.25177e-07	9.79289e-08	7.45752e-08	5.54951e-08	3.97911e-08	2.56044e-08	1.40097e-08	4.08406e-09
1.81795e-06	6.37509e-07	5.58696e-07	4.27041e-07	3.83013e-07	3.22674e-07	2.6145e-07	1.95129e-07	1.53441e-07	1.24599e-07	9.62623e-08	7.39069e-08	5.4662e-08	3.6631e-08	2.35313e-08	1.57171e-08	7.06825e-09
1.84639e-06	6.46824e-07	5.61463e-07	4.28244e-07	3.82738e-07	3.1934e-07	2.59331e-07	1.91205e-07	1.49365e-07	1.21927e-07	9.54506e-08	7.50303e-08	5.65952e-08	4.1536e-08	2.62619e-08	1.80053e-08	1.21131e-08
1.88842e-06	6.5704e-07	5.77875e-07	4.36274e-07	3.90868e-07	3.26788e-07	2.64136e-07	1.95061e-07	1.53007e-07	1.23988e-07	9.77645e-08	7.5397e-08	5.53055e-08	4.24211e-08	2.70964e-08	1.74742e-08	7.75086e-09
1.89959e-06	6.76618e-07	5.85173e-07	4.40672e-07	3.92699e-07	3.30577e-07	2.63599e-07	1.9432e-07	1.52606e-07	1.21071e-07	9.59083e-08	7.67772e-08	5.71656e-08	4.49258e-08	3.14721e-08	2.44797e-08	1.88782e-08
1.91144e-06	6.97944e-07	5.97752e-07	4.52584e-07	4.03475e-07	3.3727e-07	2.73771e-07	2.01105e-07	1.58507e-07	1.2892e-07	1.04125e-07	8.26295e-08	6.40552e-08	5.0349e-08	3.80209e-08	3.01689e-08	2.04076e-08
1.90973e-06	7.09544e-07	6.06011e-07	4.62964e-07	4.10351e-07	3.44928e-07	2.80543e-07	2.0546e-07	1.62608e-07	1.3326e-07	1.07642e-07	8.50087e-08	6.68766e-08	5.33849e-08	4.04243e-08	2.83236e-08	1.74241e-08
1.90594e-06	7.30351e-07	6.24583e-07	4.79972e-07	4.2674e-07	3.58651e-07	2.92712e-07	2.17732e-07	1.7411e-07	1.42803e-07	1.16326e-07	9.33264e-08	7.37027e-08	5.70377e-08	4.33441e-08	3.48852e-08	2.14824e-08
1.8957e-06	7.47762e-07	6.43283e-07	4.95903e-07	4.41154e-07	3.73875e-07	3.05015e-07	2.29453e-07	1.83239e-07	1.53032e-07	1.25051e-07	1.01128e-07	7.96455e-08	6.44472e-08	5.0134e-08	3.76669e-08	2.54021e-08
1.88671e-06	7.63131e-07	6.53175e-07	5.08042e-07	4.51243e-07	3.81901e-07	3.10485e-07	2.31925e-07	1.84584e-07	1.51632e-07	1.21678e-07	9.82728e-08	7.6499e-08	5.90496e-08	4.32441e-08	3.05996e-08	2.09772e-08
1.90359e-06	7.98144e-07	6.84698e-07	5.372e-07	4.74635e-07	4.01474e-07	3.29363e-07	2.47452e-07	1.95622e-07	1.62279e-07	1.31819e-07	1.06239e-07	8.32132e-08	6.57891e-08	4.92755e-08	3.64161e-08	2.61614e-08
1.94019e-06	8.3601e-07	7.16706e-07	5.62035e-07	4.967e-07	4.23676e-07	3.41536e-07	2.55146e-07	2.00698e-07	1.63029e-07	1.31733e-07	1.05584e-07	8.26589e-08	6.34136e-08	4.65707e-08	3.24212e-08	1.97259e-08
1.99813e-06	8.95822e-07	7.65572e-07	6.04608e-07	5.32559e-07	4.53418e-07	3.66449e-07	2.72716e-07	2.14551e-07	1.76365e-07	1.41808e-07	1.10803e-07	8.75503e-08	6.79134e-08	5.06917e-08	3.32802e-08	2.43912e-08
2.0861e-06	9.72018e-07	8.26657e-07	6.54692e-07	5.73692e-07	4.88582e-07	3.92623e-07	2.91657e-07	2.2999e-07	1.91273e-07	1.53453e-07	1.22816e-07	9.67301e-08	7.58668e-08	5.85692e-08	3.29641e-08	2.17232e-08
2.22651e-06	1.06512e-06	9.04203e-07	7.14974e-07	6.25765e-07	5.33091e-07	4.26749e-07	3.13894e-07	2.46067e-07	1.99079e-07	1.52888e-07	1.18899e-07	9.01699e-08	7.01659e-08	4.75444e-08	3.08533e-08	1.84614e-08
2.40196e-06	1.19832e-06	1.00623e-06	8.0178e-07	6.987e-07	5.94785e-07	4.73269e-07	3.45949e-07	2.70055e-07	2.18552e-07	1.73562e-07	1.33984e-07	1.05065e-07	7.89287e-08	5.82039e-08	4.14622e-08	2.66046e-08
2.66457e-06	1.35892e-06	1.13407e-06	9.02446e-07	7.81574e-07	6.64913e-07	5.25833e-07	3.80267e-07	2.95534e-07	2.37115e-07	1.86637e-07	1.44505e-07	1.11325e-07	8.35947e-08	5.95569e-08	4.59764e-08	3.09544e-08
3.01565e-06	1.56852e-06	1.29155e-06	1.02617e-06	8.8516e-07	7.52162e-07	5.92433e-07	4.29834e-07	3.319e-07	2.64453e-07	2.05288e-07	1.57339e-07	1.20467e-07	8.75398e-08	5.98478e-08	4.02231e-08	2.26847e-08
3.521e-06	1.86421e-06	1.51373e-06	1.20034e-06	1.03143e-06	8.74273e-07	6.85828e-07	4.97458e-07	3.83845e-07	3.06661e-07	2.38493e-07	1.82603e-07	1.38802e-07	1.03801e-07	7.13672e-08	4.93779e-08	3.24465e-08
4.18982e-06	2.20261e-06	1.75825e-06	1.3802e-06	1.17841e-06	9.94727e-07	7.75815e-07	5.55322e-07	4.23409e-07	3.33224e-07	2.59819e-07	1.89639e-07	1.39425e-07	9.90997e-08	6.72972e-08	4.09196e-08	2.51258e-08
4.94588e-06	2.57722e-06	2.01527e-06	1.57124e-06	1.33539e-06	1.12722e-06	8.78066e-07	6.28901e-07	4.84586e-07	3.85754e-07	2.97519e-07	2.23952e-07	1.67935e-07	1.16066e-07	7.54135e-08	4.65834e-08	3.09671e-08
5.65324e-06	2.91749e-06	2.25219e-06	1.74555e-06	1.48067e-06	1.24987e-06	9.77516e-07	7.04932e-07	5.4068e-07	4.31019e-07	3.31361e-07	2.48457e-07	1.84699e-07	1.3236e-07	8.8695e-08	5.60824e-08	3.76581e-08
6.26291e-06	3.25148e-06	2.52463e-06	1.96438e-06	1.66654e-06	1.40873e-06	1.10317e-06	8.02693e-07	6.19158e-07	4.94246e-07	3.82069e-07	2.87987e-07	2.1721e-07	1.55083e-07	1.05463e-07	6.50607e-08	3.57865e-08
6.69249e-06	3.6224e-06	2.86348e-06	2.25976e-06	1.92381e-06	1.62993e-06	1.27516e-06	9.22193e-07	7.09522e-07	5.65314e-07	4.35647e-07	3.28225e-07	2.48204e-07	1.76669e-07	1.16831e-07	7.33561e-08	4.42843e-08
6.69746e-06	3.87942e-06	3.1414e-06	2.53082e-06	2.17197e-06	1.85755e-06	1.45883e-06	1.05976e-06	8.14828e-07	6.49334e-07	5.00341e-07	3.7592e-07	2.83163e-07	2.04861e-07	1.34475e-07	7.99843e-08	4.41336e-08
6.23143e-06	3.78907e-06	3.15623e-06	2.59951e-06	2.25768e-06	1.95332e-06	1.55692e-06	1.14678e-06	8.88806e-07	7.14371e-07	5.5296e-07	4.18106e-07	3.16978e-07	2.28129e-07	1.48663e-07	9.09735e-08	4.76744e-08
5.5132e-06	3.43188e-06	2.93773e-06	2.46452e-06	2.17335e-06	1.90201e-06	1.54023e-06	1.15495e-06	9.07722e-07	7.33029e-07	5.73638e-07	4.36593e-07	3.31643e-07	2.37657e-07	1.55913e-07	9.40741e-08	4.95852e-08
4.92019e-06	3.07657e-06	2.6912e-06	2.28776e-06	2.04029e-06	1.80222e-06	1.48113e-06	1.13416e-06	8.9916e-07	7.30942e-07	5.79088e-07	4.43573e-07	3.41393e-07	2.47167e-07	1.63109e-07	9.8791e-08	5.39355e-08
4.56743e-06	2.84449e-06	2.52039e-06	2.15484e-06	1.93596e-06	1.71886e-06	1.42635e-06	1.1017e-06	8.85462e-07	7.24157e-07	5.75094e-07	4.43724e-07	3.42161e-07	2.4993e-07	1.69297e-07	1.08165e-07	6.11705e-08
4.39876e-06	2.72038e-06	2.42314e-06	2.07412e-06	1.86947e-06	1.66458e-06	1.38707e-06	1.07957e-06	8.71377e-07	7.17449e-07	5.71577e-07	4.39274e-07	3.38459e-07	2.48875e-07	1.65246e-07	1.03963e-07	5.99929e-08
4.36872e-06	2.68447e-06	2.38999e-06	2.04597e-06	1.84227e-06	1.63923e-06	1.36642e-06	1.06257e-06	8.55165e-07	7.04955e-07	5.60271e-07	4.3266e-07	3.32199e-07	2.40199e-07	1.60491e-07	9.90566e-08	6.10805e-08
4.44981e-06	2.7461e-06	2.43032e-06	2.07724e-06	1.86799e-06	1.65992e-06	1.38322e-06	1.07507e-06	8.66221e-07	7.14168e-07	5.68085e-07	4.39149e-07	3.3859e-07	2.46769e-07	1.62624e-07	9.56271e-08	5.0975e-08
4.57694e-06	2.84605e-06	2.49913e-06	2.13132e-06	1.9124e-06	1.69877e-06	1.40706e-06	1.0899e-06	8.7598e-07	7.20775e-07	5.71096e-07	4.41803e-07	3.39989e-07	2.5062e-07	1.67649e-07	9.87657e-08	5.69452e-08
4.72112e-06	2.97444e-06	2.59655e-06	2.20922e-06	1.97389e-06	1.74907e-06	1.44557e-06	1.11429e-06	8.8892e-07	7.25082e-07	5.76317e-07	4.41362e-07	3.39829e-07	2.46832e-07	1.65533e-07	1.07236e-07	6.45945e-08
4.92932e-06	3.14315e-06	2.72098e-06	2.30683e-06	2.05218e-06	1.81208e-06	1.48843e-06	1.13586e-06	9.00771e-07	7.29451e-07	5.72041e-07	4.34522e-07	3.31171e-07	2.37038e-07	1.55248e-07	9.55488e-08	5.96737e-08
5.25323e-06	3.39204e-06	2.90731e-06	2.45613e-06	2.17434e-06	1.91457e-06	1.56257e-06	1.18303e-06	9.30616e-07	7.52169e-07	5.87719e-07	4.45639e-07	3.40507e-07	2.4768e-07	1.66675e-07	1.03627e-07	5.75858e-08
5.65715e-06	3.68803e-06	3.1238e-06	2.62536e-06	2.30835e-06	2.02433e-06	1.63776e-06	1.22695e-06	9.58246e-07	7.6991e-07	5.96571e-07	4.49167e-07	3.41456e-07	2.44657e-07	1.61415e-07	1.00946e-07	5.19967e-08
6.20763e-06	4.06258e-06	3.397e-06	2.83351e-06	2.4763e-06	2.15905e-06	1.73092e-06	1.28163e-06	9.91844e-07	7.89985e-07	6.06829e-07	4.53617e-07	3.38708e-07	2.40326e-07	1.60053e-07	9.74836e-08	5.46788e-08
6.98612e-06	4.57228e-06	3.76805e-06	3.11568e-06	2.69816e-06	2.33942e-06	1.85635e-06	1.35529e-06	1.03998e-06	8.22741e-07	6.26135e-07	4.6601e-07	3.46198e-07	2.43861e-07	1.55269e-07	9.60901e-08	5.50947e-08
8.0444e-06	5.2296e-06	4.2402e-06	3.46926e-06	2.97609e-06	2.56016e-06	2.00829e-06	1.44952e-06	1.10107e-06	8.63854e-07	6.52483e-07	4.79503e-07	3.56241e-07	2.49064e-07	1.58275e-07	9.37358e-08	5.29437e-08
9.74962e-06	6.23644e-06	4.96583e-06	4.01455e-06	3.41254e-06	2.91458e-06	2.25908e-06	1.60952e-06	1.20987e-06	9.42327e-07	7.07374e-07	5.16059e-07	3.78281e-07	2.57296e-07	1.59071e-07	8.78812e-08	4.07921e-08
1.1947e-05	7.46241e-06	5.84997e-06	4.67701e-06	3.94419e-06	3.34618e-06	2.5691e-06	1.80626e-06	1.3465e-06	1.04029e-06	7.73007e-07	5.59695e-07	4.07164e-07	2.78671e-07	1.73014e-07	9.82601e-08	5.11974e-08
1.43371e-05	8.79126e-06	6.82096e-06	5.41003e-06	4.54006e-06	3.8304e-06	2.91721e-06	2.03272e-06	1.5036e-06	1.1561e-06	8.59036e-07	6.15877e-07	4.48144e-07	3.05789e-07	1.89697e-07	1.08265e-07	5.59405e-08
1.66281e-05	1.01347e-05	7.78977e-06	6.14091e-06	5.12702e-06	4.30382e-06	3.25687e-06	2.25105e-06	1.65674e-06	1.26702e-06	9.35752e-07	6.70818e-07	4.86179e-07	3.30054e-07	2.06628e-07	1.17546e-07	5.82039e-08
1.85475e-05	1.12813e-05	8.61025e-06	6.76146e-06	5.62356e-06	4.71381e-06	3.55631e-06	2.44857e-06	1.79531e-06	1.37282e-06	1.01139e-06	7.25722e-07	5.25441e-07	3.56912e-07	2.19703e-07	1.20846e-07	5.76602e-08
1.93321e-05	1.17982e-05	9.00073e-06	7.07554e-06	5.88848e-06	4.93929e-06	3.72714e-06	2.56922e-06	1.88856e-06	1.44483e-06	1.06405e-06	7.64745e-07	5.52453e-07	3.83321e-07	2.4178e-07	1.4264e-07	7.89327e-08
1.93517e-05	1.18066e-05	9.04432e-06	7.13313e-06	5.94939e-06	5.00011e-06	3.78411e-06	2.61626e-06	1.92403e-06	1.47286e-06	1.08653e-06	7.82074e-07	5.67474e-07	3.91088e-07	2.47616e-07	1.4294e-07	7.87284e-08
1.8761e-05	1.14432e-05	8.82918e-06	6.99637e-06	5.85886e-06	4.93815e-06	3.75142e-06	2.60422e-06	1.91978e-06	1.47272e-06	1.08797e-06	7.82542e-07	5.68941e-07	3.91012e-07	2.45884e-07	1.44091e-07	7.91204e-08
1.759e-05	1.08835e-05	8.45885e-06	6.73612e-06	5.65834e-06	4.78358e-06	3.64797e-06	2.54662e-06	1.88695e-06	1.4512e-06	1.07696e-06	7.75284e-07	5.63693e-07	3.86396e-07	2.40029e-07	1.36807e-07	7.51246e-08
1.66257e-05	1.04975e-05	8.19283e-06	6.54732e-06	5.50639e-06	4.66513e-06	3.57199e-06	2.50942e-06	1.87209e-06	1.44985e-06	1.08437e-06	7.88655e-07	5.80079e-07	4.02104e-07	2.55361e-07	1.50094e-07	7.91058e-08
1.57197e-05	1.01524e-05	7.95595e-06	6.378e-06	5.36746e-06	4.55549e-06	3.49492e-06	2.46289e-06	1.84165e-06	1.42602e-06	1.06642e-06	7.77376e-07	5.72657e-07	3.96186e-07	2.51859e-07	1.50132e-07	8.17738e-08
1.47598e-05	9.73715e-06	7.68114e-06	6.18807e-06	5.21875e-06	4.43848e-06	3.41252e-06	2.4086e-06	1.80297e-06	1.39931e-06	1.04795e-06	7.62632e-07	5.62693e-07	3.88334e-07	2.4823e-07	1.48374e-07	8.35188e-08
1.36883e-05	9.22468e-06	7.33963e-06	5.95023e-06	5.03332e-06	4.29213e-06	3.30804e-06	2.34096e-06	1.7504e-06	1.35906e-06	1.01684e-06	7.40586e-07	5.4509e-07	3.77943e-07	2.41674e-07	1.44703e-07	7.76117e-08
1.25729e-05	8.64944e-06	6.96095e-06	5.68811e-06	4.83294e-06	4.13579e-06	3.20337e-06	2.27473e-06	1.70336e-06	1.32314e-06	9.89164e-07	7.20798e-07	5.26427e-07	3.65513e-07	2.34428e-07	1.39203e-07	7.74347e-08
1.17601e-05	8.26068e-06	6.73304e-06	5.55531e-06	4.7506e-06	4.08955e-06	3.18566e-06	2.27259e-06	1.70249e-06	1.3199e-06	9.81033e-07	7.09645e-07	5.15679e-07	3.52275e-07	2.20836e-07	1.27444e-07	7.1378e-08
1.18726e-05	8.48168e-06	6.97459e-06	5.79977e-06	4.98838e-06	4.31237e-06	3.37126e-06	2.41334e-06	1.80718e-06	1.39786e-06	1.03521e-06	7.42458e-07	5.43065e-07	3.61702e-07	2.22026e-07	1.22405e-07	6.4787e-08
1.26071e-05	9.09385e-06	7.51343e-06	6.27659e-06	5.41311e-06	4.6912e-06	3.67774e-06	2.63601e-06	1.97177e-06	1.52019e-06	1.12219e-06	8.00802e-07	5.77151e-07	3.87422e-07	2.36396e-07	1.30329e-07	6.68462e-08
1.36261e-05	9.88783e-06	8.19106e-06	6.86177e-06	5.92778e-06	5.14672e-06	4.04352e-06	2.90181e-06	2.1673e-06	1.66698e-06	1.22599e-06	8.73224e-07	6.27497e-07	4.20649e-07	2.58964e-07	1.44414e-07	7.39645e-08
1.51706e-05	1.09762e-05	9.06758e-06	7.58548e-06	6.54353e-06	5.67487e-06	4.44922e-06	3.1785e-06	2.36489e-06	1.80934e-06	1.32071e-06	9.29375e-07	6.61314e-07	4.39856e-07	2.63598e-07	1.47457e-07	7.5366e-08
1.72747e-05	1.24159e-05	1.01927e-05	8.48884e-06	7.29772e-06	6.31052e-06	4.9252e-06	3.49832e-06	2.58883e-06	1.97167e-06	1.43101e-06	1.00105e-06	7.02089e-07	4.55926e-07	2.66759e-07	1.49177e-07	7.55683e-08
1.94107e-05	1.38754e-05	1.13298e-05	9.39725e-06	8.05124e-06	6.93996e-06	5.3849e-06	3.79584e-06	2.79098e-06	2.11489e-06	1.52387e-06	1.05774e-06	7.36485e-07	4.75157e-07	2.79534e-07	1.50867e-07	7.41251e-08
2.15083e-05	1.52676e-05	1.24106e-05	1.02575e-05	8.76182e-06	7.53264e-06	5.81874e-06	4.07665e-06	2.98138e-06	2.24667e-06	1.60926e-06	1.10749e-06	7.63136e-07	4.8517e-07	2.75943e-07	1.42232e-07	6.7298e-08
2.36232e-05	1.66149e-05	1.34359e-05	1.10624e-05	9.42178e-06	8.07741e-06	6.21182e-06	4.327e-06	3.14953e-06	2.36229e-06	1.68512e-06	1.153e-06	7.9157e-07	5.00645e-07	2.81291e-07	1.42093e-07	6.41878e-08
2.58838e-05	1.79816e-05	1.4437e-05	1.18165e-05	1.00202e-05	8.55392e-06	6.53809e-06	4.51914e-06	3.26553e-06	2.44055e-06	1.73054e-06	1.17287e-06	8.01065e-07	5.03856e-07	2.81797e-07	1.43029e-07	6.59578e-08
2.8388e-05	1.93772e-05	1.54034e-05	1.25003e-05	1.05327e-05	8.93649e-06	6.76929e-06	4.62414e-06	3.31316e-06	2.45858e-06	1.73035e-06	1.16645e-06	7.9231e-07	4.94627e-07	2.75963e-07	1.40769e-07	6.68572e-08
3.13548e-05	2.08294e-05	1.63449e-05	1.31126e-05	1.09627e-05	9.22854e-06	6.91325e-06	4.66027e-06	3.30858e-06	2.43881e-06	1.70931e-06	1.14945e-06	7.79067e-07	4.94336e-07	2.82013e-07	1.49522e-07	6.83381e-08
3.31257e-05	2.13819e-05	1.65781e-05	1.31499e-05	1.09106e-05	9.11565e-06	6.75494e-06	4.49097e-06	3.16059e-06	2.3147e-06	1.6138e-06	1.08313e-06	7.32704e-07	4.74233e-07	2.72619e-07	1.4693e-07	7.00197e-08
3.13184e-05	2.00597e-05	1.54654e-05	1.21908e-05	1.00665e-05	8.37087e-06	6.16413e-06	4.07161e-06	2.85805e-06	2.09392e-06	1.46628e-06	9.94614e-07	6.81535e-07	4.47251e-07	2.65741e-07	1.48485e-07	7.31427e-08
2.77457e-05	1.78685e-05	1.37328e-05	1.07935e-05	8.88382e-06	7.37126e-06	5.41297e-06	3.57039e-06	2.51181e-06	1.8497e-06	1.30896e-06	8.99355e-07	6.27222e-07	4.20382e-07	2.53079e-07	1.41434e-07	7.04387e-08
2.3751e-05	1.5417e-05	1.18622e-05	9.32668e-06	7.67086e-06	6.36274e-06	4.67417e-06	3.08904e-06	2.18093e-06	1.61307e-06	1.14752e-06	7.94411e-07	5.54773e-07	3.71905e-07	2.23176e-07	1.26135e-07	6.52421e-08
2.03904e-05	1.32467e-05	1.02011e-05	8.01759e-06	6.59374e-06	5.46837e-06	4.02065e-06	2.66218e-06	1.88473e-06	1.3975e-06	9.95651e-07	6.88363e-07	4.83715e-07	3.18996e-07	1.89703e-07	1.03399e-07	5.33682e-08
1.83558e-05	1.18191e-05	9.07577e-06	7.1058e-06	5.83354e-06	4.8254e-06	3.53598e-06	2.33324e-06	1.6486e-06	1.21959e-06	8.65603e-07	5.95115e-07	4.16441e-07	2.69742e-07	1.56396e-07	8.02716e-08	3.66652e-08
1.75879e-05	1.11993e-05	8.54141e-06	6.63838e-06	5.42202e-06	4.46213e-06	3.24729e-06	2.12749e-06	1.49869e-06	1.10624e-06	7.84793e-07	5.4052e-07	3.74431e-07	2.41137e-07	1.41132e-07	7.44918e-08	3.73344e-08
1.75131e-05	1.10396e-05	8.32465e-06	6.39575e-06	5.17023e-06	4.21839e-06	3.03689e-06	1.9633e-06	1.37531e-06	1.01282e-06	7.18033e-07	4.92996e-07	3.44509e-07	2.22597e-07	1.34681e-07	7.59817e-08	4.26307e-08
1.76596e-05	1.09995e-05	8.18803e-06	6.20938e-06	4.96839e-06	4.01684e-06	2.85539e-06	1.82809e-06	1.27296e-06	9.36182e-07	6.6421e-07	4.56384e-07	3.16751e-07	2.07345e-07	1.21504e-07	6.95322e-08	3.86599e-08
1.77328e-05	1.08126e-05	7.92201e-06	5.92418e-06	4.69555e-06	3.76554e-06	2.65589e-06	1.6884e-06	1.17333e-06	8.6567e-07	6.12079e-07	4.2212e-07	2.91949e-07	1.91691e-07	1.1371e-07	6.51487e-08	3.73849e-08
1.73658e-05	1.01907e-05	7.34933e-06	5.43144e-06	4.29172e-06	3.43364e-06	2.43052e-06	1.55733e-06	1.09317e-06	8.11353e-07	5.79494e-07	4.03388e-07	2.83477e-07	1.87105e-07	1.12933e-07	6.08597e-08	3.08976e-08
1.62693e-05	9.10506e-06	6.51525e-06	4.8092e-06	3.83236e-06	3.08886e-06	2.22434e-06	1.45555e-06	1.03828e-06	7.76587e-07	5.60114e-07	3.91252e-07	2.78559e-07	1.89166e-07	1.18293e-07	6.51327e-08	3.32996e-08
1.46114e-05	7.91294e-06	5.73908e-06	4.29765e-06	3.48368e-06	2.84438e-06	2.08877e-06	1.39377e-06	1.00397e-06	7.5414e-07	5.42881e-07	3.79472e-07	2.65505e-07	1.77568e-07	1.06951e-07	6.07949e-08	3.42343e-08
1.35637e-05	7.41122e-06	5.51068e-06	4.20189e-06	3.45611e-06	2.85108e-06	2.11916e-06	1.43287e-06	1.03625e-06	7.77163e-07	5.60431e-07	3.90237e-07	2.73205e-07	1.81737e-07	1.07841e-07	6.04566e-08	3.42107e-08
1.38071e-05	7.73209e-06	5.80458e-06	4.45346e-06	3.66871e-06	3.03366e-06	2.25583e-06	1.52159e-06	1.09415e-06	8.2142e-07	5.86831e-07	4.0643e-07	2.82378e-07	1.85205e-07	1.07502e-07	5.77147e-08	2.54627e-08
1.51942e-05	8.59691e-06	6.40785e-06	4.90208e-06	4.02287e-06	3.32019e-06	2.4578e-06	1.64332e-06	1.17168e-06	8.74507e-07	6.17857e-07	4.24636e-07	2.94339e-07	1.93562e-07	1.14949e-07	6.34419e-08	3.14554e-08
1.73048e-05	9.85369e-06	7.28302e-06	5.5353e-06	4.50364e-06	3.69083e-06	2.69316e-06	1.76226e-06	1.23364e-06	9.01302e-07	6.311e-07	4.29241e-07	2.89886e-07	1.87484e-07	1.11113e-07	6.33123e-08	3.08344e-08
2.1145e-05	1.22293e-05	8.93927e-06	6.72422e-06	5.3923e-06	4.3549e-06	3.08215e-06	1.93033e-06	1.30288e-06	9.28797e-07	6.35275e-07	4.25953e-07	2.87213e-07	1.87868e-07	1.16109e-07	6.7625e-08	3.8092e-08
2.63469e-05	1.56987e-05	1.14615e-05	8.57737e-06	6.78671e-06	5.4027e-06	3.70299e-06	2.20777e-06	1.43122e-06	9.88078e-07	6.57956e-07	4.29328e-07	2.91866e-07	1.90928e-07	1.1549e-07	6.53114e-08	3.35407e-08
2.96524e-05	1.81403e-05	1.33379e-05	1.00064e-05	7.88561e-06	6.2434e-06	4.22259e-06	2.46311e-06	1.56827e-06	1.06995e-06	7.0704e-07	4.60946e-07	3.10243e-07	2.01907e-07	1.21801e-07	6.9599e-08	3.80424e-08
2.93432e-05	1.79577e-05	1.32175e-05	9.93512e-06	7.85151e-06	6.24444e-06	4.26912e-06	2.5468e-06	1.66214e-06	1.15715e-06	7.80785e-07	5.19015e-07	3.52559e-07	2.30252e-07	1.38022e-07	7.76272e-08	4.16077e-08
2.50783e-05	1.50669e-05	1.11232e-05	8.42079e-06	6.74822e-06	5.45346e-06	3.86362e-06	2.43986e-06	1.67704e-06	1.20937e-06	8.4228e-07	5.72684e-07	3.91537e-07	2.53262e-07	1.46455e-07	7.75513e-08	3.97365e-08
1.86117e-05	1.12051e-05	8.48278e-06	6.59569e-06	5.44876e-06	4.53276e-06	3.38812e-06	2.29981e-06	1.6658e-06	1.2548e-06	9.05305e-07	6.29273e-07	4.40844e-07	2.86614e-07	1.67101e-07	9.06746e-08	4.58557e-08
1.4289e-05	8.76531e-06	6.8421e-06	5.47104e-06	4.63189e-06	3.93747e-06	3.04467e-06	2.1585e-06	1.61069e-06	1.24028e-06	9.12676e-07	6.47782e-07	4.59631e-07	3.03239e-07	1.81248e-07	1.02319e-07	6.12167e-08
1.17694e-05	7.37717e-06	5.89327e-06	4.7926e-06	4.1095e-06	3.5375e-06	2.77977e-06	2.01032e-06	1.52197e-06	1.18519e-06	8.82993e-07	6.32595e-07	4.51339e-07	2.99767e-07	1.76098e-07	9.70821e-08	5.14046e-08
1.02613e-05	6.58668e-06	5.35006e-06	4.40691e-06	3.81044e-06	3.30169e-06	2.62211e-06	1.92007e-06	1.46739e-06	1.15262e-06	8.65079e-07	6.25958e-07	4.48355e-07	3.00298e-07	1.79688e-07	1.01014e-07	5.6765e-08
9.8244e-06	6.39661e-06	5.2426e-06	4.34293e-06	3.76695e-06	3.27527e-06	2.60962e-06	1.917e-06	1.46903e-06	1.15439e-06	8.68164e-07	6.26792e-07	4.49695e-07	3.00437e-07	1.78108e-07	1.0133e-07	5.21631e-08
1.03817e-05	6.74903e-06	5.51164e-06	4.55268e-06	3.93872e-06	3.41643e-06	2.7109e-06	1.97684e-06	1.50612e-06	1.1789e-06	8.80392e-07	6.2914e-07	4.49836e-07	2.97345e-07	1.74551e-07	9.41087e-08	4.67636e-08
1.16871e-05	7.54996e-06	6.09828e-06	4.99327e-06	4.28592e-06	3.69274e-06	2.90181e-06	2.09177e-06	1.57826e-06	1.22889e-06	9.08344e-07	6.46903e-07	4.57788e-07	3.02541e-07	1.77193e-07	9.44627e-08	4.4981e-08
1.35539e-05	8.68776e-06	6.87721e-06	5.55382e-06	4.7117e-06	4.02277e-06	3.11431e-06	2.20644e-06	1.638e-06	1.26515e-06	9.21393e-07	6.49756e-07	4.5904e-07	3.04569e-07	1.80691e-07	9.82908e-08	4.72681e-08
1.63021e-05	1.03741e-05	8.06761e-06	6.43347e-06	5.39661e-06	4.56143e-06	3.46821e-06	2.3967e-06	1.74748e-06	1.31882e-06	9.52846e-07	6.66709e-07	4.65955e-07	3.03848e-07	1.7844e-07	9.70266e-08	5.20467e-08
1.86726e-05	1.22651e-05	9.56213e-06	7.62374e-06	6.35473e-06	5.33912e-06	4.00043e-06	2.70613e-06	1.93655e-06	1.44462e-06	1.02884e-06	7.1184e-07	4.9713e-07	3.25049e-07	1.95014e-07	1.09593e-07	5.77229e-08
1.92622e-05	1.29363e-05	1.01682e-05	8.14338e-06	6.79342e-06	5.71204e-06	4.27631e-06	2.89123e-06	2.07007e-06	1.54316e-06	1.10117e-06	7.63786e-07	5.39253e-07	3.56072e-07	2.12561e-07	1.13221e-07	4.69015e-08
1.80983e-05	1.20821e-05	9.5067e-06	7.62599e-06	6.38243e-06	5.38382e-06	4.06855e-06	2.79358e-06	2.03348e-06	1.53698e-06	1.11446e-06	7.83375e-07	5.54223e-07	3.6426e-07	2.1177e-07	1.05613e-07	3.01391e-08
1.75194e-05	1.1354e-05	8.83933e-06	7.05081e-06	5.91016e-06	5.00297e-06	3.82273e-06	2.68195e-06	1.9942e-06	1.5369e-06	1.14081e-06	8.22415e-07	5.97269e-07	4.0507e-07	2.45525e-07	1.33489e-07	6.3603e-08
1.79654e-05	1.13135e-05	8.75181e-06	6.96059e-06	5.84216e-06	4.9532e-06	3.80783e-06	2.69947e-06	2.02848e-06	1.58081e-06	1.18693e-06	8.65951e-07	6.35237e-07	4.39733e-07	2.70373e-07	1.47425e-07	6.42368e-08
1.90679e-05	1.17524e-05	9.06754e-06	7.19808e-06	6.04271e-06	5.11521e-06	3.93262e-06	2.78686e-06	2.09624e-06	1.63694e-06	1.2314e-06	8.9953e-07	6.60978e-07	4.53867e-07	2.78692e-07	1.5544e-07	7.45152e-08
2.15291e-05	1.295e-05	9.8348e-06	7.70802e-06	6.42559e-06	5.40787e-06	4.1331e-06	2.91599e-06	2.19161e-06	1.71109e-06	1.28977e-06	9.44461e-07	6.92786e-07	4.7675e-07	2.97504e-07	1.66907e-07	8.11399e-08
2.53631e-05	1.53407e-05	1.14282e-05	8.8019e-06	7.21679e-06	5.99951e-06	4.50888e-06	3.13145e-06	2.33408e-06	1.81211e-06	1.35654e-06	9.87256e-07	7.20529e-07	4.92604e-07	3.01608e-07	1.60539e-07	7.13816e-08
2.99157e-05	1.8656e-05	1.38859e-05	1.06595e-05	8.66004e-06	7.13999e-06	5.27433e-06	3.58126e-06	2.62027e-06	2.00683e-06	1.48417e-06	1.06609e-06	7.6973e-07	5.22303e-07	3.17938e-07	1.71909e-07	8.10555e-08
3.27858e-05	2.08928e-05	1.58198e-05	1.23205e-05	1.00878e-05	8.35584e-06	6.15825e-06	4.12475e-06	2.9639e-06	2.22831e-06	1.61447e-06	1.13212e-06	8.04018e-07	5.33896e-07	3.13956e-07	1.65082e-07	7.58717e-08
3.54277e-05	2.27992e-05	1.7481e-05	1.37422e-05	1.13161e-05	9.40151e-06	6.92676e-06	4.60699e-06	3.2728e-06	2.42999e-06	1.73172e-06	1.19084e-06	8.30885e-07	5.42026e-07	3.14777e-07	1.64374e-07	7.15098e-08
3.9465e-05	2.5193e-05	1.92949e-05	1.51495e-05	1.24746e-05	1.03557e-05	7.61599e-06	5.03531e-06	3.54589e-06	2.60469e-06	1.83306e-06	1.24525e-06	8.59395e-07	5.53544e-07	3.18178e-07	1.67889e-07	7.81855e-08
4.14849e-05	2.63942e-05	2.02081e-05	1.5894e-05	1.31165e-05	1.09115e-05	8.03359e-06	5.29756e-06	3.70672e-06	2.69744e-06	1.87598e-06	1.26037e-06	8.55665e-07	5.41672e-07	3.05409e-07	1.55018e-07	6.82985e-08
4.00678e-05	2.55816e-05	1.95742e-05	1.54117e-05	1.27262e-05	1.05993e-05	7.82494e-06	5.18055e-06	3.63735e-06	2.65945e-06	1.85541e-06	1.24766e-06	8.4781e-07	5.36135e-07	3.03267e-07	1.57981e-07	7.37496e-08
3.71742e-05	2.34814e-05	1.7775e-05	1.38788e-05	1.14151e-05	9.49047e-06	7.02541e-06	4.70094e-06	3.3447e-06	2.47766e-06	1.75322e-06	1.19293e-06	8.21259e-07	5.26197e-07	2.98703e-07	1.54162e-07	7.25358e-08
3.22062e-05	1.99137e-05	1.50617e-05	1.17618e-05	9.71367e-06	8.10472e-06	6.05749e-06	4.1166e-06	2.97718e-06	2.23508e-06	1.60717e-06	1.11209e-06	7.74403e-07	4.99659e-07	2.83671e-07	1.42386e-07	6.1754e-08
2.73541e-05	1.70494e-05	1.30606e-05	1.02898e-05	8.55774e-06	7.18124e-06	5.41537e-06	3.72487e-06	2.72153e-06	2.06883e-06	1.50764e-06	1.06316e-06	7.52699e-07	4.95967e-07	2.91061e-07	1.5256e-07	7.08686e-08
2.36402e-05	1.49804e-05	1.15794e-05	9.20272e-06	7.70023e-06	6.50001e-06	4.93998e-06	3.43338e-06	2.52992e-06	1.93448e-06	1.42077e-06	1.00826e-06	7.22201e-07	4.81539e-07	2.87383e-07	1.57929e-07	7.74726e-08
2.00809e-05	1.29088e-05	1.01378e-05	8.15299e-06	6.88279e-06	5.85268e-06	4.49039e-06	3.1525e-06	2.33505e-06	1.79326e-06	1.32056e-06	9.41317e-07	6.74114e-07	4.51534e-07	2.67595e-07	1.44577e-07	6.64087e-08
1.83543e-05	1.18891e-05	9.36856e-06	7.55054e-06	6.38282e-06	5.4347e-06	4.18004e-06	2.94578e-06	2.1894e-06	1.68554e-06	1.24781e-06	8.94305e-07	6.46398e-07	4.34805e-07	2.61386e-07	1.42655e-07	6.63708e-08
1.76755e-05	1.14148e-05	8.94077e-06	7.17413e-06	6.04399e-06	5.13229e-06	3.93316e-06	2.75785e-06	2.04538e-06	1.57386e-06	1.16476e-06	8.34872e-07	6.0418e-07	4.09185e-07	2.49899e-07	1.40521e-07	6.91417e-08
1.69491e-05	1.09715e-05	8.5778e-06	6.86703e-06	5.77057e-06	4.89203e-06	3.73605e-06	2.61256e-06	1.93458e-06	1.4891e-06	1.10445e-06	7.89717e-07	5.73997e-07	3.88448e-07	2.40833e-07	1.34414e-07	6.77381e-08
1.63303e-05	1.05678e-05	8.2499e-06	6.59175e-06	5.53241e-06	4.68302e-06	3.57842e-06	2.50593e-06	1.85979e-06	1.4349e-06	1.06504e-06	7.65363e-07	5.55877e-07	3.75057e-07	2.35092e-07	1.30595e-07	6.61828e-08
1.48945e-05	9.62871e-06	7.55552e-06	6.06579e-06	5.11871e-06	4.35648e-06	3.35889e-06	2.38057e-06	1.78216e-06	1.38222e-06	1.03131e-06	7.46124e-07	5.42323e-07	3.68061e-07	2.30546e-07	1.32394e-07	7.06735e-08
1.3288e-05	8.56019e-06	6.80069e-06	5.52614e-06	4.7198e-06	4.06058e-06	3.17802e-06	2.29382e-06	1.74017e-06	1.35929e-06	1.02007e-06	7.40813e-07	5.38492e-07	3.6562e-07	2.25386e-07	1.20508e-07	5.6688e-08
1.27043e-05	8.22324e-06	6.6362e-06	5.45597e-06	4.69969e-06	4.06934e-06	3.21521e-06	2.34219e-06	1.78673e-06	1.4038e-06	1.0566e-06	7.70055e-07	5.63641e-07	3.81885e-07	2.33145e-07	1.28003e-07	5.98098e-08
1.34417e-05	8.87064e-06	7.20461e-06	5.93193e-06	5.10292e-06	4.4089e-06	3.47025e-06	2.51569e-06	1.91222e-06	1.49798e-06	1.12469e-06	8.22235e-07	6.02653e-07	4.15632e-07	2.60628e-07	1.45065e-07	7.8994e-08
1.51213e-05	1.00593e-05	8.12692e-06	6.6645e-06	5.70496e-06	4.9105e-06	3.83893e-06	2.75914e-06	2.08155e-06	1.61976e-06	1.20877e-06	8.73878e-07	6.34974e-07	4.32488e-07	2.66192e-07	1.50338e-07	7.80582e-08
1.69638e-05	1.12924e-05	9.07176e-06	7.41276e-06	6.32626e-06	5.43138e-06	4.22479e-06	3.0143e-06	2.2562e-06	1.74128e-06	1.28685e-06	9.16064e-07	6.55126e-07	4.31946e-07	2.52807e-07	1.33504e-07	6.46781e-08
1.93633e-05	1.28841e-05	1.02312e-05	8.3068e-06	7.04468e-06	6.02224e-06	4.64967e-06	3.28335e-06	2.43928e-06	1.86824e-06	1.37201e-06	9.73053e-07	6.94798e-07	4.57538e-07	2.70352e-07	1.44584e-07	7.68316e-08
2.02092e-05	1.36067e-05	1.07913e-05	8.75204e-06	7.40112e-06	6.31232e-06	4.849e-06	3.40056e-06	2.51347e-06	1.92064e-06	1.40351e-06	9.92501e-07	7.05913e-07	4.66136e-07	2.68253e-07	1.36934e-07	5.78008e-08
1.98939e-05	1.34337e-05	1.06729e-05	8.65473e-06	7.31707e-06	6.23916e-06	4.79446e-06	3.3686e-06	2.49312e-06	1.90998e-06	1.40311e-06	9.96649e-07	7.12506e-07	4.68526e-07	2.70271e-07	1.35331e-07	5.35281e-08
1.90874e-05	1.28479e-05	1.02232e-05	8.29791e-06	7.02766e-06	6.00001e-06	4.62692e-06	3.27071e-06	2.43606e-06	1.88067e-06	1.39202e-06	9.97471e-07	7.19752e-07	4.80438e-07	2.87633e-07	1.55551e-07	7.31917e-08
1.76982e-05	1.19055e-05	9.53781e-06	7.78306e-06	6.62796e-06	5.68714e-06	4.42047e-06	3.15588e-06	2.37263e-06	1.84481e-06	1.376e-06	9.89934e-07	7.21844e-07	4.86583e-07	2.97542e-07	1.64926e-07	8.13248e-08
1.60178e-05	1.08165e-05	8.74218e-06	7.18043e-06	6.14964e-06	5.30207e-06	4.15574e-06	2.99576e-06	2.26595e-06	1.76983e-06	1.3235e-06	9.58585e-07	7.02104e-07	4.73115e-07	2.86186e-07	1.56934e-07	7.66711e-08
