5.67638e-06	2.0944e-06	1.21711e-06	7.71829e-07	5.43313e-07	3.8489e-07	2.46127e-07	1.1937e-07	6.85097e-08	4.48168e-08	3.75759e-08	1.72772e-08	2.13902e-08	1.59461e-08	1.564e-08	6.16282e-09	6.93483e-09
5.54748e-06	2.04729e-06	1.2031e-06	7.57647e-07	5.39547e-07	3.82983e-07	2.4423e-07	1.22581e-07	6.69941e-08	4.5417e-08	3.85353e-08	2.1404e-08	2.46785e-08	1.85821e-08	1.6652e-08	1.03559e-08	7.49408e-09
5.43796e-06	2.01635e-06	1.17308e-06	7.41341e-07	5.22655e-07	3.70245e-07	2.36589e-07	1.16125e-07	6.13503e-08	4.25152e-08	4.03322e-08	1.64257e-08	2.09515e-08	1.42427e-08	1.33775e-08	9.05146e-09	7.86678e-09
5.34701e-06	1.99462e-06	1.15719e-06	7.33122e-07	5.16412e-07	3.60571e-07	2.29502e-07	1.10664e-07	6.80572e-08	4.83575e-08	3.43547e-08	2.15765e-08	2.14035e-08	1.59861e-08	1.34038e-08	1.01028e-08	6.13619e-09
5.27024e-06	1.96237e-06	1.12051e-06	7.01318e-07	4.87408e-07	3.3647e-07	2.18062e-07	1.04366e-07	6.56861e-08	4.17011e-08	2.94955e-08	1.80354e-08	2.09637e-08	1.62918e-08	1.00359e-08	7.22747e-09	3.7668e-09
5.18065e-06	1.90203e-06	1.05864e-06	6.57306e-07	4.59233e-07	3.19616e-07	2.03769e-07	1.06556e-07	6.80651e-08	4.18186e-08	3.30876e-08	2.07097e-08	1.6424e-08	1.26041e-08	9.6095e-09	3.84646e-09	1.5306e-09
4.99332e-06	1.75091e-06	9.54239e-07	5.93837e-07	4.18648e-07	2.91215e-07	1.93425e-07	9.93478e-08	5.84321e-08	3.74418e-08	3.67763e-08	1.65846e-08	1.88074e-08	1.2485e-08	1.13936e-08	6.77492e-09	2.2095e-09
4.65006e-06	1.52103e-06	8.43461e-07	5.27549e-07	3.82882e-07	2.75333e-07	1.87375e-07	9.31619e-08	5.54047e-08	3.67058e-08	3.80899e-08	1.32423e-08	2.1374e-08	1.00216e-08	9.56906e-09	5.93574e-09	-3.11427e-09
4.16057e-06	1.33496e-06	7.59643e-07	4.84361e-07	3.64003e-07	2.67602e-07	1.84936e-07	9.89432e-08	6.44715e-08	4.6264e-08	4.03146e-08	2.10025e-08	2.20939e-08	1.63974e-08	1.65704e-08	1.24178e-08	4.19251e-09
3.81037e-06	1.2334e-06	7.00455e-07	4.5355e-07	3.35574e-07	2.43352e-07	1.718e-07	9.11039e-08	5.08159e-08	3.44584e-08	2.88152e-08	1.37221e-08	1.38286e-08	8.90409e-09	8.57135e-09	3.36732e-09	-2.40903e-09
3.61872e-06	1.17921e-06	6.75761e-07	4.39767e-07	3.30295e-07	2.4113e-07	1.71103e-07	9.01493e-08	5.45501e-08	4.33579e-08	3.46677e-08	2.00421e-08	1.92036e-08	1.95363e-08	1.57036e-08	8.53052e-09	5.48295e-09
3.40623e-06	1.09763e-06	6.49457e-07	4.29178e-07	3.23271e-07	2.39525e-07	1.69741e-07	8.6195e-08	5.08305e-08	4.33637e-08	3.7108e-08	1.69968e-08	1.96454e-08	1.63978e-08	1.62248e-08	1.13134e-08	6.76143e-09
3.22892e-06	1.02115e-06	6.14326e-07	4.06995e-07	3.04168e-07	2.20613e-07	1.60416e-07	8.3249e-08	4.84189e-08	3.51496e-08	3.61478e-08	1.85796e-08	2.51411e-08	1.40013e-08	1.55718e-08	7.35999e-09	4.96433e-09
3.09411e-06	9.57143e-07	5.80603e-07	3.8619e-07	2.84665e-07	2.04648e-07	1.48588e-07	7.79008e-08	4.33226e-08	3.1517e-08	3.69473e-08	9.59619e-09	2.21338e-08	1.5652e-08	1.21383e-08	5.66987e-09	1.23779e-09
3.0024e-06	9.03966e-07	5.34935e-07	3.53647e-07	2.64985e-07	1.9264e-07	1.42707e-07	7.85866e-08	4.77109e-08	2.97977e-08	3.48816e-08	1.58903e-08	2.16263e-08	1.84988e-08	1.45728e-08	8.34442e-09	4.36518e-09
2.93349e-06	8.58107e-07	4.97711e-07	3.30702e-07	2.44403e-07	1.75779e-07	1.29742e-07	6.66676e-08	4.34291e-08	3.02127e-08	2.78968e-08	1.37621e-08	1.72226e-08	1.29502e-08	1.15261e-08	8.26523e-09	3.23422e-09
2.86303e-06	7.93287e-07	4.60459e-07	3.0267e-07	2.25651e-07	1.61822e-07	1.19207e-07	6.29242e-08	4.28545e-08	2.26916e-08	2.24653e-08	1.36682e-08	1.39344e-08	1.11794e-08	9.9284e-09	2.48875e-09	-3.99265e-11
2.79761e-06	7.25357e-07	4.14659e-07	2.73272e-07	2.06285e-07	1.50691e-07	1.15487e-07	6.73597e-08	4.34291e-08	2.40504e-08	2.87353e-08	1.6424e-08	1.53193e-08	1.56121e-08	1.2897e-08	8.27854e-09	3.04789e-09
2.74211e-06	6.63388e-07	3.79628e-07	2.46347e-07	1.9227e-07	1.39418e-07	1.06849e-07	5.9893e-08	4.30032e-08	3.05854e-08	2.81364e-08	1.54125e-08	1.85535e-08	1.62776e-08	1.36556e-08	7.14723e-09	3.68675e-09
2.67281e-06	6.16163e-07	3.56141e-07	2.33137e-07	1.83068e-07	1.29898e-07	1.028e-07	5.84806e-08	4.57038e-08	3.34194e-08	2.7031e-08	1.95113e-08	1.85796e-08	1.44937e-08	1.66897e-08	9.82219e-09	6.62798e-09
2.5748e-06	5.63709e-07	3.23285e-07	2.13168e-07	1.69927e-07	1.22535e-07	9.70215e-08	5.57774e-08	3.68389e-08	2.78288e-08	2.74029e-08	1.57311e-08	1.88986e-08	1.73281e-08	1.33355e-08	9.07663e-09	3.85957e-09
2.45447e-06	5.1512e-07	3.02553e-07	2.01147e-07	1.61192e-07	1.1554e-07	9.65342e-08	5.77768e-08	3.3966e-08	2.56475e-08	2.66723e-08	1.12066e-08	1.56387e-08	1.44675e-08	9.50302e-09	6.6814e-09	3.6202e-09
2.34198e-06	4.82552e-07	2.94799e-07	1.99079e-07	1.56955e-07	1.14073e-07	9.43223e-08	5.329e-08	3.56154e-08	2.39166e-08	2.71907e-08	1.54121e-08	1.42142e-08	1.34556e-08	1.14326e-08	6.20209e-09	2.90141e-09
2.22717e-06	4.47207e-07	2.83184e-07	1.86301e-07	1.53962e-07	1.07224e-07	8.44135e-08	4.31051e-08	3.57057e-08	2.41543e-08	2.11732e-08	1.16313e-08	1.36275e-08	1.19507e-08	1.00876e-08	6.08182e-09	4.23199e-09
2.14305e-06	4.25122e-07	2.65851e-07	1.78862e-07	1.44644e-07	1.03932e-07	8.23973e-08	4.13517e-08	2.98126e-08	2.16541e-08	1.94714e-08	9.9819e-09	1.12729e-08	9.78226e-09	8.1053e-09	2.39566e-09	1.86329e-10
2.13189e-06	4.19761e-07	2.56847e-07	1.71711e-07	1.43709e-07	1.02718e-07	8.5669e-08	4.77255e-08	3.27797e-08	2.41422e-08	2.20794e-08	1.38279e-08	1.36416e-08	1.57044e-08	1.2883e-08	7.6792e-09	4.2056e-09
2.17064e-06	4.13149e-07	2.51717e-07	1.62789e-07	1.3584e-07	9.29332e-08	7.79478e-08	4.81102e-08	3.22065e-08	1.70615e-08	1.99894e-08	8.66383e-09	1.251e-08	1.06601e-08	8.54405e-09	5.00399e-09	2.04951e-09
2.23134e-06	3.96175e-07	2.49654e-07	1.56529e-07	1.31695e-07	9.03428e-08	7.16833e-08	4.3388e-08	3.54956e-08	2.19069e-08	2.14411e-08	1.27768e-08	1.21779e-08	1.12729e-08	9.01033e-09	6.41503e-09	3.67334e-09
2.26652e-06	4.0513e-07	2.43858e-07	1.58064e-07	1.36623e-07	9.79716e-08	7.4427e-08	4.37219e-08	3.0013e-08	2.3345e-08	2.28658e-08	1.54125e-08	1.66769e-08	1.57718e-08	1.08207e-08	6.98752e-09	3.26084e-09
2.31698e-06	4.04605e-07	2.35933e-07	1.50759e-07	1.27895e-07	8.94331e-08	7.47139e-08	4.0897e-08	3.45222e-08	2.11472e-08	1.83258e-08	1.3934e-08	1.42401e-08	1.31621e-08	1.16715e-08	5.66942e-09	4.96407e-09
2.39838e-06	4.27718e-07	2.38035e-07	1.43846e-07	1.2126e-07	8.5312e-08	7.44517e-08	4.14448e-08	2.9227e-08	2.00037e-08	2.09886e-08	1.21912e-08	1.63038e-08	1.36552e-08	1.20581e-08	7.43984e-09	4.69815e-09
2.45684e-06	4.77308e-07	2.46207e-07	1.46228e-07	1.20062e-07	8.48595e-08	6.71981e-08	3.77981e-08	2.08289e-08	1.33624e-08	1.80872e-08	5.17728e-09	1.35088e-08	8.22509e-09	4.6316e-09	5.89598e-09	1.18452e-09
2.46779e-06	5.16503e-07	2.64726e-07	1.56632e-07	1.19607e-07	7.8469e-08	6.31771e-08	3.93942e-08	2.38628e-08	1.31225e-08	1.84727e-08	4.53832e-09	1.23506e-08	5.37677e-09	6.88067e-09	2.28912e-09	2.00964e-09
2.38761e-06	5.25553e-07	2.65259e-07	1.58721e-07	1.20631e-07	7.9547e-08	6.99513e-08	3.81698e-08	2.11478e-08	1.03942e-08	2.02161e-08	8.37126e-09	1.57177e-08	1.28563e-08	7.87884e-09	3.7664e-09	9.98163e-10
2.25946e-06	5.17195e-07	2.73517e-07	1.64542e-07	1.18691e-07	7.82448e-08	6.63197e-08	3.47104e-08	2.55936e-08	1.96976e-08	1.92052e-08	1.20848e-08	1.44139e-08	1.40678e-08	1.05542e-08	5.3503e-09	1.42408e-09
2.12896e-06	5.08199e-07	2.70583e-07	1.67687e-07	1.23446e-07	8.4489e-08	6.31805e-08	3.49243e-08	2.59936e-08	2.20007e-08	2.055e-08	1.118e-08	1.40682e-08	1.24577e-08	1.04746e-08	5.41699e-09	4.19251e-09
2.04412e-06	4.91642e-07	2.59549e-07	1.60957e-07	1.16865e-07	7.68586e-08	6.343e-08	3.48426e-08	2.74295e-08	2.05755e-08	2.00964e-08	1.26301e-08	1.2111e-08	1.27499e-08	1.08999e-08	5.8692e-09	2.07618e-09
1.98673e-06	4.77521e-07	2.47119e-07	1.51761e-07	1.14177e-07	7.77769e-08	6.21789e-08	3.73712e-08	2.93726e-08	1.77673e-08	2.16269e-08	1.56379e-08	1.51721e-08	1.32157e-08	1.06338e-08	7.39972e-09	9.84855e-10
1.91526e-06	4.609e-07	2.40112e-07	1.5173e-07	1.11791e-07	7.90391e-08	6.17248e-08	3.63322e-08	2.57652e-08	1.97365e-08	2.25313e-08	1.50386e-08	1.48656e-08	1.50918e-08	1.38275e-08	8.11818e-09	4.40511e-09
1.84807e-06	4.38363e-07	2.21205e-07	1.38872e-07	1.01259e-07	6.60154e-08	5.05763e-08	3.42322e-08	2.35579e-08	1.58251e-08	2.05233e-08	9.56957e-09	1.21516e-08	8.75769e-09	9.10373e-09	5.82958e-09	1.19786e-09
1.75481e-06	4.17108e-07	2.06311e-07	1.34906e-07	9.9449e-08	7.01946e-08	5.62595e-08	3.38196e-08	2.39971e-08	2.04435e-08	2.40104e-08	8.74438e-09	1.8833e-08	1.51596e-08	1.25509e-08	6.64147e-09	3.52703e-09
1.64604e-06	3.87993e-07	1.90064e-07	1.23267e-07	9.12854e-08	5.81064e-08	4.90431e-08	2.7363e-08	1.75544e-08	1.60904e-08	2.28779e-08	5.09729e-09	1.63566e-08	1.26434e-08	1.03543e-08	6.84075e-09	4.40523e-09
1.52529e-06	3.63944e-07	1.74812e-07	1.1439e-07	8.54295e-08	5.87852e-08	5.1452e-08	2.82414e-08	1.99633e-08	1.27765e-08	1.53451e-08	1.00748e-08	1.48926e-08	1.09931e-08	1.02877e-08	6.1753e-09	2.84809e-09
1.42679e-06	3.34527e-07	1.55079e-07	9.71172e-08	7.11377e-08	4.75272e-08	4.62495e-08	2.8881e-08	2.21199e-08	9.07687e-09	1.81804e-08	9.23658e-09	1.27635e-08	1.16056e-08	1.15657e-08	6.801e-09	6.76107e-09
1.30697e-06	3.05696e-07	1.38408e-07	8.79957e-08	6.17381e-08	3.83151e-08	3.96593e-08	2.23716e-08	1.12324e-08	8.54405e-09	1.32153e-08	3.38036e-09	9.98137e-09	6.70748e-09	5.12377e-09	4.48496e-09	1.22438e-09
1.21025e-06	2.99268e-07	1.33843e-07	8.93133e-08	6.34815e-08	4.30663e-08	4.14559e-08	2.55789e-08	1.79798e-08	1.15784e-08	1.9457e-08	1.28294e-08	1.34549e-08	1.5531e-08	1.04605e-08	7.10673e-09	4.65797e-09
1.10434e-06	2.78007e-07	1.23247e-07	9.07881e-08	5.83828e-08	4.37172e-08	4.0337e-08	2.06409e-08	1.53177e-08	1.17378e-08	1.408e-08	8.75675e-09	1.02606e-08	1.26427e-08	1.18709e-08	8.42405e-09	5.00386e-09
1.04656e-06	2.7392e-07	1.19022e-07	8.18407e-08	5.61973e-08	4.03082e-08	3.31355e-08	2.19173e-08	1.80449e-08	1.16307e-08	1.22295e-08	1.00338e-08	9.88742e-09	1.16307e-08	1.08322e-08	6.97309e-09	4.76406e-09
1.01341e-06	2.71539e-07	1.2173e-07	8.47595e-08	5.81832e-08	4.12685e-08	3.68236e-08	2.73216e-08	2.02816e-08	1.09127e-08	2.0947e-08	9.27577e-09	1.15781e-08	1.24165e-08	7.65218e-09	4.13883e-09	1.4639e-09
1.00317e-06	2.63547e-07	1.1261e-07	7.63201e-08	5.55733e-08	3.87789e-08	3.21649e-08	2.21841e-08	1.57032e-08	1.08991e-08	1.67678e-08	7.62536e-09	7.3592e-09	8.76983e-09	7.14628e-09	5.28319e-09	2.84787e-09
1.00616e-06	2.59442e-07	1.11623e-07	7.82743e-08	6.22122e-08	4.51521e-08	3.19511e-08	2.20105e-08	1.38663e-08	1.00604e-08	1.06992e-08	4.112e-09	3.16717e-09	7.532e-09	3.766e-09	3.20709e-09	7.31909e-10
1.02889e-06	2.64067e-07	1.16782e-07	8.23263e-08	6.2124e-08	4.57812e-08	3.87809e-08	2.29438e-08	1.59968e-08	1.38408e-08	1.41869e-08	1.15784e-08	1.07266e-08	1.20309e-08	8.75699e-09	8.13149e-09	4.61805e-09
1.03613e-06	2.62795e-07	1.10891e-07	8.60192e-08	5.83797e-08	4.33689e-08	3.25234e-08	1.68339e-08	1.18303e-08	1.36268e-08	1.54366e-08	4.93706e-09	5.94842e-09	5.66896e-09	5.44274e-09	4.45799e-09	3.72608e-10
1.04627e-06	2.64971e-07	1.13848e-07	7.94874e-08	5.67178e-08	4.02693e-08	3.54253e-08	2.28894e-08	1.71537e-08	9.47514e-09	1.55568e-08	5.48281e-09	8.46375e-09	9.71468e-09	8.47706e-09	5.57596e-09	-3.85926e-10
1.04749e-06	2.48683e-07	1.07761e-07	7.17651e-08	5.26029e-08	3.76856e-08	3.5144e-08	2.24756e-08	1.21094e-08	1.25486e-08	1.53431e-08	3.73929e-09	1.37994e-08	1.2176e-08	1.03263e-08	6.74669e-09	3.71267e-09
9.95662e-07	2.44444e-07	9.71841e-08	6.93184e-08	5.43608e-08	4.04812e-08	3.48655e-08	2.25827e-08	1.01536e-08	1.22162e-08	1.74194e-08	6.2678e-09	9.44827e-09	8.74298e-09	6.60048e-09	4.13861e-09	1.84973e-09
7.49741e-07	3.04884e-07	1.19224e-07	9.77709e-08	6.15673e-08	4.13907e-08	5.29886e-08	3.07903e-08	2.09081e-08	1.40718e-08	2.32091e-08	5.43984e-09	1.98574e-08	1.1957e-08	1.26752e-08	6.35757e-09	6.87628e-09
8.95736e-07	3.65836e-07	1.51721e-07	1.1154e-07	6.87646e-08	4.40519e-08	4.86806e-08	2.94478e-08	1.65993e-08	7.95382e-09	2.07358e-08	2.62024e-09	1.85944e-08	9.5499e-09	1.06406e-08	2.39413e-09	-1.36997e-09
1.08122e-06	4.62122e-07	1.99859e-07	1.44451e-07	9.02272e-08	6.07278e-08	6.0249e-08	3.20264e-08	2.25568e-08	1.53083e-08	2.73847e-08	7.7406e-09	2.26233e-08	1.23956e-08	1.5029e-08	8.0465e-09	2.8063e-09
1.31128e-06	5.59841e-07	2.5969e-07	1.81573e-07	1.17342e-07	8.08172e-08	7.11607e-08	3.62587e-08	2.90495e-08	1.87944e-08	2.58706e-08	1.39927e-08	1.70653e-08	1.25695e-08	1.57485e-08	8.95161e-09	5.46673e-09
1.61003e-06	6.53114e-07	3.22334e-07	2.14043e-07	1.43391e-07	9.94999e-08	7.1915e-08	4.01272e-08	2.85159e-08	1.69712e-08	1.98175e-08	8.87133e-09	1.40319e-08	1.1691e-08	1.16511e-08	6.65017e-09	5.25364e-09
1.86269e-06	7.63887e-07	3.90064e-07	2.6104e-07	1.80154e-07	1.27667e-07	8.70311e-08	4.47459e-08	3.0713e-08	1.95132e-08	1.69593e-08	1.08007e-08	1.21841e-08	8.76563e-09	1.01756e-08	5.6797e-09	3.56478e-09
2.16176e-06	8.57285e-07	4.63034e-07	3.10556e-07	2.19506e-07	1.56575e-07	1.11296e-07	5.52555e-08	3.58216e-08	2.33712e-08	1.88885e-08	1.44191e-08	1.38737e-08	1.47118e-08	1.48049e-08	1.13996e-08	8.24709e-09
2.42881e-06	9.19296e-07	5.19647e-07	3.43195e-07	2.51304e-07	1.78461e-07	1.19387e-07	6.58588e-08	4.01458e-08	2.45823e-08	2.15361e-08	1.0655e-08	1.19586e-08	9.15186e-09	7.78174e-09	4.01724e-09	1.31691e-09
2.54581e-06	9.23585e-07	5.411e-07	3.63132e-07	2.76675e-07	2.02748e-07	1.31627e-07	7.04557e-08	4.42526e-08	3.02333e-08	2.28911e-08	1.06009e-08	9.32404e-09	5.0677e-09	4.05682e-09	1.80894e-09	-1.33011e-10
2.49117e-06	9.17979e-07	5.55895e-07	3.82862e-07	2.92367e-07	2.17822e-07	1.38302e-07	7.90412e-08	5.12664e-08	3.1832e-08	2.09907e-08	1.37411e-08	4.34979e-09	6.73087e-09	1.70267e-09	1.05087e-09	-2.36778e-09
2.37316e-06	9.10437e-07	5.59035e-07	3.87105e-07	2.98114e-07	2.25684e-07	1.55422e-07	9.16915e-08	5.83963e-08	3.87092e-08	2.92913e-08	1.35549e-08	1.136e-08	9.11195e-09	7.05012e-09	4.80206e-09	5.0548e-10
2.28823e-06	9.23602e-07	5.48941e-07	3.82456e-07	2.98396e-07	2.30924e-07	1.58929e-07	9.6206e-08	5.98361e-08	4.1292e-08	3.23924e-08	1.71207e-08	1.59102e-08	9.29868e-09	9.03262e-09	6.41196e-09	2.8202e-09
2.20786e-06	9.00945e-07	5.20593e-07	3.67354e-07	2.87508e-07	2.2815e-07	1.50233e-07	9.76586e-08	6.06625e-08	4.05348e-08	2.7644e-08	1.52055e-08	1.09884e-08	5.49421e-09	4.85566e-09	5.16163e-09	5.98643e-10
2.06623e-06	8.66293e-07	4.92484e-07	3.5037e-07	2.73732e-07	2.16956e-07	1.49324e-07	9.20023e-08	5.96765e-08	4.03342e-08	2.90933e-08	1.98079e-08	1.00303e-08	6.75784e-09	5.2014e-09	1.70276e-09	1.52982e-09
1.92664e-06	8.21162e-07	4.61143e-07	3.35302e-07	2.59984e-07	2.05936e-07	1.39782e-07	8.79825e-08	6.53816e-08	4.80219e-08	2.62325e-08	2.44632e-08	1.0775e-08	1.34488e-08	8.22093e-09	4.92191e-09	3.7779e-09
1.8451e-06	7.66747e-07	4.34314e-07	3.12068e-07	2.42444e-07	1.88917e-07	1.30228e-07	8.55459e-08	5.79706e-08	3.98931e-08	2.88257e-08	2.03522e-08	8.69958e-09	6.85059e-09	6.11897e-09	6.34511e-09	2.85996e-09
1.8194e-06	7.22731e-07	4.10211e-07	2.91715e-07	2.28278e-07	1.79938e-07	1.26716e-07	8.09833e-08	5.4552e-08	3.72858e-08	2.63648e-08	1.79978e-08	8.99223e-09	8.52666e-09	6.2786e-09	3.92412e-09	1.84899e-09
1.85225e-06	7.05119e-07	3.89912e-07	2.8267e-07	2.15654e-07	1.7185e-07	1.22353e-07	8.01586e-08	5.27296e-08	3.82569e-08	2.6285e-08	1.99266e-08	7.76844e-09	9.48441e-09	4.90848e-09	3.64478e-09	-2.71363e-09
1.9531e-06	6.95895e-07	3.82133e-07	2.7395e-07	2.14145e-07	1.67323e-07	1.20195e-07	7.97441e-08	5.49363e-08	3.74312e-08	2.98093e-08	2.09237e-08	1.11203e-08	5.93259e-09	3.16582e-09	2.56724e-09	-5.71976e-10
2.00016e-06	6.96395e-07	3.7639e-07	2.64671e-07	2.10242e-07	1.64658e-07	1.1531e-07	7.59244e-08	5.09843e-08	3.46236e-08	2.68955e-08	1.55094e-08	1.02022e-08	4.97473e-09	1.40995e-09	1.15722e-09	-1.29024e-09
1.97686e-06	6.97499e-07	3.7365e-07	2.58752e-07	2.06704e-07	1.6128e-07	1.16241e-07	7.88641e-08	5.3751e-08	3.44374e-08	2.90503e-08	2.07901e-08	1.25299e-08	1.02687e-08	5.78611e-09	5.38707e-09	3.15243e-09
1.90447e-06	7.03264e-07	3.84049e-07	2.63162e-07	2.105e-07	1.62361e-07	1.15818e-07	8.11674e-08	5.97914e-08	3.87746e-08	2.78273e-08	2.34643e-08	1.2211e-08	9.60387e-09	8.22049e-09	2.44752e-09	4.07034e-09
1.7935e-06	6.94794e-07	3.79107e-07	2.62922e-07	2.05834e-07	1.59413e-07	1.04693e-07	6.45234e-08	4.57556e-08	3.7509e-08	2.06831e-08	1.61209e-08	4.25634e-09	3.64449e-09	1.34341e-09	-9.17773e-10	-1.46312e-10
1.67572e-06	6.87595e-07	3.69403e-07	2.59597e-07	2.00976e-07	1.58451e-07	1.1075e-07	6.87834e-08	4.69951e-08	3.61808e-08	2.67631e-08	1.5603e-08	9.0452e-09	5.66655e-09	4.496e-09	3.61808e-09	9.97632e-10
1.62011e-06	6.85909e-07	3.72403e-07	2.61446e-07	1.96483e-07	1.54891e-07	1.05105e-07	6.66649e-08	4.79902e-08	3.06456e-08	2.62031e-08	1.82757e-08	9.23093e-09	5.10761e-09	1.66263e-09	2.4873e-09	-3.45827e-10
1.65854e-06	6.84796e-07	3.63541e-07	2.55015e-07	1.95025e-07	1.50452e-07	9.88694e-08	6.668e-08	4.82708e-08	2.9436e-08	2.50599e-08	1.56026e-08	5.37377e-09	4.61559e-09	2.42086e-09	7.18276e-10	-4.7353e-09
1.70159e-06	6.89553e-07	3.61297e-07	2.47533e-07	1.88077e-07	1.4687e-07	9.44774e-08	6.24751e-08	4.31752e-08	2.5671e-08	1.80761e-08	1.07606e-08	2.70011e-09	2.91293e-09	-1.47642e-09	-1.33011e-11	-3.36517e-09
1.75752e-06	7.00859e-07	3.64595e-07	2.50525e-07	1.9248e-07	1.5513e-07	9.99308e-08	6.87931e-08	4.50906e-08	3.1324e-08	2.13216e-08	1.64534e-08	4.12333e-09	4.76178e-09	-1.3035e-09	8.24665e-10	1.67593e-09
1.79147e-06	6.7929e-07	3.53086e-07	2.41008e-07	1.83546e-07	1.40011e-07	8.74036e-08	6.22373e-08	3.93855e-08	2.50067e-08	1.70125e-08	1.112e-08	5.45358e-10	8.11386e-10	-1.46316e-09	-1.13062e-09	-2.92631e-09
1.76731e-06	6.3039e-07	3.18281e-07	2.13894e-07	1.64321e-07	1.25615e-07	8.49139e-08	5.89636e-08	3.96904e-08	2.04437e-08	1.84619e-08	1.48041e-08	1.78234e-09	1.34341e-09	-3.99032e-10	-3.23216e-09	-2.81982e-09
1.68073e-06	5.73103e-07	2.71674e-07	1.94062e-07	1.48639e-07	1.1794e-07	7.7186e-08	5.66758e-08	3.75622e-08	1.80096e-08	1.43518e-08	1.2237e-08	-1.59613e-10	-1.2769e-09	-1.18379e-09	-3.57798e-09	-4.9879e-09
1.58488e-06	5.38877e-07	2.50951e-07	1.70018e-07	1.26207e-07	1.00351e-07	6.86697e-08	4.6232e-08	2.89017e-08	1.83545e-08	1.16378e-08	5.43984e-09	-3.7241e-10	-1.40984e-09	-2.95268e-09	-3.45809e-10	-1.70244e-09
1.47948e-06	5.15521e-07	2.39812e-07	1.5811e-07	1.19846e-07	9.19163e-08	6.3973e-08	4.08044e-08	3.06033e-08	1.74629e-08	1.06666e-08	7.2352e-09	1.1438e-09	-4.389e-10	-1.9418e-09	-9.31e-10	2.261e-10
1.36123e-06	5.1201e-07	2.39161e-07	1.59028e-07	1.17851e-07	8.76603e-08	6.23903e-08	4.14694e-08	2.81694e-08	1.63058e-08	9.2701e-09	8.3125e-09	8.246e-10	3.458e-10	-2.4738e-09	-3.0856e-09	-3.9235e-09
1.24636e-06	4.9456e-07	2.33162e-07	1.63856e-07	1.15936e-07	8.47875e-08	6.31218e-08	3.44603e-08	2.3807e-08	1.61196e-08	1.18503e-08	4.7215e-09	2.6334e-09	-5.453e-10	2.5137e-09	-8.645e-10	-3.2585e-09
1.15402e-06	4.75527e-07	2.31546e-07	1.80712e-07	1.19278e-07	8.42843e-08	7.1782e-08	4.7163e-08	2.92741e-08	1.91791e-08	2.09347e-08	1.03876e-08	1.4258e-08	9.54965e-09	1.4125e-08	9.62945e-09	4.76152e-09
1.0791e-06	4.67189e-07	2.30595e-07	1.86852e-07	1.20724e-07	9.19429e-08	7.61026e-08	4.95292e-08	2.36607e-08	1.95909e-08	1.75294e-08	5.7057e-09	1.3965e-08	9.6824e-09	1.24887e-08	1.00814e-08	6.2377e-09
1.05976e-06	4.60938e-07	2.28321e-07	1.69269e-07	1.20711e-07	9.07858e-08	7.42273e-08	3.82907e-08	2.25701e-08	1.45369e-08	1.75693e-08	3.5644e-09	9.8021e-09	8.0731e-09	9.5494e-09	1.16375e-08	4.788e-09
1.0649e-06	4.69704e-07	2.41981e-07	1.77958e-07	1.27154e-07	9.52628e-08	7.98223e-08	4.49915e-08	2.55479e-08	1.955e-08	2.11858e-08	6.01128e-09	1.33126e-08	9.3627e-09	1.2222e-08	1.03734e-08	5.45271e-09
1.06928e-06	4.82018e-07	2.50692e-07	1.89192e-07	1.4114e-07	1.11015e-07	8.63968e-08	5.36522e-08	3.04038e-08	2.50173e-08	2.34213e-08	1.20232e-08	1.29409e-08	8.9642e-09	1.07597e-08	7.9933e-09	4.7747e-09
1.06614e-06	5.08965e-07	2.76495e-07	2.16376e-07	1.62042e-07	1.23165e-07	9.85981e-08	6.08374e-08	4.1578e-08	3.32119e-08	2.60561e-08	1.47505e-08	2.09619e-08	1.47372e-08	1.21435e-08	8.85827e-09	4.09662e-09
1.0653e-06	5.19086e-07	2.77951e-07	2.17341e-07	1.61932e-07	1.2509e-07	9.57226e-08	5.84151e-08	3.64962e-08	3.19873e-08	2.56564e-08	1.03477e-08	1.61865e-08	8.44572e-09	8.61863e-09	4.86793e-09	-5.98516e-10
1.09108e-06	5.45848e-07	3.12287e-07	2.41275e-07	1.78017e-07	1.35494e-07	1.1138e-07	7.29278e-08	4.89333e-08	2.52979e-08	3.3438e-08	1.23564e-08	1.51628e-08	8.88487e-09	1.57214e-08	6.82326e-09	3.7242e-09
1.09727e-06	5.54695e-07	3.10601e-07	2.48284e-07	1.84424e-07	1.45877e-07	1.23836e-07	7.27454e-08	5.23144e-08	3.94254e-08	3.4291e-08	1.28093e-08	1.56691e-08	1.52966e-08	1.5842e-08	4.13674e-09	6.17185e-09
1.144e-06	5.732e-07	3.24137e-07	2.57017e-07	1.92277e-07	1.51081e-07	1.29373e-07	7.96643e-08	5.10921e-08	3.76706e-08	3.92269e-08	1.8689e-08	2.14025e-08	1.86225e-08	1.83697e-08	1.02956e-08	4.65562e-09
1.23267e-06	6.04539e-07	3.44808e-07	2.70159e-07	2.02772e-07	1.60379e-07	1.38312e-07	7.67512e-08	5.14379e-08	4.27652e-08	3.83623e-08	1.79441e-08	2.39831e-08	1.70795e-08	1.64676e-08	1.17854e-08	4.57581e-09
1.34167e-06	6.50774e-07	3.79237e-07	2.94551e-07	2.20827e-07	1.73562e-07	1.37591e-07	8.2717e-08	6.06609e-08	3.94296e-08	3.05034e-08	1.86772e-08	2.16437e-08	1.22785e-08	8.99271e-09	2.96653e-09	-1.4101e-09
1.40629e-06	6.88107e-07	4.0141e-07	3.11614e-07	2.3677e-07	1.88493e-07	1.47785e-07	9.24172e-08	6.28974e-08	4.14394e-08	3.4402e-08	1.7773e-08	1.97951e-08	8.75349e-09	9.13928e-09	1.17068e-09	-3.07303e-09
1.43017e-06	7.10023e-07	4.25833e-07	3.28025e-07	2.43122e-07	1.9342e-07	1.51647e-07	9.09563e-08	6.67571e-08	4.27709e-08	3.33786e-08	1.58578e-08	1.85584e-08	7.01096e-09	7.96882e-09	1.41017e-09	-3.0199e-09
1.44245e-06	7.42184e-07	4.54541e-07	3.57063e-07	2.68699e-07	2.09616e-07	1.69239e-07	1.01163e-07	7.65107e-08	5.63952e-08	4.66833e-08	2.4998e-08	2.53173e-08	1.6284e-08	1.53394e-08	3.48562e-09	1.0244e-09
1.47776e-06	7.64156e-07	4.72593e-07	3.71814e-07	2.82276e-07	2.20185e-07	1.73501e-07	1.13405e-07	8.2473e-08	5.35629e-08	4.54606e-08	2.82316e-08	2.47459e-08	1.93976e-08	1.66037e-08	7.05125e-09	2.46128e-09
1.5424e-06	7.82274e-07	4.79819e-07	3.75891e-07	2.86305e-07	2.25521e-07	1.72999e-07	1.18428e-07	8.68854e-08	4.80657e-08	4.05226e-08	2.35606e-08	1.54055e-08	9.36569e-09	1.34233e-08	-9.31247e-10	-4.5232e-09
1.60339e-06	7.93579e-07	4.74109e-07	3.80791e-07	2.98781e-07	2.3126e-07	1.81062e-07	1.19848e-07	7.66744e-08	5.19677e-08	4.45571e-08	1.59921e-08	1.98105e-08	9.19348e-09	5.32184e-09	-2.27509e-09	-8.59477e-09
1.64441e-06	7.97744e-07	4.87933e-07	3.7644e-07	2.8851e-07	2.33669e-07	1.8387e-07	1.1897e-07	8.06258e-08	5.41364e-08	4.8788e-08	2.24715e-08	2.24848e-08	1.66041e-08	1.33312e-08	7.02483e-09	3.61885e-09
1.69115e-06	8.13837e-07	5.08502e-07	3.97006e-07	3.07677e-07	2.51916e-07	1.9863e-07	1.25891e-07	9.03805e-08	7.0769e-08	5.73177e-08	3.57105e-08	3.47658e-08	2.32171e-08	2.24987e-08	1.24933e-08	7.5173e-09
1.72187e-06	8.36088e-07	5.14689e-07	4.08018e-07	3.13561e-07	2.57677e-07	2.02738e-07	1.31713e-07	9.00793e-08	6.93358e-08	5.88243e-08	3.44084e-08	3.68567e-08	2.44425e-08	2.03843e-08	1.72175e-08	8.74182e-09
1.84955e-06	8.59342e-07	5.35141e-07	4.16345e-07	3.24667e-07	2.64297e-07	2.02744e-07	1.38476e-07	1.00593e-07	6.9178e-08	5.74154e-08	3.66448e-08	3.20675e-08	2.32323e-08	1.86417e-08	1.19222e-08	5.57522e-09
1.98039e-06	8.70675e-07	5.45854e-07	4.21985e-07	3.33551e-07	2.74364e-07	2.07499e-07	1.37481e-07	9.9159e-08	7.37173e-08	5.72041e-08	3.63264e-08	2.69055e-08	2.00261e-08	1.62205e-08	6.58665e-09	2.18224e-09
2.10675e-06	8.88735e-07	5.54249e-07	4.28866e-07	3.44333e-07	2.8411e-07	2.11712e-07	1.39074e-07	1.01871e-07	7.86252e-08	5.67501e-08	3.82282e-08	2.7264e-08	1.88546e-08	1.35056e-08	8.42271e-09	4.89661e-09
2.27253e-06	9.09632e-07	5.71033e-07	4.37404e-07	3.4814e-07	2.8541e-07	2.19567e-07	1.42772e-07	1.03196e-07	7.6183e-08	5.90568e-08	3.7486e-08	2.62282e-08	1.96412e-08	1.28812e-08	8.277e-09	3.91228e-09
2.54014e-06	9.37961e-07	5.95907e-07	4.50603e-07	3.64171e-07	2.98153e-07	2.29899e-07	1.49975e-07	1.04064e-07	8.0643e-08	6.164e-08	3.87645e-08	3.16983e-08	2.11189e-08	1.2509e-08	5.44274e-09	1.6102e-09
2.86882e-06	9.22857e-07	6.02108e-07	4.45067e-07	3.70306e-07	3.02638e-07	2.28209e-07	1.49402e-07	1.03652e-07	7.55063e-08	5.93112e-08	3.48655e-08	2.28222e-08	1.49709e-08	1.01536e-08	7.73162e-09	4.73744e-09
3.21885e-06	8.50873e-07	6.17787e-07	4.51094e-07	3.8699e-07	3.07889e-07	2.33139e-07	1.55022e-07	1.0786e-07	7.72916e-08	5.49079e-08	3.74481e-08	2.04807e-08	1.23097e-08	7.61205e-09	2.38209e-09	-1.33078e-11
3.41619e-06	7.56374e-07	6.15139e-07	4.5325e-07	4.02041e-07	3.1924e-07	2.36865e-07	1.57205e-07	1.08059e-07	7.56947e-08	5.0157e-08	3.30831e-08	1.88571e-08	1.12451e-08	3.4201e-09	-4.65772e-10	-3.57979e-09
3.44299e-06	7.46646e-07	6.13402e-07	4.47179e-07	3.96979e-07	3.21334e-07	2.37024e-07	1.57732e-07	1.11711e-07	7.53793e-08	5.07985e-08	3.4815e-08	1.65425e-08	7.74554e-09	1.77003e-09	1.19776e-10	-2.06282e-09
3.19024e-06	8.36997e-07	6.13645e-07	4.60091e-07	4.01658e-07	3.26272e-07	2.40359e-07	1.56668e-07	1.05275e-07	7.34703e-08	4.8306e-08	3.01812e-08	1.63149e-08	5.96173e-09	4.79067e-10	-1.58358e-09	-1.30413e-09
2.96453e-06	8.91752e-07	6.28756e-07	4.80929e-07	3.98392e-07	3.21285e-07	2.51204e-07	1.59179e-07	1.11908e-07	7.61092e-08	5.89018e-08	3.10213e-08	2.85726e-08	1.71409e-08	1.29222e-08	7.29286e-09	2.72817e-09
2.75697e-06	9.13393e-07	6.30669e-07	4.86626e-07	3.98821e-07	3.19227e-07	2.51371e-07	1.56433e-07	1.11719e-07	8.22155e-08	5.98052e-08	3.47732e-08	3.22581e-08	2.22373e-08	1.65416e-08	1.15112e-08	3.87256e-09
2.69623e-06	9.07919e-07	6.21879e-07	4.74874e-07	3.95209e-07	3.22012e-07	2.43053e-07	1.56361e-07	1.0712e-07	7.50732e-08	5.49774e-08	3.49481e-08	2.31168e-08	1.37743e-08	8.31781e-09	6.2683e-09	2.06282e-09
2.70464e-06	9.00048e-07	6.27968e-07	4.80875e-07	4.0247e-07	3.28617e-07	2.39925e-07	1.53029e-07	1.03532e-07	7.76459e-08	5.38889e-08	3.45507e-08	1.86462e-08	1.27236e-08	8.74414e-09	5.08411e-09	2.20933e-09
2.73126e-06	9.03021e-07	6.29039e-07	4.77722e-07	3.98776e-07	3.2671e-07	2.43306e-07	1.60381e-07	1.06455e-07	7.11206e-08	5.85707e-08	3.42561e-08	2.16263e-08	1.38408e-08	1.03274e-08	3.20735e-09	9.7152e-10
2.76791e-06	9.3842e-07	6.47342e-07	4.90697e-07	4.0741e-07	3.31377e-07	2.43113e-07	1.56366e-07	1.125e-07	7.63129e-08	5.44997e-08	3.52951e-08	2.12675e-08	1.58375e-08	9.48921e-09	5.57641e-09	3.6067e-09
2.81601e-06	9.76868e-07	6.65025e-07	5.01224e-07	4.11957e-07	3.35174e-07	2.53108e-07	1.61006e-07	1.1011e-07	7.85929e-08	6.29143e-08	3.2116e-08	2.71648e-08	1.63708e-08	1.14728e-08	3.04789e-09	3.59358e-09
2.91253e-06	1.00242e-06	6.68765e-07	4.92294e-07	4.07179e-07	3.29012e-07	2.38254e-07	1.54218e-07	1.10948e-07	7.87659e-08	5.26659e-08	3.69606e-08	2.37975e-08	1.52128e-08	1.20718e-08	8.42495e-09	1.73024e-09
3.02896e-06	9.99122e-07	6.51955e-07	4.75923e-07	3.92033e-07	3.18032e-07	2.24532e-07	1.48641e-07	1.07488e-07	7.27367e-08	5.6153e-08	3.29145e-08	2.47425e-08	1.4015e-08	9.7559e-09	9.63612e-09	2.35579e-09
3.11814e-06	9.99707e-07	6.36839e-07	4.64449e-07	3.73263e-07	2.95853e-07	2.1594e-07	1.42496e-07	1.0427e-07	7.31779e-08	5.67002e-08	3.76271e-08	2.85231e-08	1.92861e-08	1.46542e-08	8.83778e-09	-2.66198e-11
3.21374e-06	9.89285e-07	6.18847e-07	4.36776e-07	3.55983e-07	2.84733e-07	2.07294e-07	1.35738e-07	9.52482e-08	6.65513e-08	4.96872e-08	2.9642e-08	1.95927e-08	1.28045e-08	7.41382e-09	4.48556e-09	6.65513e-11
3.24777e-06	9.6896e-07	6.06668e-07	4.27286e-07	3.5022e-07	2.76827e-07	2.00213e-07	1.36497e-07	9.44496e-08	6.40224e-08	4.80101e-08	3.14521e-08	1.85013e-08	1.06083e-08	3.15453e-09	1.91668e-09	-2.86171e-09
3.24804e-06	9.0246e-07	5.84948e-07	4.13388e-07	3.44545e-07	2.6544e-07	2.00005e-07	1.37033e-07	8.99132e-08	6.17746e-08	4.94756e-08	2.9483e-08	2.06448e-08	1.00096e-08	5.44404e-09	3.99318e-09	-2.19625e-09
3.23664e-06	8.0247e-07	5.4708e-07	3.85742e-07	3.28985e-07	2.61993e-07	2.02481e-07	1.37366e-07	8.97801e-08	6.26664e-08	5.45469e-08	3.30236e-08	2.28011e-08	1.42157e-08	1.05154e-08	5.49728e-09	3.96656e-09
3.11531e-06	7.1014e-07	5.14815e-07	3.73865e-07	3.26478e-07	2.65048e-07	2.00556e-07	1.35492e-07	9.08873e-08	6.69941e-08	5.21657e-08	3.84022e-08	2.42393e-08	1.79698e-08	7.7603e-09	5.60392e-09	4.47249e-09
2.85127e-06	6.58929e-07	4.99401e-07	3.71712e-07	3.25178e-07	2.64282e-07	1.93976e-07	1.31283e-07	9.33074e-08	7.14115e-08	5.14855e-08	3.71499e-08	2.29342e-08	1.86482e-08	1.05819e-08	9.79661e-09	3.91332e-09
2.69158e-06	6.11522e-07	4.73883e-07	3.5259e-07	3.10101e-07	2.49468e-07	1.92375e-07	1.28374e-07	9.04904e-08	6.85666e-08	5.41238e-08	3.66993e-08	2.41867e-08	1.72648e-08	9.83707e-09	1.00767e-08	5.01837e-09
2.58458e-06	5.61994e-07	4.46832e-07	3.34957e-07	2.9763e-07	2.38259e-07	1.88059e-07	1.2717e-07	9.16267e-08	6.45367e-08	4.89883e-08	3.44649e-08	2.30431e-08	1.63339e-08	9.14537e-09	5.48456e-09	2.03674e-09
2.53295e-06	4.98363e-07	4.24816e-07	3.09736e-07	2.83951e-07	2.33793e-07	1.84353e-07	1.23279e-07	9.15444e-08	6.12071e-08	5.22883e-08	3.45305e-08	2.51058e-08	1.63068e-08	1.38974e-08	9.25162e-09	4.07337e-09
2.52847e-06	4.66174e-07	3.97977e-07	2.96778e-07	2.75679e-07	2.23868e-07	1.75053e-07	1.21406e-07	8.98296e-08	6.39377e-08	4.78701e-08	3.60091e-08	2.03275e-08	1.75586e-08	1.25399e-08	7.90735e-09	5.92386e-09
2.46016e-06	4.8935e-07	3.91318e-07	2.93512e-07	2.67632e-07	2.19548e-07	1.73514e-07	1.23885e-07	8.78884e-08	6.66951e-08	4.91893e-08	3.2176e-08	2.21252e-08	1.8451e-08	1.15552e-08	4.99215e-09	5.12527e-09
2.35708e-06	5.15723e-07	3.95585e-07	2.99212e-07	2.72253e-07	2.23341e-07	1.76292e-07	1.19418e-07	8.64153e-08	6.79767e-08	4.99774e-08	3.02474e-08	2.82238e-08	1.91176e-08	1.34063e-08	9.73187e-09	6.69649e-09
2.30502e-06	5.43121e-07	4.17379e-07	3.21644e-07	2.8269e-07	2.33778e-07	1.8637e-07	1.26221e-07	9.68794e-08	7.07192e-08	5.18279e-08	3.70504e-08	2.77578e-08	2.31648e-08	1.68144e-08	1.00381e-08	7.46865e-09
2.32171e-06	5.80318e-07	4.27191e-07	3.3087e-07	2.87443e-07	2.3676e-07	1.86343e-07	1.28258e-07	9.63735e-08	7.19706e-08	5.58085e-08	3.64113e-08	2.53748e-08	1.78662e-08	1.50971e-08	7.14913e-09	4.14037e-09
2.38207e-06	6.1424e-07	4.44804e-07	3.40496e-07	2.9828e-07	2.49621e-07	1.97047e-07	1.35301e-07	9.72788e-08	7.28226e-08	5.62079e-08	3.65311e-08	2.59872e-08	2.20997e-08	1.93439e-08	1.41119e-08	1.19152e-08
2.45627e-06	6.65508e-07	4.85356e-07	3.67774e-07	3.15441e-07	2.58993e-07	2.05767e-07	1.37338e-07	9.79045e-08	7.06127e-08	5.3532e-08	3.31896e-08	2.36307e-08	1.64417e-08	1.18353e-08	9.94488e-09	7.50859e-09
2.56941e-06	7.39908e-07	5.38212e-07	4.03605e-07	3.45383e-07	2.79025e-07	2.11589e-07	1.3916e-07	9.88976e-08	7.16834e-08	5.17255e-08	3.40177e-08	2.55499e-08	1.53912e-08	9.69271e-09	7.69559e-09	6.71034e-09
2.75497e-06	8.37523e-07	5.88688e-07	4.39219e-07	3.66522e-07	2.99976e-07	2.21181e-07	1.46832e-07	1.07914e-07	7.67049e-08	5.50688e-08	3.7041e-08	2.51777e-08	1.68961e-08	1.24224e-08	1.02255e-08	8.54792e-09
2.98619e-06	9.61095e-07	6.53144e-07	4.83304e-07	3.90461e-07	3.1867e-07	2.37145e-07	1.59321e-07	1.11988e-07	7.41885e-08	5.74654e-08	3.29135e-08	2.3327e-08	9.85274e-09	6.37765e-09	1.39802e-09	-2.55639e-09
3.41198e-06	1.14049e-06	7.61018e-07	5.59729e-07	4.53426e-07	3.64365e-07	2.7131e-07	1.72743e-07	1.25875e-07	9.2709e-08	6.41493e-08	4.56288e-08	2.66024e-08	1.81077e-08	9.69297e-09	4.10087e-09	-2.39661e-10
4.13588e-06	1.3844e-06	9.02479e-07	6.52007e-07	5.25871e-07	4.21294e-07	3.07968e-07	1.94069e-07	1.36721e-07	1.02847e-07	7.26878e-08	4.99854e-08	3.6244e-08	2.5512e-08	1.45802e-08	8.93452e-09	4.91332e-09
5.28785e-06	1.77059e-06	1.1086e-06	7.7283e-07	6.1196e-07	4.82316e-07	3.43658e-07	2.19833e-07	1.49059e-07	1.10056e-07	7.91765e-08	5.22118e-08	3.79904e-08	2.58595e-08	2.10259e-08	1.70977e-08	1.48872e-08
7.40844e-06	2.62061e-06	1.53915e-06	1.01164e-06	7.70826e-07	5.88881e-07	4.01691e-07	2.45166e-07	1.67883e-07	1.18429e-07	8.62983e-08	5.70173e-08	3.58455e-08	2.55126e-08	1.45406e-08	1.13049e-08	7.9494e-09
9.36416e-06	3.87651e-06	2.25682e-06	1.45503e-06	1.05506e-06	7.8347e-07	5.07124e-07	2.93243e-07	1.92961e-07	1.30097e-07	9.67136e-08	6.32906e-08	4.27974e-08	3.07598e-08	1.99473e-08	9.58747e-09	6.83107e-09
1.02252e-05	4.72677e-06	2.92129e-06	1.91626e-06	1.37492e-06	1.00458e-06	6.26854e-07	3.45207e-07	2.13945e-07	1.41476e-07	9.93155e-08	6.1949e-08	3.81255e-08	2.36237e-08	1.5181e-08	8.21637e-09	2.37036e-09
1.02956e-05	5.02706e-06	3.29044e-06	2.23626e-06	1.63112e-06	1.20121e-06	7.45612e-07	3.99379e-07	2.47463e-07	1.62889e-07	1.09769e-07	7.179e-08	4.54763e-08	2.94431e-08	1.88297e-08	1.30104e-08	5.08696e-09
1.02319e-05	5.02657e-06	3.40878e-06	2.38116e-06	1.77779e-06	1.3317e-06	8.39251e-07	4.49236e-07	2.7465e-07	1.82323e-07	1.22836e-07	7.23512e-08	4.60235e-08	2.97502e-08	1.54078e-08	1.15059e-08	3.15613e-09
1.01766e-05	4.94255e-06	3.42135e-06	2.43381e-06	1.84585e-06	1.40423e-06	9.03806e-07	4.97816e-07	3.04776e-07	1.99952e-07	1.32351e-07	8.30093e-08	5.03276e-08	3.47859e-08	2.05093e-08	8.0439e-09	2.58364e-09
1.03007e-05	4.91098e-06	3.41459e-06	2.44891e-06	1.88191e-06	1.4504e-06	9.44743e-07	5.25917e-07	3.21977e-07	2.12703e-07	1.34779e-07	7.94556e-08	4.56943e-08	2.68892e-08	1.13204e-08	-5.72677e-10	-3.86224e-09
1.06246e-05	4.98791e-06	3.45758e-06	2.49465e-06	1.92512e-06	1.49261e-06	9.8579e-07	5.5829e-07	3.48275e-07	2.28393e-07	1.52324e-07	8.96657e-08	5.87428e-08	3.48915e-08	1.90704e-08	6.49887e-09	9.58849e-10
1.11471e-05	5.15474e-06	3.56063e-06	2.56051e-06	1.98929e-06	1.54455e-06	1.02592e-06	5.8572e-07	3.65427e-07	2.42189e-07	1.56829e-07	9.455e-08	5.78567e-08	3.34168e-08	1.80469e-08	7.67161e-09	1.62489e-09
1.18026e-05	5.3972e-06	3.71803e-06	2.66282e-06	2.06793e-06	1.60963e-06	1.07917e-06	6.19569e-07	3.95029e-07	2.63393e-07	1.71075e-07	1.09459e-07	6.68904e-08	4.41408e-08	2.58664e-08	1.49178e-08	6.27348e-09
1.24707e-05	5.65251e-06	3.88429e-06	2.77992e-06	2.16468e-06	1.67903e-06	1.12277e-06	6.47473e-07	4.11865e-07	2.7875e-07	1.84888e-07	1.14015e-07	7.02869e-08	4.2316e-08	2.52804e-08	1.22006e-08	1.15879e-09
1.29954e-05	5.89092e-06	4.02022e-06	2.8613e-06	2.21486e-06	1.71354e-06	1.1446e-06	6.62409e-07	4.22085e-07	2.83677e-07	1.84079e-07	1.14914e-07	6.89779e-08	4.10218e-08	2.21225e-08	1.11345e-08	1.35851e-09
1.33213e-05	6.03554e-06	4.07804e-06	2.8875e-06	2.22961e-06	1.72252e-06	1.15299e-06	6.73038e-07	4.26927e-07	2.85151e-07	1.85279e-07	1.13472e-07	6.54404e-08	3.95066e-08	2.04726e-08	7.41915e-09	6.26032e-10
1.34874e-05	6.06012e-06	4.04615e-06	2.85586e-06	2.19851e-06	1.70412e-06	1.1577e-06	6.74361e-07	4.27464e-07	2.91196e-07	1.96058e-07	1.183e-07	7.41476e-08	4.38732e-08	2.58791e-08	1.0269e-08	5.00799e-09
1.35097e-05	6.00167e-06	3.96497e-06	2.78224e-06	2.14564e-06	1.66433e-06	1.12564e-06	6.59043e-07	4.24541e-07	2.86531e-07	1.85044e-07	1.14487e-07	7.14495e-08	4.07864e-08	2.17652e-08	9.15097e-09	1.57178e-09
1.35563e-05	5.91673e-06	3.86783e-06	2.70785e-06	2.08738e-06	1.62314e-06	1.10305e-06	6.53586e-07	4.21595e-07	2.92772e-07	1.93508e-07	1.21683e-07	8.10022e-08	5.29891e-08	2.99046e-08	1.51854e-08	7.73924e-09
1.35237e-05	5.78576e-06	3.76073e-06	2.61708e-06	2.02135e-06	1.57109e-06	1.06749e-06	6.3223e-07	4.09902e-07	2.87996e-07	1.91265e-07	1.20268e-07	7.90287e-08	4.8339e-08	2.81189e-08	1.38663e-08	6.95314e-09
1.33185e-05	5.63186e-06	3.61919e-06	2.49965e-06	1.92225e-06	1.48796e-06	1.01546e-06	6.09399e-07	3.93079e-07	2.69427e-07	1.86563e-07	1.13342e-07	7.6338e-08	4.50089e-08	2.42561e-08	9.93686e-09	3.44993e-09
1.30056e-05	5.50324e-06	3.49527e-06	2.40182e-06	1.83941e-06	1.42449e-06	9.68188e-07	5.82754e-07	3.81917e-07	2.70269e-07	1.84105e-07	1.20401e-07	7.59065e-08	4.82642e-08	2.74425e-08	1.26822e-08	3.51691e-09
1.24756e-05	5.28373e-06	3.33399e-06	2.28004e-06	1.73632e-06	1.3428e-06	9.16969e-07	5.53778e-07	3.65042e-07	2.5774e-07	1.82475e-07	1.17427e-07	7.5385e-08	4.9222e-08	2.91869e-08	1.38408e-08	3.76992e-09
1.18822e-05	5.00437e-06	3.13958e-06	2.13552e-06	1.61864e-06	1.24539e-06	8.40997e-07	5.11616e-07	3.45433e-07	2.40542e-07	1.66649e-07	1.08448e-07	6.98034e-08	4.14557e-08	2.33255e-08	1.0284e-08	5.99456e-10
1.13176e-05	4.74654e-06	2.96213e-06	2.00544e-06	1.51292e-06	1.16039e-06	7.89591e-07	4.8195e-07	3.29555e-07	2.34814e-07	1.6192e-07	1.10287e-07	6.83647e-08	4.38269e-08	2.15271e-08	9.5247e-09	1.5053e-09
1.08768e-05	4.49486e-06	2.77562e-06	1.86618e-06	1.40911e-06	1.08651e-06	7.48555e-07	4.62526e-07	3.18333e-07	2.28625e-07	1.63176e-07	1.09131e-07	7.20166e-08	4.52668e-08	2.49381e-08	9.35177e-09	5.52847e-09
1.04002e-05	4.15218e-06	2.5432e-06	1.71737e-06	1.30912e-06	1.01257e-06	7.08512e-07	4.45464e-07	3.05075e-07	2.27308e-07	1.61436e-07	1.04995e-07	7.32383e-08	4.66365e-08	2.55362e-08	1.02837e-08	2.0381e-09
9.76401e-06	3.70466e-06	2.28601e-06	1.56208e-06	1.21402e-06	9.54174e-07	6.80348e-07	4.32846e-07	3.04119e-07	2.22711e-07	1.61205e-07	1.05294e-07	7.37884e-08	4.67589e-08	2.32862e-08	1.17896e-08	3.49026e-09
8.88801e-06	3.24565e-06	2.05634e-06	1.44057e-06	1.1395e-06	9.11838e-07	6.6235e-07	4.27251e-07	2.97432e-07	2.14611e-07	1.52173e-07	9.47699e-08	6.61684e-08	4.09107e-08	2.21272e-08	9.71145e-09	-5.86151e-10
8.1124e-06	2.8779e-06	1.89286e-06	1.36526e-06	1.10065e-06	8.91559e-07	6.50805e-07	4.16858e-07	2.92351e-07	2.14084e-07	1.48433e-07	9.85426e-08	6.81552e-08	4.12581e-08	2.37797e-08	1.03645e-08	4.02323e-09
7.38179e-06	2.63543e-06	1.78991e-06	1.31574e-06	1.06736e-06	8.67247e-07	6.35111e-07	4.04921e-07	2.83172e-07	2.05611e-07	1.46808e-07	9.71171e-08	6.78887e-08	4.40957e-08	2.68438e-08	1.72653e-08	5.86166e-09
6.84934e-06	2.47968e-06	1.72704e-06	1.27921e-06	1.03798e-06	8.34337e-07	6.08217e-07	3.9137e-07	2.73254e-07	1.98383e-07	1.41123e-07	9.52546e-08	6.452e-08	4.41368e-08	2.7404e-08	1.53207e-08	8.40638e-09
6.62251e-06	2.47706e-06	1.73383e-06	1.27006e-06	1.03047e-06	8.23586e-07	5.98958e-07	3.82297e-07	2.69657e-07	1.94546e-07	1.39525e-07	9.92646e-08	7.02486e-08	5.08913e-08	3.63833e-08	2.2568e-08	1.25496e-08
6.77507e-06	2.59805e-06	1.76605e-06	1.28055e-06	1.01684e-06	8.08766e-07	5.74927e-07	3.60005e-07	2.52345e-07	1.84373e-07	1.31761e-07	8.8276e-08	6.14975e-08	3.98082e-08	2.5846e-08	1.36957e-08	4.7562e-09
7.15069e-06	2.75438e-06	1.81132e-06	1.28054e-06	1.00242e-06	7.91873e-07	5.60538e-07	3.45324e-07	2.36837e-07	1.69411e-07	1.24554e-07	8.28137e-08	5.26246e-08	3.40261e-08	1.93978e-08	9.7522e-09	3.73035e-10
7.31056e-06	2.777e-06	1.80569e-06	1.26511e-06	9.9182e-07	7.77357e-07	5.49679e-07	3.40066e-07	2.30663e-07	1.68061e-07	1.26016e-07	7.87482e-08	5.9724e-08	3.85148e-08	2.31409e-08	1.23098e-08	3.13075e-09
7.21092e-06	2.61373e-06	1.72973e-06	1.22026e-06	9.64014e-07	7.56322e-07	5.37704e-07	3.4035e-07	2.3222e-07	1.70721e-07	1.23171e-07	8.53873e-08	5.86213e-08	4.1328e-08	2.64329e-08	1.4269e-08	7.62077e-09
6.96844e-06	2.49305e-06	1.68752e-06	1.20681e-06	9.61097e-07	7.58267e-07	5.38397e-07	3.40816e-07	2.38189e-07	1.76037e-07	1.23425e-07	8.53207e-08	5.86746e-08	4.34198e-08	2.65928e-08	1.4269e-08	7.44757e-09
6.77992e-06	2.46217e-06	1.66974e-06	1.19492e-06	9.60949e-07	7.66268e-07	5.49323e-07	3.46595e-07	2.39035e-07	1.75349e-07	1.27531e-07	8.4417e-08	5.78102e-08	3.93573e-08	2.46483e-08	1.30969e-08	4.14357e-09
6.52982e-06	2.41582e-06	1.63396e-06	1.17186e-06	9.35846e-07	7.45357e-07	5.32843e-07	3.40009e-07	2.35391e-07	1.62696e-07	1.22698e-07	7.95827e-08	5.33349e-08	3.4242e-08	1.88398e-08	7.02161e-09	1.33237e-10
6.23019e-06	2.30114e-06	1.57601e-06	1.13189e-06	9.06457e-07	7.21821e-07	5.178e-07	3.33378e-07	2.30295e-07	1.62106e-07	1.16526e-07	8.12194e-08	4.92033e-08	3.10701e-08	1.6108e-08	6.07546e-09	-1.69207e-09
5.71583e-06	2.17719e-06	1.498e-06	1.08466e-06	8.6988e-07	6.96645e-07	4.97762e-07	3.20689e-07	2.22573e-07	1.59032e-07	1.13278e-07	7.97293e-08	4.89381e-08	3.01916e-08	1.40166e-08	7.72777e-09	-2.61145e-09
5.36286e-06	2.07513e-06	1.43317e-06	1.03864e-06	8.32063e-07	6.65792e-07	4.72486e-07	3.04629e-07	2.12812e-07	1.51442e-07	1.07965e-07	7.82258e-08	4.67143e-08	3.27906e-08	1.82407e-08	1.20716e-08	3.46426e-09
4.94221e-06	1.9743e-06	1.34283e-06	9.84358e-07	7.90444e-07	6.35196e-07	4.44986e-07	2.83636e-07	1.9975e-07	1.48173e-07	9.9968e-08	7.08157e-08	4.25427e-08	2.84995e-08	1.56687e-08	1.09255e-08	6.20886e-09
4.57147e-06	1.84644e-06	1.24188e-06	9.09852e-07	7.27356e-07	5.87377e-07	4.20271e-07	2.73123e-07	1.87705e-07	1.32571e-07	9.36259e-08	6.51664e-08	4.09439e-08	2.66075e-08	1.23911e-08	1.04192e-08	3.704e-09
4.36623e-06	1.74122e-06	1.1539e-06	8.52177e-07	6.84489e-07	5.56864e-07	3.94439e-07	2.54317e-07	1.74257e-07	1.2901e-07	8.99195e-08	6.18338e-08	3.86645e-08	2.67933e-08	1.45891e-08	8.16724e-09	3.9304e-09
4.16206e-06	1.61759e-06	1.06236e-06	7.81258e-07	6.26552e-07	5.12978e-07	3.64561e-07	2.32559e-07	1.59503e-07	1.20037e-07	8.22896e-08	5.43357e-08	3.8973e-08	2.19315e-08	1.10324e-08	6.90188e-09	2.35836e-09
3.95482e-06	1.47254e-06	9.71461e-07	7.16225e-07	5.77609e-07	4.73273e-07	3.35962e-07	2.21901e-07	1.52846e-07	1.1157e-07	7.60899e-08	5.18946e-08	2.92448e-08	2.23033e-08	8.50032e-09	4.75645e-09	3.89043e-09
3.81879e-06	1.34437e-06	8.99078e-07	6.62901e-07	5.42194e-07	4.45722e-07	3.21138e-07	2.1181e-07	1.47113e-07	1.0753e-07	7.39961e-08	5.25594e-08	3.0976e-08	2.39815e-08	1.13912e-08	1.19907e-08	7.43425e-09
3.7309e-06	1.2652e-06	8.38489e-07	6.15055e-07	5.006e-07	4.0858e-07	2.9218e-07	1.95124e-07	1.34133e-07	9.27791e-08	6.89582e-08	4.47509e-08	2.51665e-08	1.25766e-08	3.33067e-09	2.89102e-09	-4.66294e-10
3.66165e-06	1.21031e-06	8.00469e-07	5.87281e-07	4.77723e-07	3.89136e-07	2.82696e-07	1.88033e-07	1.24414e-07	9.39565e-08	6.72032e-08	4.27681e-08	2.73129e-08	1.61213e-08	7.67427e-09	5.99552e-09	2.9045e-09
3.52509e-06	1.14823e-06	7.6313e-07	5.6451e-07	4.571e-07	3.71886e-07	2.73922e-07	1.74625e-07	1.18801e-07	8.71992e-08	6.44701e-08	4.09816e-08	2.6686e-08	1.68936e-08	1.1178e-08	5.0894e-09	5.80884e-09
3.43535e-06	1.09459e-06	7.32674e-07	5.4451e-07	4.42727e-07	3.57997e-07	2.6602e-07	1.6926e-07	1.21473e-07	8.97658e-08	6.39738e-08	4.6828e-08	2.74839e-08	1.94639e-08	1.27095e-08	7.91346e-09	5.80853e-09
3.39606e-06	1.07445e-06	7.27027e-07	5.4203e-07	4.3944e-07	3.58231e-07	2.5792e-07	1.72368e-07	1.25703e-07	9.17326e-08	6.29446e-08	4.82376e-08	2.61636e-08	2.10615e-08	1.22426e-08	8.69901e-09	1.53199e-09
3.38093e-06	1.11481e-06	7.53524e-07	5.59241e-07	4.49285e-07	3.62548e-07	2.59891e-07	1.73061e-07	1.22266e-07	8.58311e-08	6.24784e-08	4.4321e-08	2.71628e-08	2.15144e-08	1.40943e-08	8.68569e-09	2.30464e-09
3.46661e-06	1.19209e-06	7.94463e-07	5.81732e-07	4.65868e-07	3.7557e-07	2.72508e-07	1.75029e-07	1.18062e-07	8.59956e-08	6.64784e-08	4.21918e-08	2.87762e-08	1.64797e-08	1.38819e-08	6.80771e-09	9.85852e-10
3.54437e-06	1.2858e-06	8.54248e-07	6.20894e-07	4.86185e-07	3.87646e-07	2.82245e-07	1.75059e-07	1.22452e-07	8.50452e-08	6.40769e-08	3.91922e-08	2.79221e-08	1.5573e-08	1.09637e-08	8.20611e-09	2.91743e-09
3.66033e-06	1.41423e-06	9.26836e-07	6.77862e-07	5.27616e-07	4.20481e-07	3.01556e-07	1.85135e-07	1.25107e-07	9.33603e-08	7.0753e-08	4.47352e-08	3.05339e-08	2.05958e-08	1.52936e-08	1.07775e-08	7.39369e-09
3.93323e-06	1.53774e-06	1.00381e-06	7.27446e-07	5.59869e-07	4.47551e-07	3.23617e-07	1.953e-07	1.31448e-07	9.71971e-08	6.79154e-08	4.99307e-08	3.09203e-08	1.90771e-08	1.3322e-08	3.2772e-09	-1.27891e-09
4.34904e-06	1.68308e-06	1.09435e-06	7.84344e-07	6.06682e-07	4.76473e-07	3.43667e-07	2.07623e-07	1.40747e-07	1.00168e-07	7.51492e-08	4.4522e-08	3.41975e-08	1.93701e-08	1.24027e-08	1.0178e-08	6.23468e-09
4.77661e-06	1.82867e-06	1.17161e-06	8.2812e-07	6.38364e-07	5.01479e-07	3.5403e-07	2.16012e-07	1.44918e-07	1.00626e-07	7.22526e-08	4.52777e-08	3.11842e-08	2.02211e-08	1.30545e-08	8.2856e-09	2.94392e-09
5.14213e-06	1.93029e-06	1.23443e-06	8.69675e-07	6.70477e-07	5.28562e-07	3.71566e-07	2.24096e-07	1.42608e-07	1.00858e-07	7.44811e-08	4.00048e-08	2.67498e-08	1.26555e-08	6.76738e-09	1.74513e-09	-2.13146e-09
5.35023e-06	2.01308e-06	1.302e-06	9.15021e-07	7.05965e-07	5.51182e-07	3.89817e-07	2.38177e-07	1.51054e-07	1.06453e-07	7.65593e-08	4.06442e-08	2.80686e-08	1.44673e-08	9.36509e-09	8.55247e-09	3.21051e-09
5.4864e-06	2.11497e-06	1.39206e-06	9.92913e-07	7.67779e-07	6.00623e-07	4.26274e-07	2.55003e-07	1.72511e-07	1.23418e-07	8.55959e-08	5.41286e-08	3.73025e-08	2.40335e-08	1.86646e-08	1.43082e-08	5.86182e-09
5.53827e-06	2.15104e-06	1.44013e-06	1.03978e-06	8.0907e-07	6.35738e-07	4.57903e-07	2.71368e-07	1.79007e-07	1.25759e-07	9.04162e-08	5.39007e-08	4.16978e-08	2.38064e-08	1.74385e-08	1.07908e-08	3.90334e-09
5.33656e-06	2.12422e-06	1.45077e-06	1.0604e-06	8.34057e-07	6.58682e-07	4.73182e-07	2.83739e-07	1.84661e-07	1.29413e-07	9.47483e-08	5.19304e-08	4.45498e-08	2.5752e-08	1.92907e-08	1.28427e-08	9.59207e-09
5.11907e-06	2.13536e-06	1.46576e-06	1.08401e-06	8.50781e-07	6.76423e-07	4.77899e-07	2.89606e-07	1.91943e-07	1.27411e-07	8.87509e-08	5.073e-08	3.53032e-08	2.23942e-08	1.6426e-08	1.04045e-08	3.87669e-09
5.20275e-06	2.22212e-06	1.51214e-06	1.12164e-06	8.79649e-07	7.01228e-07	4.98801e-07	3.00237e-07	1.99057e-07	1.37416e-07	1.0202e-07	5.87898e-08	4.71731e-08	3.08137e-08	2.50719e-08	1.64526e-08	1.15235e-08
5.32787e-06	2.27331e-06	1.54889e-06	1.14398e-06	8.99587e-07	7.16454e-07	5.07367e-07	3.05569e-07	2.0417e-07	1.34972e-07	9.62963e-08	6.13776e-08	4.33786e-08	2.58327e-08	2.30482e-08	1.28963e-08	4.13003e-09
5.37656e-06	2.28476e-06	1.57193e-06	1.16131e-06	9.05825e-07	7.16887e-07	5.07847e-07	3.07413e-07	2.0186e-07	1.33663e-07	1.0141e-07	5.8072e-08	3.96739e-08	2.55122e-08	2.14889e-08	1.07644e-08	1.46546e-09
5.50925e-06	2.27433e-06	1.57224e-06	1.15342e-06	9.02078e-07	7.13043e-07	5.1295e-07	3.05222e-07	1.93792e-07	1.32734e-07	9.82414e-08	5.07994e-08	4.36584e-08	2.19957e-08	1.71596e-08	8.69971e-09	4.30322e-09
5.67882e-06	2.30402e-06	1.57589e-06	1.13906e-06	8.86082e-07	7.00989e-07	5.03051e-07	2.99451e-07	1.94873e-07	1.35902e-07	9.89021e-08	5.60397e-08	4.80721e-08	2.44624e-08	2.23439e-08	1.22978e-08	7.75442e-09
5.79722e-06	2.33316e-06	1.56363e-06	1.12538e-06	8.70047e-07	6.86189e-07	4.84399e-07	2.87991e-07	1.91918e-07	1.39052e-07	9.53929e-08	5.76754e-08	4.38461e-08	2.74721e-08	2.18364e-08	1.04453e-08	3.93029e-09
6.08085e-06	2.39609e-06	1.56025e-06	1.10488e-06	8.53625e-07	6.68305e-07	4.67983e-07	2.8309e-07	1.87025e-07	1.26549e-07	9.05481e-08	5.43609e-08	3.70533e-08	2.23039e-08	1.53756e-08	6.74181e-09	1.31905e-09
6.44402e-06	2.42422e-06	1.54473e-06	1.07042e-06	8.31845e-07	6.49674e-07	4.50113e-07	2.69474e-07	1.75456e-07	1.22718e-07	8.40906e-08	4.57162e-08	3.00067e-08	1.42438e-08	5.38308e-09	-1.82545e-09	-2.77149e-09
6.80822e-06	2.39075e-06	1.5141e-06	1.03985e-06	8.11083e-07	6.3016e-07	4.3574e-07	2.62091e-07	1.72862e-07	1.2499e-07	8.28737e-08	4.52741e-08	2.89525e-08	1.38967e-08	7.98092e-09	-2.71804e-09	-4.06374e-09
7.33464e-06	2.28101e-06	1.45535e-06	9.86183e-07	7.79973e-07	6.03291e-07	4.21546e-07	2.56722e-07	1.71006e-07	1.20839e-07	8.05063e-08	4.79813e-08	2.87009e-08	1.40173e-08	9.30047e-09	4.7968e-09	-1.59893e-09
7.94145e-06	2.09342e-06	1.37717e-06	9.12842e-07	7.37408e-07	5.64359e-07	4.02009e-07	2.43084e-07	1.63602e-07	1.16952e-07	7.49787e-08	4.52777e-08	2.71293e-08	1.36713e-08	4.73031e-09	-3.99744e-10	-3.53107e-09
8.31014e-06	1.92579e-06	1.30096e-06	8.48679e-07	7.0638e-07	5.40202e-07	3.88348e-07	2.38534e-07	1.60035e-07	1.09626e-07	7.08366e-08	4.26005e-08	2.68768e-08	1.05535e-08	4.74376e-09	1.38582e-09	-1.73227e-10
8.30146e-06	1.74567e-06	1.20932e-06	7.85604e-07	6.69745e-07	5.12272e-07	3.71229e-07	2.2467e-07	1.46799e-07	1.02068e-07	6.86227e-08	4.20664e-08	1.94142e-08	8.58117e-09	1.38578e-09	-3.10468e-09	-1.95875e-09
7.70294e-06	1.60161e-06	1.1389e-06	7.5551e-07	6.46545e-07	4.98627e-07	3.65862e-07	2.28112e-07	1.55153e-07	1.10445e-07	7.90091e-08	4.89193e-08	2.59455e-08	1.6644e-08	7.28925e-09	-9.32811e-10	-2.6252e-09
6.93288e-06	1.51011e-06	1.09147e-06	7.3744e-07	6.29181e-07	4.88726e-07	3.60092e-07	2.27846e-07	1.4933e-07	1.09459e-07	8.05282e-08	4.25229e-08	3.34479e-08	2.57056e-08	1.18867e-08	6.51635e-09	1.26596e-09
6.29647e-06	1.54051e-06	1.09034e-06	7.48827e-07	6.18683e-07	4.83529e-07	3.50786e-07	2.23694e-07	1.49707e-07	1.04624e-07	7.24813e-08	5.05997e-08	3.04638e-08	2.28545e-08	1.24067e-08	6.25e-09	4.9307e-10
5.84442e-06	1.60037e-06	1.10897e-06	7.69916e-07	6.24837e-07	4.8818e-07	3.5091e-07	2.17758e-07	1.51662e-07	1.04608e-07	7.2546e-08	4.59876e-08	2.88905e-08	1.79633e-08	1.08739e-08	3.54468e-09	5.19709e-10
5.45819e-06	1.61919e-06	1.10704e-06	7.79245e-07	6.2587e-07	4.87366e-07	3.56779e-07	2.15904e-07	1.46233e-07	1.07359e-07	7.87734e-08	4.77225e-08	3.60084e-08	2.06962e-08	1.68715e-08	8.0226e-09	3.53154e-09
5.2536e-06	1.61574e-06	1.10397e-06	7.76026e-07	6.15645e-07	4.75e-07	3.41125e-07	2.11567e-07	1.50386e-07	1.03385e-07	7.33342e-08	4.73481e-08	3.08769e-08	1.93097e-08	1.38326e-08	6.22335e-09	-2.42537e-09
5.1789e-06	1.57936e-06	1.05598e-06	7.37893e-07	5.87902e-07	4.58474e-07	3.24929e-07	2.0367e-07	1.37051e-07	9.84568e-08	6.74325e-08	4.45508e-08	2.73195e-08	1.5832e-08	8.70226e-09	4.71761e-09	3.06511e-10
5.00317e-06	1.48597e-06	9.7929e-07	6.82273e-07	5.47937e-07	4.32672e-07	3.07253e-07	1.92614e-07	1.30617e-07	9.53942e-08	6.25566e-08	4.49518e-08	2.64939e-08	1.63788e-08	1.09148e-08	6.45024e-09	2.45216e-09
4.64483e-06	1.3588e-06	8.90965e-07	6.25666e-07	5.03451e-07	4.02039e-07	2.88353e-07	1.78545e-07	1.21788e-07	9.01919e-08	6.19403e-08	4.0565e-08	2.59595e-08	1.6218e-08	1.04611e-08	2.82516e-09	-1.39925e-09
4.39779e-06	1.27204e-06	8.18977e-07	5.73148e-07	4.61127e-07	3.66858e-07	2.61314e-07	1.73148e-07	1.23014e-07	8.72335e-08	6.24467e-08	4.65352e-08	2.56663e-08	1.78305e-08	1.12074e-08	6.62313e-09	1.75906e-09
4.31119e-06	1.2546e-06	7.8838e-07	5.48521e-07	4.33609e-07	3.45642e-07	2.46655e-07	1.62353e-07	1.14366e-07	8.76333e-08	6.0008e-08	4.47228e-08	2.30011e-08	1.46855e-08	8.30224e-09	3.83795e-09	-3.99787e-10
4.13038e-06	1.20006e-06	7.50886e-07	5.19482e-07	4.09357e-07	3.26684e-07	2.34682e-07	1.53248e-07	1.0638e-07	7.65305e-08	5.68615e-08	3.89515e-08	1.98289e-08	1.24064e-08	8.92833e-09	5.87671e-09	5.19709e-10
3.84546e-06	1.08648e-06	6.91668e-07	4.83714e-07	3.80351e-07	3.02708e-07	2.18655e-07	1.43678e-07	1.05456e-07	7.27784e-08	5.1322e-08	4.12202e-08	2.06034e-08	1.5246e-08	9.54209e-09	8.30268e-09	4.57114e-09
3.66001e-06	9.36447e-07	6.20656e-07	4.34755e-07	3.48694e-07	2.74334e-07	1.98854e-07	1.28398e-07	9.54424e-08	7.24014e-08	4.77612e-08	3.41418e-08	2.18284e-08	1.34595e-08	6.88966e-09	5.42377e-09	1.86567e-10
3.47977e-06	7.81417e-07	5.50881e-07	3.89256e-07	3.17506e-07	2.48394e-07	1.86492e-07	1.21312e-07	8.91948e-08	6.81921e-08	5.1414e-08	3.32631e-08	2.60002e-08	1.68048e-08	1.21272e-08	6.72992e-09	1.71913e-09
3.43232e-06	6.50955e-07	4.96589e-07	3.50937e-07	2.88252e-07	2.30498e-07	1.86482e-07	1.20426e-07	8.4486e-08	6.47104e-08	5.55556e-08	3.07161e-08	2.90904e-08	1.93225e-08	1.4805e-08	7.55577e-09	2.34535e-09
3.47487e-06	6.14582e-07	4.77851e-07	3.36963e-07	2.88014e-07	2.28098e-07	1.82934e-07	1.19806e-07	8.35443e-08	6.3208e-08	5.23202e-08	3.27701e-08	2.74528e-08	1.9017e-08	1.44593e-08	7.15637e-09	2.5587e-09
3.57988e-06	6.40068e-07	4.92391e-07	3.45646e-07	2.96461e-07	2.32417e-07	1.83977e-07	1.24051e-07	8.64449e-08	6.543e-08	5.20109e-08	3.46073e-08	2.51726e-08	1.89094e-08	1.60977e-08	7.24927e-09	2.06551e-09
3.6713e-06	6.9649e-07	5.09808e-07	3.54322e-07	3.02897e-07	2.40265e-07	1.87628e-07	1.2485e-07	9.39607e-08	7.03739e-08	5.1118e-08	3.7499e-08	2.8051e-08	1.8483e-08	1.57778e-08	9.14155e-09	6.4364e-09
3.7024e-06	7.31223e-07	5.28465e-07	3.68603e-07	3.10554e-07	2.43923e-07	1.87233e-07	1.21469e-07	9.23507e-08	6.65245e-08	4.72948e-08	3.86194e-08	2.13486e-08	1.53785e-08	1.03811e-08	5.31716e-09	5.61034e-09
3.63003e-06	7.60681e-07	5.38221e-07	3.76729e-07	3.18705e-07	2.5719e-07	1.983e-07	1.26149e-07	8.91015e-08	7.58416e-08	5.37461e-08	3.53288e-08	2.47475e-08	1.34465e-08	1.00216e-08	4.37112e-09	2.90519e-09
3.45592e-06	7.55624e-07	5.47828e-07	3.89246e-07	3.28825e-07	2.67457e-07	2.01772e-07	1.27265e-07	9.79344e-08	7.97042e-08	5.66764e-08	3.4355e-08	3.01572e-08	1.59648e-08	1.32196e-08	9.38166e-09	1.97228e-09
3.31636e-06	7.22801e-07	5.43843e-07	3.92697e-07	3.34142e-07	2.67111e-07	2.09741e-07	1.41684e-07	1.02319e-07	7.90645e-08	6.20869e-08	3.80864e-08	3.15032e-08	1.96029e-08	1.63513e-08	1.01946e-08	3.02505e-09
3.2701e-06	6.94768e-07	5.35595e-07	3.92188e-07	3.36123e-07	2.7622e-07	2.11759e-07	1.39636e-07	9.80303e-08	7.26432e-08	5.88235e-08	3.55553e-08	2.25219e-08	1.43394e-08	7.59615e-09	3.05179e-09	-2.27885e-09
3.32225e-06	6.9771e-07	5.51137e-07	4.00685e-07	3.47123e-07	2.83738e-07	2.16195e-07	1.47653e-07	1.04659e-07	7.82712e-08	5.97462e-08	3.86491e-08	2.8014e-08	2.00442e-08	1.45401e-08	8.75603e-09	6.71695e-09
3.40734e-06	7.11392e-07	5.65702e-07	4.14614e-07	3.62439e-07	2.94392e-07	2.26811e-07	1.48862e-07	9.9952e-08	8.64918e-08	5.80788e-08	3.6849e-08	2.79199e-08	2.04568e-08	1.22075e-08	1.10214e-08	3.15848e-09
3.4812e-06	7.45855e-07	5.94261e-07	4.47865e-07	3.75393e-07	3.0612e-07	2.37872e-07	1.53886e-07	1.17903e-07	9.01434e-08	6.29165e-08	4.2966e-08	3.61826e-08	2.08033e-08	1.50461e-08	8.20939e-09	-6.79674e-10
3.61533e-06	8.02535e-07	6.20662e-07	4.54515e-07	3.86228e-07	3.16501e-07	2.43017e-07	1.55605e-07	1.10414e-07	8.61986e-08	5.89317e-08	4.21931e-08	2.65206e-08	1.72051e-08	1.07548e-08	4.74439e-09	9.46212e-10
3.87234e-06	8.99555e-07	6.72864e-07	4.81822e-07	4.06618e-07	3.26776e-07	2.43616e-07	1.55139e-07	1.10041e-07	8.39997e-08	5.80655e-08	3.85148e-08	2.43483e-08	1.70185e-08	9.47545e-09	2.53212e-09	7.86289e-10
4.16279e-06	1.01802e-06	7.18972e-07	5.09503e-07	4.24881e-07	3.38767e-07	2.43309e-07	1.58741e-07	1.11238e-07	8.15562e-08	5.82316e-08	3.75993e-08	2.05523e-08	1.16623e-08	5.89113e-09	1.47945e-09	4.93149e-10
4.32396e-06	1.1118e-06	7.59436e-07	5.31255e-07	4.37877e-07	3.46631e-07	2.50853e-07	1.63032e-07	1.15663e-07	7.95836e-08	5.84715e-08	4.06781e-08	2.56837e-08	1.47678e-08	1.07693e-08	6.65085e-09	6.0644e-09
4.3686e-06	1.13348e-06	7.7593e-07	5.48407e-07	4.48207e-07	3.56644e-07	2.60842e-07	1.67666e-07	1.12941e-07	8.79648e-08	6.05624e-08	3.8398e-08	2.7549e-08	1.26883e-08	6.95722e-09	2.55898e-09	-1.30614e-09
4.38739e-06	1.10118e-06	7.66068e-07	5.45278e-07	4.45885e-07	3.5641e-07	2.62003e-07	1.66529e-07	1.19612e-07	8.99821e-08	6.22184e-08	4.19455e-08	2.98563e-08	1.90334e-08	1.12228e-08	5.39813e-09	1.46616e-10
4.36823e-06	1.09718e-06	7.61723e-07	5.42612e-07	4.41967e-07	3.49492e-07	2.58417e-07	1.62637e-07	1.20065e-07	8.44774e-08	5.83798e-08	4.37848e-08	2.52179e-08	1.58745e-08	1.36886e-08	1.1516e-08	6.29115e-09
4.29834e-06	1.12972e-06	7.6698e-07	5.51181e-07	4.47886e-07	3.60839e-07	2.6686e-07	1.69643e-07	1.17983e-07	8.81671e-08	6.5069e-08	4.16644e-08	2.77896e-08	1.74601e-08	1.17023e-08	6.9574e-09	1.77267e-09
4.19727e-06	1.16509e-06	7.80803e-07	5.66899e-07	4.5816e-07	3.70708e-07	2.73766e-07	1.70772e-07	1.16923e-07	8.91448e-08	6.30332e-08	4.25197e-08	2.78311e-08	1.62348e-08	8.15739e-09	7.46428e-10	-3.55886e-09
3.98904e-06	1.1729e-06	7.85802e-07	5.75096e-07	4.57174e-07	3.7516e-07	2.75219e-07	1.75144e-07	1.20735e-07	9.08643e-08	6.52458e-08	3.93074e-08	3.02037e-08	1.5715e-08	1.09698e-08	2.49254e-09	-2.43922e-09
3.85044e-06	1.14892e-06	7.82295e-07	5.78277e-07	4.58495e-07	3.72341e-07	2.71165e-07	1.65072e-07	1.12198e-07	8.30623e-08	5.69254e-08	2.96823e-08	2.04324e-08	7.77043e-09	2.05257e-09	-2.37245e-09	-2.66567e-09
3.77145e-06	1.17849e-06	8.01221e-07	5.85608e-07	4.6536e-07	3.79405e-07	2.72472e-07	1.71083e-07	1.17449e-07	8.67676e-08	5.98043e-08	4.45834e-08	2.44975e-08	1.63006e-08	1.03161e-08	8.41019e-09	3.65197e-09
3.77729e-06	1.19649e-06	8.12088e-07	5.93749e-07	4.73397e-07	3.83553e-07	2.75183e-07	1.77529e-07	1.19419e-07	8.66054e-08	6.05758e-08	4.4169e-08	2.26576e-08	1.72198e-08	1.09956e-08	7.43703e-09	4.77142e-09
3.77828e-06	1.21574e-06	8.1673e-07	5.93807e-07	4.7041e-07	3.82161e-07	2.75465e-07	1.73766e-07	1.18092e-07	8.79029e-08	5.8553e-08	3.44814e-08	2.47381e-08	1.05963e-08	3.41215e-09	-2.26588e-10	-3.13225e-09
3.79631e-06	1.21965e-06	8.15126e-07	5.97396e-07	4.73035e-07	3.83571e-07	2.72433e-07	1.70959e-07	1.22934e-07	8.93847e-08	5.74216e-08	4.13334e-08	2.72313e-08	1.59416e-08	9.63692e-09	3.90542e-09	-2.53252e-10
3.81221e-06	1.20104e-06	8.02023e-07	5.87799e-07	4.64691e-07	3.73827e-07	2.66861e-07	1.70599e-07	1.27039e-07	9.09042e-08	6.37663e-08	4.33994e-08	2.65115e-08	2.26861e-08	1.73544e-08	8.61058e-09	2.33259e-09
3.87004e-06	1.19635e-06	7.88308e-07	5.70044e-07	4.48417e-07	3.61178e-07	2.59144e-07	1.6524e-07	1.18842e-07	7.96945e-08	5.93677e-08	4.04804e-08	2.33792e-08	1.63548e-08	1.32491e-08	5.21167e-09	3.98539e-09
3.94631e-06	1.21658e-06	7.94794e-07	5.72432e-07	4.47575e-07	3.55469e-07	2.56138e-07	1.57967e-07	1.127e-07	7.68974e-08	6.20751e-08	4.29474e-08	2.74453e-08	1.9421e-08	1.4649e-08	6.14486e-09	-2.13271e-10
4.03327e-06	1.24897e-06	8.0683e-07	5.73658e-07	4.4407e-07	3.48178e-07	2.47554e-07	1.55901e-07	1.09808e-07	8.03231e-08	5.83962e-08	3.58561e-08	2.90448e-08	1.63952e-08	1.47957e-08	8.77076e-09	2.33265e-09
4.11054e-06	1.26412e-06	8.1305e-07	5.71741e-07	4.40376e-07	3.47001e-07	2.47974e-07	1.53679e-07	1.04039e-07	7.89523e-08	5.92375e-08	3.76566e-08	3.03652e-08	1.85551e-08	1.39696e-08	1.08771e-08	2.31938e-09
4.15602e-06	1.2732e-06	8.12453e-07	5.6152e-07	4.32108e-07	3.41447e-07	2.39975e-07	1.48302e-07	1.00845e-07	7.17447e-08	5.38952e-08	3.70988e-08	2.18087e-08	1.16242e-08	1.00379e-08	5.66546e-09	1.18641e-09
4.19071e-06	1.29279e-06	8.24593e-07	5.70235e-07	4.3827e-07	3.42642e-07	2.39683e-07	1.45841e-07	1.002e-07	7.04479e-08	5.21061e-08	3.44975e-08	1.98081e-08	1.36764e-08	9.02426e-09	3.83898e-09	1.83951e-09
4.28914e-06	1.32548e-06	8.29303e-07	5.67626e-07	4.34801e-07	3.37821e-07	2.34523e-07	1.45489e-07	1.01192e-07	7.03183e-08	4.76565e-08	3.56857e-08	1.53034e-08	1.17175e-08	7.18513e-09	5.51882e-09	2.19953e-09
4.47543e-06	1.34503e-06	8.29232e-07	5.66054e-07	4.38478e-07	3.46975e-07	2.46141e-07	1.5929e-07	1.04554e-07	7.84654e-08	6.19351e-08	4.11923e-08	2.47287e-08	1.54638e-08	1.19844e-08	8.82502e-09	1.86632e-09
4.49271e-06	1.32408e-06	8.08667e-07	5.49696e-07	4.30135e-07	3.38528e-07	2.40415e-07	1.53394e-07	1.00592e-07	7.19047e-08	5.74677e-08	3.37261e-08	2.26352e-08	1.15709e-08	7.75834e-09	4.91895e-09	-8.53151e-10
4.62188e-06	1.37364e-06	8.15221e-07	5.43818e-07	4.21828e-07	3.34018e-07	2.3201e-07	1.47199e-07	9.93281e-08	7.10267e-08	4.70712e-08	3.28072e-08	1.63969e-08	8.69171e-09	5.9189e-09	3.82595e-09	7.8652e-10
4.7756e-06	1.47947e-06	8.50996e-07	5.71729e-07	4.34802e-07	3.37679e-07	2.41062e-07	1.49524e-07	9.8563e-08	7.4982e-08	5.06945e-08	2.84198e-08	2.2368e-08	1.01042e-08	5.8386e-09	4.26564e-09	1.22637e-09
4.60396e-06	1.46314e-06	8.58697e-07	5.77277e-07	4.31655e-07	3.37381e-07	2.43815e-07	1.46489e-07	9.90322e-08	7.01317e-08	5.13357e-08	3.00869e-08	2.10089e-08	9.73126e-09	8.89144e-09	2.6661e-09	2.38616e-09
4.34448e-06	1.38128e-06	8.36159e-07	5.70996e-07	4.2995e-07	3.39385e-07	2.42022e-07	1.50964e-07	1.00029e-07	7.01565e-08	5.27473e-08	2.95262e-08	2.13549e-08	9.65102e-09	1.04642e-08	5.55867e-09	2.58605e-09
4.20375e-06	1.2902e-06	7.97129e-07	5.44829e-07	4.1778e-07	3.3468e-07	2.3781e-07	1.48324e-07	9.52438e-08	6.16785e-08	5.02813e-08	2.80866e-08	1.93687e-08	8.19803e-09	1.01309e-08	2.53273e-09	-9.8643e-10
4.09832e-06	1.207e-06	7.7788e-07	5.38084e-07	4.23432e-07	3.36013e-07	2.38356e-07	1.47458e-07	9.70434e-08	6.61175e-08	5.14676e-08	3.18457e-08	1.73692e-08	9.78432e-09	1.00509e-08	2.17281e-09	-1.46631e-10
4.00861e-06	1.16544e-06	7.57972e-07	5.35326e-07	4.19137e-07	3.31209e-07	2.3335e-07	1.45409e-07	9.8579e-08	6.71457e-08	4.45905e-08	3.23398e-08	1.24507e-08	1.12909e-08	1.0771e-08	5.66546e-09	1.19974e-09
3.9324e-06	1.14748e-06	7.59118e-07	5.38952e-07	4.17511e-07	3.31756e-07	2.33204e-07	1.4157e-07	9.44199e-08	6.244e-08	4.35907e-08	2.81407e-08	1.43169e-08	1.20508e-08	8.47819e-09	2.70609e-09	-2.15954e-09
3.93906e-06	1.15184e-06	7.74983e-07	5.51392e-07	4.29238e-07	3.38706e-07	2.41188e-07	1.43377e-07	9.62113e-08	6.77225e-08	4.74724e-08	3.15416e-08	2.01035e-08	1.51442e-08	1.13715e-08	4.79923e-09	-1.73306e-10
3.9667e-06	1.151e-06	7.79161e-07	5.51644e-07	4.35439e-07	3.41083e-07	2.41835e-07	1.4196e-07	9.61021e-08	6.31082e-08	4.47916e-08	2.75549e-08	1.40107e-08	9.4649e-09	8.43842e-09	5.58562e-09	7.99851e-10
4.00619e-06	1.15248e-06	7.87373e-07	5.60682e-07	4.35825e-07	3.35711e-07	2.34063e-07	1.4148e-07	9.8115e-08	5.92423e-08	4.16856e-08	3.03143e-08	1.20644e-08	1.12112e-08	5.65228e-09	5.54563e-09	-2.09294e-09
4.03879e-06	1.13333e-06	7.6925e-07	5.50845e-07	4.24639e-07	3.27201e-07	2.26604e-07	1.32099e-07	8.58529e-08	6.10969e-08	3.88071e-08	2.48094e-08	1.6704e-08	9.21186e-09	9.3585e-09	7.65211e-09	4.73258e-09
4.14382e-06	1.12621e-06	7.58139e-07	5.33462e-07	4.10399e-07	3.08519e-07	2.20117e-07	1.2641e-07	8.26823e-08	5.7459e-08	4.33409e-08	2.66764e-08	2.14105e-08	1.67711e-08	1.54513e-08	9.7587e-09	6.77243e-09
4.34047e-06	1.08769e-06	7.19956e-07	4.89454e-07	3.7825e-07	2.87924e-07	2.00184e-07	1.15884e-07	7.31941e-08	4.89694e-08	3.97968e-08	2.64379e-08	1.79852e-08	1.25057e-08	1.07725e-08	7.4794e-09	5.66621e-09
4.53742e-06	1.00688e-06	6.62494e-07	4.33179e-07	3.40999e-07	2.57406e-07	1.78906e-07	9.81655e-08	6.47682e-08	4.44764e-08	3.3424e-08	2.21182e-08	1.10924e-08	7.87937e-09	6.6128e-09	5.21292e-09	2.46647e-09
4.75719e-06	8.64181e-07	5.85422e-07	3.72567e-07	3.06677e-07	2.29401e-07	1.64938e-07	9.06885e-08	5.86635e-08	4.47043e-08	3.12117e-08	2.06656e-08	1.30793e-08	9.75948e-09	4.79974e-09	5.01307e-09	1.74657e-09
4.76427e-06	6.26887e-07	4.74361e-07	2.84425e-07	2.4864e-07	1.83244e-07	1.3358e-07	7.4676e-08	5.0064e-08	3.19716e-08	2.35987e-08	1.66124e-08	5.37305e-09	6.23967e-09	2.47987e-09	1.21327e-09	-5.0664e-10
4.22034e-06	3.85436e-07	3.56025e-07	2.13063e-07	2.01504e-07	1.48548e-07	1.14991e-07	6.6768e-08	4.19166e-08	2.34381e-08	2.25849e-08	1.39722e-08	8.65264e-09	6.50615e-09	4.43964e-09	2.4798e-09	-2.53313e-10
3.59641e-06	4.04483e-07	3.40751e-07	2.08661e-07	1.79222e-07	1.32543e-07	1.01384e-07	5.89451e-08	3.80657e-08	2.10128e-08	1.92262e-08	1.1493e-08	5.47985e-09	2.33327e-09	3.58657e-09	3.62657e-09	2.51993e-09
3.51969e-06	5.8166e-07	3.86489e-07	2.43274e-07	1.91758e-07	1.43269e-07	1.03952e-07	5.97419e-08	3.50639e-08	2.88244e-08	2.44647e-08	1.10258e-08	1.13324e-08	7.95936e-09	6.6128e-09	1.26657e-09	2.91977e-09
3.34151e-06	6.30723e-07	4.00341e-07	2.59926e-07	1.94664e-07	1.44908e-07	1.02832e-07	5.65555e-08	3.3704e-08	2.92377e-08	2.62779e-08	1.28523e-08	1.48655e-08	1.04392e-08	7.78604e-09	4.70629e-09	1.89318e-09
2.96436e-06	6.09175e-07	3.69521e-07	2.4616e-07	1.76861e-07	1.31613e-07	9.40966e-08	5.22344e-08	2.98768e-08	2.47574e-08	2.39708e-08	1.39452e-08	1.08522e-08	9.27901e-09	9.41233e-09	7.46587e-09	5.83938e-09
2.70248e-06	5.31797e-07	3.28014e-07	2.17783e-07	1.58987e-07	1.16844e-07	8.22068e-08	4.42498e-08	2.74911e-08	2.06383e-08	2.20382e-08	1.12924e-08	7.01277e-09	4.98627e-09	5.79954e-09	3.89302e-09	2.26649e-10
2.48273e-06	4.47309e-07	2.84678e-07	1.8019e-07	1.31433e-07	9.53816e-08	6.97296e-08	3.7438e-08	2.17455e-08	1.61858e-08	1.57458e-08	6.213e-09	4.99973e-09	2.99984e-09	5.21306e-09	3.91979e-09	-9.33284e-11
2.31006e-06	3.7297e-07	2.32128e-07	1.51735e-07	1.11044e-07	8.50865e-08	5.58355e-08	3.08642e-08	2.17849e-08	1.39456e-08	1.42122e-08	8.7193e-09	2.79978e-10	3.66637e-09	1.51988e-09	-2.13316e-10	-1.51988e-09
2.20263e-06	2.98981e-07	1.85407e-07	1.2072e-07	8.7724e-08	6.80461e-08	4.24355e-08	2.92235e-08	2.13177e-08	7.31922e-09	1.26387e-08	6.63929e-09	-5.06613e-10	-2.4664e-09	-4.79949e-10	-2.29309e-09	-1.9198e-09
2.14441e-06	2.36622e-07	1.491e-07	9.72137e-08	6.9924e-08	5.09932e-08	3.76083e-08	2.31569e-08	2.25837e-08	1.0172e-08	9.65205e-09	1.07586e-08	3.2529e-09	7.99893e-11	1.34649e-09	2.0264e-09	3.4662e-10
2.18077e-06	3.48246e-07	2.33218e-07	1.70423e-07	1.12428e-07	8.37178e-08	7.56234e-08	3.94053e-08	3.05907e-08	2.21229e-08	2.41632e-08	1.27884e-08	2.21229e-08	1.56821e-08	2.08828e-08	1.49087e-08	6.58755e-09
2.36172e-06	3.97061e-07	2.68237e-07	1.97677e-07	1.36079e-07	1.02059e-07	9.29774e-08	4.73822e-08	3.37263e-08	2.98989e-08	3.06991e-08	1.22023e-08	2.28443e-08	1.31224e-08	1.62297e-08	8.00149e-09	1.44027e-09
2.62072e-06	4.56138e-07	3.03643e-07	2.20908e-07	1.58136e-07	1.19676e-07	1.01712e-07	6.11581e-08	4.25146e-08	3.18993e-08	3.84338e-08	1.60963e-08	2.78585e-08	2.02705e-08	2.04038e-08	1.10687e-08	6.17449e-09
2.8638e-06	5.13723e-07	3.33418e-07	2.46119e-07	1.74744e-07	1.27174e-07	1.02875e-07	6.99349e-08	4.92105e-08	3.07799e-08	3.51008e-08	1.92041e-08	2.50987e-08	2.01376e-08	2.58855e-08	1.45764e-08	1.16158e-08
3.14001e-06	5.66538e-07	3.79088e-07	2.64604e-07	1.92745e-07	1.47213e-07	1.17271e-07	6.71512e-08	4.91464e-08	4.0184e-08	3.85836e-08	2.61136e-08	3.03681e-08	2.09789e-08	2.44999e-08	1.58042e-08	1.247e-08
3.37678e-06	6.02529e-07	4.09649e-07	2.86326e-07	2.16862e-07	1.63777e-07	1.30632e-07	7.18649e-08	5.26716e-08	4.18945e-08	3.84533e-08	2.51287e-08	2.71294e-08	1.86331e-08	1.93801e-08	1.2471e-08	7.74935e-09
3.70218e-06	7.44278e-07	4.88355e-07	3.49776e-07	2.60911e-07	2.01139e-07	1.50651e-07	8.57566e-08	6.70953e-08	5.2249e-08	4.42989e-08	2.94259e-08	3.16268e-08	2.60111e-08	2.85322e-08	2.04754e-08	8.29687e-09
4.68371e-06	1.03684e-06	6.79877e-07	4.56328e-07	3.448e-07	2.59684e-07	1.89227e-07	1.05112e-07	7.05234e-08	5.11552e-08	4.32985e-08	2.67581e-08	2.60244e-08	1.8688e-08	1.80877e-08	9.72415e-09	7.60324e-09
5.60549e-06	1.42228e-06	9.03023e-07	5.95577e-07	4.46696e-07	3.34245e-07	2.37841e-07	1.36235e-07	8.99741e-08	6.4029e-08	5.51984e-08	3.667e-08	3.08406e-08	2.67855e-08	2.45178e-08	1.47934e-08	9.57768e-09
6.09185e-06	1.68573e-06	1.08338e-06	7.16536e-07	5.39433e-07	4.05205e-07	2.76553e-07	1.50623e-07	9.83565e-08	6.89016e-08	4.96652e-08	3.13225e-08	2.45725e-08	1.74889e-08	1.57546e-08	9.12462e-09	1.28065e-09
6.52707e-06	1.79808e-06	1.21122e-06	8.09975e-07	6.1795e-07	4.62315e-07	3.16325e-07	1.81701e-07	1.14722e-07	8.14524e-08	6.1016e-08	3.92188e-08	3.17486e-08	2.21706e-08	1.53007e-08	6.54981e-09	-1.20058e-10
7.24527e-06	1.87299e-06	1.29491e-06	8.79072e-07	6.91097e-07	5.22291e-07	3.59222e-07	2.02863e-07	1.28785e-07	9.52749e-08	7.01689e-08	4.64635e-08	3.59916e-08	2.46392e-08	1.61949e-08	6.57667e-09	2.16109e-09
8.35078e-06	2.14052e-06	1.40079e-06	9.452e-07	7.51014e-07	5.71768e-07	3.99792e-07	2.30577e-07	1.47898e-07	1.08452e-07	8.12523e-08	4.97172e-08	4.44213e-08	3.01611e-08	2.39315e-08	1.47137e-08	6.06958e-09
9.08559e-06	2.47478e-06	1.53069e-06	1.01781e-06	7.91212e-07	6.05648e-07	4.27834e-07	2.43777e-07	1.5487e-07	1.11944e-07	8.13302e-08	4.7875e-08	3.85641e-08	2.44911e-08	1.8355e-08	9.73775e-09	4.41533e-09
9.28039e-06	2.70847e-06	1.66545e-06	1.10682e-06	8.64128e-07	6.68156e-07	4.70664e-07	2.82284e-07	1.85486e-07	1.33658e-07	1e-07	6.59685e-08	4.89861e-08	3.39114e-08	2.67876e-08	1.53015e-08	6.60352e-09
9.03356e-06	2.80579e-06	1.77565e-06	1.20149e-06	9.30311e-07	7.22206e-07	5.09285e-07	3.06569e-07	2.0413e-07	1.48409e-07	1.08201e-07	6.8488e-08	5.32803e-08	3.40973e-08	2.39455e-08	1.17126e-08	4.62901e-09
8.66496e-06	2.83463e-06	1.87561e-06	1.29573e-06	1.00995e-06	7.89135e-07	5.62675e-07	3.42792e-07	2.31623e-07	1.68001e-07	1.23296e-07	7.73233e-08	5.98735e-08	3.69941e-08	2.62814e-08	9.76547e-09	4.9361e-10
8.26091e-06	2.86584e-06	1.96294e-06	1.39459e-06	1.09716e-06	8.67442e-07	6.21818e-07	3.81384e-07	2.65169e-07	1.96008e-07	1.41456e-07	9.29879e-08	6.83734e-08	4.39591e-08	2.89503e-08	1.47687e-08	4.1491e-09
8.15032e-06	2.89668e-06	2.05532e-06	1.47407e-06	1.1738e-06	9.34257e-07	6.74044e-07	4.16953e-07	2.90656e-07	2.18549e-07	1.53873e-07	9.96825e-08	7.68164e-08	5.04149e-08	3.49796e-08	1.87705e-08	4.73599e-09
8.16052e-06	3.03039e-06	2.14415e-06	1.5629e-06	1.2531e-06	1.01236e-06	7.32174e-07	4.57611e-07	3.25199e-07	2.43996e-07	1.73387e-07	1.17735e-07	8.52458e-08	5.7213e-08	3.53578e-08	1.94001e-08	3.70924e-09
8.47717e-06	3.2143e-06	2.27566e-06	1.67385e-06	1.33923e-06	1.07888e-06	7.88604e-07	5.04469e-07	3.58126e-07	2.59186e-07	1.9065e-07	1.27678e-07	9.06156e-08	6.23849e-08	3.89172e-08	1.9572e-08	9.1256e-09
9.11173e-06	3.49502e-06	2.47426e-06	1.82788e-06	1.46431e-06	1.18106e-06	8.63625e-07	5.55425e-07	3.90191e-07	2.84717e-07	2.10132e-07	1.42245e-07	1.07168e-07	6.83941e-08	4.38971e-08	1.93868e-08	5.35038e-09
1.04469e-05	4.07223e-06	2.82906e-06	2.06876e-06	1.6478e-06	1.32556e-06	9.64832e-07	6.13243e-07	4.2953e-07	3.17155e-07	2.30661e-07	1.5196e-07	1.19206e-07	7.75276e-08	5.1605e-08	2.46685e-08	8.44518e-09
1.22831e-05	4.977e-06	3.34783e-06	2.41442e-06	1.89801e-06	1.51573e-06	1.09082e-06	6.92675e-07	4.85377e-07	3.499e-07	2.53796e-07	1.71421e-07	1.22121e-07	7.81321e-08	5.28085e-08	1.97999e-08	3.97598e-09
1.37818e-05	5.96763e-06	3.97086e-06	2.8409e-06	2.20784e-06	1.75201e-06	1.24312e-06	7.79655e-07	5.38921e-07	3.87025e-07	2.74464e-07	1.85347e-07	1.29133e-07	7.81229e-08	5.09167e-08	2.02813e-08	7.23187e-09
1.50272e-05	7.04419e-06	4.72883e-06	3.3975e-06	2.62442e-06	2.07612e-06	1.45177e-06	8.96152e-07	6.10653e-07	4.35727e-07	3.06261e-07	2.06615e-07	1.43263e-07	9.41078e-08	5.84955e-08	3.00483e-08	1.03007e-08
1.55508e-05	7.88167e-06	5.44791e-06	3.9789e-06	3.08688e-06	2.45087e-06	1.70393e-06	1.04035e-06	6.97502e-07	4.98025e-07	3.48971e-07	2.24028e-07	1.56619e-07	9.88845e-08	6.21914e-08	3.1009e-08	1.08878e-08
1.50161e-05	7.98656e-06	5.72984e-06	4.28984e-06	3.37023e-06	2.69961e-06	1.88413e-06	1.14817e-06	7.70961e-07	5.42456e-07	3.67762e-07	2.42435e-07	1.64194e-07	1.04139e-07	6.26301e-08	3.12884e-08	8.67268e-09
1.38754e-05	7.45111e-06	5.48475e-06	4.19785e-06	3.35647e-06	2.72567e-06	1.9404e-06	1.20485e-06	8.07541e-07	5.74093e-07	3.95458e-07	2.57012e-07	1.79996e-07	1.12921e-07	7.05975e-08	3.25034e-08	1.13949e-08
1.26678e-05	6.59036e-06	4.91913e-06	3.81735e-06	3.09385e-06	2.54057e-06	1.84377e-06	1.16872e-06	8.00929e-07	5.77947e-07	4.03667e-07	2.67839e-07	1.84088e-07	1.2087e-07	7.04889e-08	3.59716e-08	1.38896e-08
1.14137e-05	5.6319e-06	4.22042e-06	3.304e-06	2.71044e-06	2.25328e-06	1.67714e-06	1.10413e-06	7.73331e-07	5.692e-07	4.11825e-07	2.74359e-07	2.02303e-07	1.29634e-07	8.14497e-08	4.1352e-08	1.21961e-08
1.00925e-05	4.72655e-06	3.57807e-06	2.83738e-06	2.35856e-06	1.98356e-06	1.5159e-06	1.02693e-06	7.41894e-07	5.59456e-07	4.10149e-07	2.77933e-07	2.08684e-07	1.37779e-07	8.75831e-08	4.51925e-08	1.80397e-08
8.89954e-06	4.03605e-06	3.11179e-06	2.49465e-06	2.09765e-06	1.7842e-06	1.38848e-06	9.60637e-07	7.13599e-07	5.48329e-07	4.09679e-07	2.84572e-07	2.11184e-07	1.42506e-07	9.35899e-08	4.52738e-08	2.04553e-08
8.01017e-06	3.583e-06	2.7808e-06	2.24708e-06	1.89944e-06	1.62513e-06	1.27901e-06	9.01526e-07	6.78707e-07	5.28408e-07	4.00366e-07	2.80836e-07	2.11491e-07	1.44041e-07	9.3283e-08	4.905e-08	2.20164e-08
7.42149e-06	3.22926e-06	2.51809e-06	2.04602e-06	1.73914e-06	1.49207e-06	1.18158e-06	8.42202e-07	6.422e-07	5.05151e-07	3.90158e-07	2.71843e-07	2.12679e-07	1.45709e-07	9.74728e-08	5.37601e-08	2.56858e-08
7.05564e-06	2.96353e-06	2.31687e-06	1.87839e-06	1.60093e-06	1.37981e-06	1.102e-06	7.91492e-07	6.02132e-07	4.78597e-07	3.72822e-07	2.69262e-07	2.0293e-07	1.41403e-07	9.36991e-08	4.96918e-08	2.2017e-08
6.98193e-06	2.86591e-06	2.22188e-06	1.7939e-06	1.51648e-06	1.30476e-06	1.04281e-06	7.5463e-07	5.8723e-07	4.65893e-07	3.60795e-07	2.66533e-07	2.01628e-07	1.41887e-07	9.3328e-08	5.03069e-08	1.87216e-08
7.18944e-06	2.91424e-06	2.21563e-06	1.76851e-06	1.4913e-06	1.28024e-06	1.01839e-06	7.39639e-07	5.72336e-07	4.57554e-07	3.55341e-07	2.63177e-07	2.05052e-07	1.44125e-07	9.78623e-08	5.23205e-08	2.16034e-08
7.71122e-06	3.10811e-06	2.31445e-06	1.82099e-06	1.52509e-06	1.30119e-06	1.03436e-06	7.42274e-07	5.71871e-07	4.59101e-07	3.59314e-07	2.66133e-07	2.06445e-07	1.50147e-07	1.05591e-07	6.0395e-08	2.90633e-08
8.46381e-06	3.44997e-06	2.50347e-06	1.93472e-06	1.60168e-06	1.35387e-06	1.06573e-06	7.55998e-07	5.76143e-07	4.63049e-07	3.60244e-07	2.64979e-07	2.08079e-07	1.4963e-07	1.01644e-07	5.61664e-08	2.57947e-08
9.50444e-06	4.0118e-06	2.84414e-06	2.16069e-06	1.76318e-06	1.4728e-06	1.13814e-06	7.94617e-07	6.00643e-07	4.80891e-07	3.7547e-07	2.71945e-07	2.18207e-07	1.51205e-07	1.01297e-07	5.31906e-08	2.20582e-08
1.07635e-05	4.78135e-06	3.33753e-06	2.50075e-06	2.01056e-06	1.6577e-06	1.25262e-06	8.54628e-07	6.39967e-07	5.05939e-07	3.9361e-07	2.84631e-07	2.23056e-07	1.57036e-07	1.02987e-07	5.55971e-08	2.38216e-08
1.20328e-05	5.65334e-06	3.93552e-06	2.92502e-06	2.32181e-06	1.88943e-06	1.39941e-06	9.3508e-07	6.91118e-07	5.39433e-07	4.09845e-07	2.97659e-07	2.32245e-07	1.62948e-07	1.08116e-07	5.85417e-08	2.38197e-08
1.3005e-05	6.40166e-06	4.4921e-06	3.34167e-06	2.64014e-06	2.1388e-06	1.55766e-06	1.01804e-06	7.37195e-07	5.66098e-07	4.2775e-07	2.99957e-07	2.38156e-07	1.63611e-07	1.12165e-07	5.91721e-08	2.81181e-08
1.33837e-05	6.83431e-06	4.86331e-06	3.64806e-06	2.88971e-06	2.34379e-06	1.69682e-06	1.09912e-06	7.87152e-07	5.96749e-07	4.40843e-07	3.11879e-07	2.39231e-07	1.65501e-07	1.12349e-07	5.75424e-08	3.05461e-08
1.3082e-05	6.85562e-06	4.97464e-06	3.78369e-06	3.02121e-06	2.46783e-06	1.79574e-06	1.1706e-06	8.26581e-07	6.1729e-07	4.63034e-07	3.17866e-07	2.47645e-07	1.70403e-07	1.12419e-07	6.04265e-08	2.72773e-08
1.23391e-05	6.53093e-06	4.84695e-06	3.74434e-06	3.02293e-06	2.48513e-06	1.82444e-06	1.19965e-06	8.55744e-07	6.4092e-07	4.75446e-07	3.30122e-07	2.46851e-07	1.69745e-07	1.15619e-07	6.18261e-08	2.6943e-08
1.14195e-05	5.98493e-06	4.52271e-06	3.53623e-06	2.88328e-06	2.3893e-06	1.77766e-06	1.1839e-06	8.50935e-07	6.43953e-07	4.72549e-07	3.30197e-07	2.49686e-07	1.68108e-07	1.11124e-07	5.91988e-08	2.653e-08
1.04429e-05	5.36086e-06	4.08093e-06	3.21371e-06	2.63783e-06	2.20445e-06	1.66197e-06	1.11461e-06	8.06398e-07	6.17079e-07	4.60084e-07	3.18289e-07	2.43447e-07	1.67859e-07	1.12288e-07	6.1002e-08	2.70245e-08
9.64074e-06	4.7763e-06	3.6393e-06	2.87231e-06	2.36416e-06	1.98029e-06	1.50057e-06	1.02018e-06	7.41606e-07	5.67434e-07	4.3055e-07	3.01727e-07	2.32851e-07	1.59852e-07	1.08819e-07	6.1042e-08	2.69578e-08
9.10841e-06	4.27679e-06	3.255e-06	2.55382e-06	2.0984e-06	1.75107e-06	1.33148e-06	9.00347e-07	6.64767e-07	5.13025e-07	3.88096e-07	2.77112e-07	2.1376e-07	1.48912e-07	9.96664e-08	5.66796e-08	2.53837e-08
8.63485e-06	3.90055e-06	2.93109e-06	2.28627e-06	1.87178e-06	1.55562e-06	1.17956e-06	7.98836e-07	5.90199e-07	4.55668e-07	3.4792e-07	2.53103e-07	1.93357e-07	1.39096e-07	9.23613e-08	4.94569e-08	2.16724e-08
8.15747e-06	3.55627e-06	2.6478e-06	2.04656e-06	1.66404e-06	1.37489e-06	1.04073e-06	7.00112e-07	5.19072e-07	4.028e-07	3.08243e-07	2.2236e-07	1.75061e-07	1.24319e-07	8.49883e-08	4.57906e-08	2.27285e-08
7.63362e-06	3.21222e-06	2.3789e-06	1.82993e-06	1.48461e-06	1.22529e-06	9.20993e-07	6.18297e-07	4.58228e-07	3.5748e-07	2.76738e-07	1.99039e-07	1.57293e-07	1.11971e-07	7.62178e-08	4.37208e-08	2.2154e-08
7.05732e-06	2.89761e-06	2.15851e-06	1.65945e-06	1.3387e-06	1.10006e-06	8.29556e-07	5.56975e-07	4.09967e-07	3.13861e-07	2.48252e-07	1.802e-07	1.48262e-07	1.01497e-07	7.51388e-08	4.01586e-08	1.62423e-08
6.45147e-06	2.58726e-06	1.94676e-06	1.50559e-06	1.2186e-06	1.00371e-06	7.55866e-07	4.97851e-07	3.63492e-07	2.8368e-07	2.21165e-07	1.57983e-07	1.3189e-07	9.23178e-08	6.83074e-08	3.69031e-08	1.47612e-08
5.97484e-06	2.32106e-06	1.78276e-06	1.39211e-06	1.12804e-06	9.23689e-07	6.94982e-07	4.56413e-07	3.36421e-07	2.6039e-07	2.05058e-07	1.45296e-07	1.22581e-07	8.62405e-08	6.6115e-08	3.51795e-08	1.22247e-08
5.59796e-06	2.10499e-06	1.63976e-06	1.28228e-06	1.03958e-06	8.53993e-07	6.45953e-07	4.15999e-07	3.02971e-07	2.38549e-07	1.87567e-07	1.3194e-07	1.12802e-07	8.05173e-08	5.83493e-08	3.31385e-08	1.46808e-08
5.33206e-06	1.92997e-06	1.51598e-06	1.18285e-06	9.60213e-07	7.86824e-07	5.96324e-07	3.87379e-07	2.8246e-07	2.18581e-07	1.72241e-07	1.21924e-07	1.07883e-07	7.50894e-08	5.74182e-08	3.46484e-08	1.33202e-08
5.10462e-06	1.74971e-06	1.38439e-06	1.07258e-06	8.6811e-07	7.09754e-07	5.39079e-07	3.46956e-07	2.53677e-07	1.96701e-07	1.5586e-07	1.09588e-07	9.56544e-08	6.96954e-08	5.29189e-08	3.05902e-08	1.19451e-08
4.89746e-06	1.57494e-06	1.25528e-06	9.65873e-07	7.82439e-07	6.37349e-07	4.83023e-07	3.09025e-07	2.31762e-07	1.79364e-07	1.4142e-07	1.01834e-07	8.82337e-08	6.57449e-08	4.9956e-08	2.83346e-08	1.02501e-08
4.66883e-06	1.39083e-06	1.10873e-06	8.52681e-07	6.90521e-07	5.61928e-07	4.35737e-07	2.8428e-07	2.07938e-07	1.58183e-07	1.283e-07	8.80202e-08	7.69559e-08	5.73366e-08	4.5645e-08	2.43574e-08	9.18239e-09
4.41134e-06	1.20324e-06	9.59974e-07	7.41625e-07	6.00045e-07	4.90017e-07	3.80322e-07	2.50941e-07	1.86424e-07	1.39297e-07	1.13058e-07	8.06396e-08	6.74799e-08	5.13573e-08	3.89985e-08	2.14745e-08	1.15447e-08
4.19974e-06	1.02304e-06	8.35358e-07	6.50896e-07	5.31404e-07	4.35296e-07	3.44727e-07	2.24248e-07	1.64295e-07	1.26632e-07	1.06278e-07	7.24315e-08	6.14339e-08	4.4257e-08	3.46742e-08	1.60025e-08	4.47108e-09
4.06658e-06	9.02966e-07	7.51195e-07	5.87931e-07	4.76776e-07	3.90806e-07	3.15261e-07	2.07109e-07	1.55949e-07	1.2194e-07	1.01145e-07	7.22618e-08	6.51744e-08	4.7129e-08	3.96813e-08	2.1756e-08	9.27631e-09
3.98548e-06	8.1761e-07	6.92293e-07	5.30645e-07	4.35573e-07	3.57318e-07	2.87619e-07	1.85833e-07	1.43296e-07	1.089e-07	9.18555e-08	6.70964e-08	5.62185e-08	4.34986e-08	3.56638e-08	1.85259e-08	9.50322e-09
3.93453e-06	7.66397e-07	6.51811e-07	5.01281e-07	4.15178e-07	3.39914e-07	2.75126e-07	1.79573e-07	1.30349e-07	1.08206e-07	8.95598e-08	6.04629e-08	5.53509e-08	4.32717e-08	3.70519e-08	1.73247e-08	6.20645e-09
3.91226e-06	7.16902e-07	6.16205e-07	4.67088e-07	3.83728e-07	3.11859e-07	2.54431e-07	1.60781e-07	1.19475e-07	9.35298e-08	7.989e-08	5.32244e-08	5.05285e-08	3.79564e-08	3.10164e-08	1.65092e-08	7.31369e-09
3.9346e-06	6.9764e-07	5.98914e-07	4.50577e-07	3.71149e-07	2.99517e-07	2.43287e-07	1.53903e-07	1.17546e-07	9.28007e-08	7.49159e-08	5.30271e-08	5.11185e-08	3.85991e-08	3.00438e-08	1.51487e-08	5.76584e-09
3.95253e-06	6.81544e-07	5.7936e-07	4.31384e-07	3.53291e-07	2.84595e-07	2.30113e-07	1.47603e-07	1.13435e-07	8.24168e-08	7.27938e-08	5.01041e-08	4.74748e-08	3.50755e-08	3.19924e-08	1.33469e-08	5.48556e-09
3.96486e-06	6.55803e-07	5.50408e-07	4.08138e-07	3.30437e-07	2.65588e-07	2.17756e-07	1.37919e-07	1.03353e-07	7.69806e-08	7.25096e-08	4.46962e-08	5.213e-08	3.65818e-08	3.27381e-08	1.73366e-08	8.9953e-09
3.95578e-06	6.26421e-07	5.27441e-07	3.82241e-07	3.11809e-07	2.47611e-07	2.0059e-07	1.23525e-07	9.38284e-08	7.17394e-08	6.85895e-08	4.16555e-08	4.8636e-08	3.51289e-08	3.2246e-08	1.8432e-08	1.02504e-08
3.93049e-06	5.77728e-07	4.88562e-07	3.52085e-07	2.85261e-07	2.23708e-07	1.86219e-07	1.15738e-07	8.32933e-08	6.78118e-08	6.41416e-08	4.04789e-08	4.46829e-08	3.20841e-08	2.69726e-08	1.29057e-08	4.37754e-09
3.9006e-06	5.31606e-07	4.48026e-07	3.15995e-07	2.61739e-07	2.0548e-07	1.64891e-07	1.00558e-07	7.53317e-08	6.01025e-08	5.82873e-08	3.7866e-08	4.37121e-08	3.2327e-08	2.81893e-08	1.56963e-08	7.08737e-09
3.85746e-06	4.98625e-07	4.24363e-07	2.9558e-07	2.35772e-07	1.81037e-07	1.50526e-07	8.97843e-08	6.84427e-08	5.17458e-08	5.03043e-08	3.46885e-08	3.99205e-08	3.10181e-08	2.76413e-08	1.24393e-08	3.06978e-09
3.81548e-06	4.71639e-07	3.98593e-07	2.73643e-07	2.14145e-07	1.62213e-07	1.35574e-07	7.45002e-08	5.40266e-08	4.84611e-08	4.84078e-08	3.15912e-08	3.70365e-08	3.05635e-08	2.90153e-08	1.66564e-08	9.91645e-09
3.78057e-06	4.56141e-07	3.78821e-07	2.61245e-07	2.05761e-07	1.51437e-07	1.30442e-07	7.40103e-08	5.70326e-08	4.99987e-08	5.16137e-08	3.22335e-08	3.78127e-08	3.31678e-08	3.16462e-08	1.82723e-08	1.15987e-08
3.74352e-06	4.38429e-07	3.64552e-07	2.48418e-07	1.93882e-07	1.40026e-07	1.20645e-07	6.61354e-08	4.92779e-08	3.99082e-08	4.85305e-08	2.63607e-08	3.82531e-08	3.2327e-08	2.90702e-08	1.73247e-08	8.03502e-09
3.70518e-06	4.13107e-07	3.47597e-07	2.311e-07	1.78497e-07	1.30085e-07	1.12133e-07	6.27603e-08	5.09477e-08	3.91351e-08	4.92258e-08	2.59744e-08	3.79204e-08	2.8764e-08	2.78964e-08	1.38414e-08	5.2456e-09
3.68664e-06	3.841e-07	3.31683e-07	2.18012e-07	1.6737e-07	1.2491e-07	1.10774e-07	6.14138e-08	4.30471e-08	4.32339e-08	4.26867e-08	2.85512e-08	3.81083e-08	3.15945e-08	2.58015e-08	1.45626e-08	4.64508e-09
3.67801e-06	3.58907e-07	3.18998e-07	2.09912e-07	1.59366e-07	1.2158e-07	1.04175e-07	6.04495e-08	4.59945e-08	4.51803e-08	4.07891e-08	2.84429e-08	4.00683e-08	3.00045e-08	2.73885e-08	1.52692e-08	5.55244e-09
3.68943e-06	3.37431e-07	3.01978e-07	1.95526e-07	1.53385e-07	1.13634e-07	1.07307e-07	6.26835e-08	4.28213e-08	3.88835e-08	4.48369e-08	2.40937e-08	4.0432e-08	2.80447e-08	2.84051e-08	1.58311e-08	8.42277e-09
3.69809e-06	3.37511e-07	2.95664e-07	1.96927e-07	1.51009e-07	1.15489e-07	1.06773e-07	6.08548e-08	4.45032e-08	4.15132e-08	4.50638e-08	3.10481e-08	3.85231e-08	3.08212e-08	2.978e-08	1.51503e-08	4.20471e-09
3.66484e-06	3.26606e-07	2.95785e-07	1.95352e-07	1.50168e-07	1.07294e-07	9.72823e-08	5.39004e-08	4.46233e-08	3.90037e-08	4.03118e-08	2.81649e-08	3.83363e-08	3.14219e-08	3.03006e-08	1.45763e-08	7.56848e-09
3.64865e-06	3.25151e-07	2.97653e-07	1.94431e-07	1.46591e-07	1.01887e-07	9.77895e-08	5.41273e-08	4.58914e-08	4.16867e-08	4.49971e-08	3.10882e-08	4.30215e-08	3.42917e-08	3.28902e-08	1.61648e-08	1.03449e-08
3.64182e-06	3.08207e-07	2.88851e-07	1.86574e-07	1.44659e-07	1.02624e-07	9.91537e-08	5.21398e-08	4.86424e-08	3.86844e-08	4.41706e-08	2.9981e-08	3.81237e-08	3.24238e-08	2.79654e-08	1.54711e-08	6.43404e-09
3.63912e-06	2.86214e-07	2.69956e-07	1.72019e-07	1.33523e-07	9.57072e-08	9.64814e-08	5.05099e-08	4.36222e-08	3.9284e-08	4.64387e-08	2.79113e-08	3.96444e-08	3.12483e-08	2.90592e-08	1.46297e-08	5.21918e-09
3.63352e-06	2.63029e-07	2.49266e-07	1.64566e-07	1.26362e-07	9.08399e-08	9.0346e-08	4.76025e-08	4.21428e-08	3.93395e-08	4.4332e-08	2.86202e-08	4.01538e-08	3.08629e-08	2.85135e-08	1.44303e-08	2.29603e-09
3.62725e-06	2.41898e-07	2.4071e-07	1.45376e-07	1.129e-07	7.65257e-08	7.66725e-08	3.66544e-08	3.70548e-08	3.38512e-08	3.61738e-08	1.99957e-08	3.35309e-08	2.5028e-08	2.70703e-08	1.23605e-08	2.69635e-09
3.73621e-06	2.64152e-07	2.45287e-07	1.60561e-07	1.31709e-07	9.86382e-08	1.01749e-07	6.04539e-08	5.32043e-08	5.64352e-08	5.65955e-08	3.73431e-08	4.88652e-08	3.79973e-08	3.22163e-08	1.38051e-08	1.38852e-09
3.72985e-06	2.70266e-07	2.51816e-07	1.5871e-07	1.30661e-07	9.35464e-08	9.73513e-08	6.10381e-08	5.07316e-08	5.11188e-08	5.55778e-08	3.62864e-08	4.59922e-08	3.5125e-08	2.86901e-08	1.03332e-08	-1.13479e-09
3.69501e-06	2.93883e-07	2.53711e-07	1.65692e-07	1.29966e-07	9.2465e-08	9.52419e-08	6.01704e-08	5.30679e-08	4.81683e-08	5.3415e-08	3.75414e-08	4.31085e-08	3.41237e-08	2.74351e-08	1.25627e-08	1.10809e-09
3.67954e-06	2.98563e-07	2.55948e-07	1.64855e-07	1.24563e-07	9.03314e-08	9.54047e-08	6.04123e-08	5.34699e-08	4.39908e-08	5.19345e-08	3.32301e-08	4.00523e-08	3.13476e-08	2.50594e-08	7.66335e-09	-1.06806e-09
3.66498e-06	3.12662e-07	2.59833e-07	1.687e-07	1.33534e-07	1.00798e-07	1.01239e-07	6.32693e-08	5.37502e-08	5.0239e-08	5.60332e-08	3.89442e-08	4.80895e-08	4.0039e-08	3.08937e-08	1.69822e-08	4.24555e-09
3.65996e-06	3.09875e-07	2.66055e-07	1.6907e-07	1.32861e-07	1.00897e-07	9.94953e-08	6.12166e-08	5.35929e-08	4.64899e-08	5.35662e-08	3.79983e-08	4.32455e-08	3.48874e-08	2.83853e-08	1.19362e-08	8.81198e-10
3.65465e-06	3.26911e-07	2.70341e-07	1.73943e-07	1.33515e-07	1.01231e-07	1.01578e-07	6.2485e-08	5.78654e-08	4.96943e-08	5.25381e-08	3.79983e-08	4.24844e-08	3.3085e-08	2.66229e-08	9.75994e-09	-1.56212e-09
3.66413e-06	3.44593e-07	2.83845e-07	1.92016e-07	1.49399e-07	1.16515e-07	1.12537e-07	6.41389e-08	6.1028e-08	5.96395e-08	5.63818e-08	4.48331e-08	4.91856e-08	3.89052e-08	3.41923e-08	1.66756e-08	2.22964e-09
3.68623e-06	3.5231e-07	2.87503e-07	1.86822e-07	1.46622e-07	1.14219e-07	1.08558e-07	6.81976e-08	5.87316e-08	5.57543e-08	5.84913e-08	4.12817e-08	4.62884e-08	3.67957e-08	3.14553e-08	1.21495e-08	5.74099e-10
3.71225e-06	3.70538e-07	2.96547e-07	1.92305e-07	1.46485e-07	1.11546e-07	1.10731e-07	7.49646e-08	6.19743e-08	5.45379e-08	5.7168e-08	3.6007e-08	4.86369e-08	3.63675e-08	3.18149e-08	1.69822e-08	3.71152e-09
3.71013e-06	3.90221e-07	3.07173e-07	2.03522e-07	1.56163e-07	1.17016e-07	1.09205e-07	6.96165e-08	6.0831e-08	5.76533e-08	5.047e-08	3.87337e-08	4.69985e-08	3.1991e-08	2.94942e-08	1.48606e-08	3.5783e-09
3.70793e-06	4.03031e-07	3.1486e-07	2.04953e-07	1.56582e-07	1.16342e-07	1.11869e-07	7.27637e-08	6.58611e-08	5.33244e-08	5.33244e-08	4.16822e-08	4.62216e-08	3.95995e-08	3.20961e-08	1.96128e-08	5.35381e-09
3.67841e-06	4.0408e-07	3.18308e-07	2.13763e-07	1.64922e-07	1.25975e-07	1.18992e-07	6.8001e-08	6.11515e-08	5.65718e-08	5.95893e-08	4.26725e-08	4.94285e-08	4.13106e-08	3.37668e-08	1.84389e-08	4.52628e-09
3.64349e-06	4.07528e-07	3.15536e-07	2.14719e-07	1.63022e-07	1.26479e-07	1.18521e-07	6.86267e-08	6.52087e-08	6.04155e-08	5.74381e-08	4.09357e-08	4.82122e-08	4.15765e-08	3.24174e-08	1.72902e-08	5.66103e-09
3.60433e-06	3.9456e-07	2.98774e-07	1.9718e-07	1.45869e-07	1.11208e-07	1.06668e-07	6.92293e-08	6.12182e-08	4.66113e-08	5.14847e-08	3.41674e-08	4.19916e-08	3.12166e-08	2.63432e-08	1.27644e-08	6.10179e-09
3.55801e-06	4.0411e-07	2.99648e-07	2.09245e-07	1.49376e-07	1.15864e-07	1.11191e-07	6.71313e-08	6.07226e-08	4.69705e-08	5.39667e-08	3.0615e-08	4.38062e-08	3.29114e-08	2.83586e-08	9.84005e-09	3.87193e-10
3.56254e-06	3.99578e-07	2.98956e-07	2.00109e-07	1.47448e-07	1.14268e-07	1.14468e-07	7.05263e-08	5.421e-08	4.96702e-08	6.1567e-08	3.8668e-08	5.03512e-08	4.07376e-08	3.53833e-08	1.56087e-08	5.70139e-09
3.5862e-06	3.94688e-07	2.97682e-07	2.02385e-07	1.55264e-07	1.25327e-07	1.22042e-07	7.35058e-08	6.22496e-08	6.33846e-08	5.84308e-08	4.79357e-08	5.5787e-08	4.50115e-08	3.91097e-08	2.42215e-08	6.70299e-09
3.62093e-06	3.90726e-07	2.94202e-07	1.9836e-07	1.55927e-07	1.23868e-07	1.18554e-07	7.1234e-08	6.10329e-08	6.01517e-08	5.57455e-08	3.83742e-08	4.82148e-08	3.75865e-08	2.9041e-08	1.49144e-08	5.7548e-09
3.63051e-06	3.95676e-07	2.96213e-07	2.01236e-07	1.57226e-07	1.21909e-07	1.18517e-07	7.45206e-08	6.34781e-08	5.91118e-08	6.17422e-08	3.81082e-08	5.2342e-08	3.99642e-08	3.54644e-08	1.87069e-08	6.70299e-09
3.62714e-06	3.86784e-07	3.03944e-07	2.00756e-07	1.54155e-07	1.16341e-07	1.20988e-07	7.36928e-08	6.69364e-08	6.12348e-08	6.1088e-08	3.86023e-08	5.28761e-08	3.99642e-08	3.46766e-08	1.65038e-08	2.26994e-10
3.63458e-06	3.76005e-07	2.92816e-07	1.98197e-07	1.46508e-07	1.13887e-07	1.22032e-07	8.31486e-08	6.9088e-08	5.86193e-08	6.31192e-08	4.15276e-08	5.4747e-08	4.24356e-08	3.49713e-08	1.60101e-08	2.43023e-09
3.66368e-06	3.62702e-07	2.80018e-07	1.93262e-07	1.51546e-07	1.19806e-07	1.17976e-07	7.21477e-08	6.475e-08	6.39622e-08	5.8701e-08	4.04738e-08	5.11697e-08	4.00465e-08	3.17674e-08	1.49156e-08	4.0594e-09
3.68497e-06	3.63022e-07	2.79137e-07	1.93863e-07	1.52174e-07	1.25334e-07	1.23264e-07	7.19341e-08	6.48034e-08	6.14651e-08	6.23464e-08	4.20762e-08	5.37069e-08	4.09545e-08	3.49589e-08	1.67317e-08	2.33682e-09
3.68039e-06	3.56172e-07	2.78843e-07	1.94704e-07	1.51453e-07	1.22543e-07	1.18577e-07	7.33762e-08	6.46833e-08	5.9155e-08	5.99028e-08	4.11414e-08	5.45615e-08	3.83506e-08	3.1941e-08	1.4702e-08	3.32497e-09
3.67552e-06	3.55376e-07	2.73944e-07	1.8956e-07	1.49618e-07	1.18223e-07	1.14524e-07	7.30062e-08	6.5715e-08	6.02131e-08	6.0961e-08	4.03424e-08	5.07452e-08	4.07564e-08	3.42396e-08	1.52235e-08	1.8295e-09
3.67006e-06	3.3624e-07	2.66532e-07	1.87103e-07	1.49097e-07	1.20707e-07	1.21615e-07	7.69857e-08	6.63293e-08	6.06405e-08	6.17622e-08	4.28529e-08	5.24144e-08	4.17179e-08	3.46937e-08	1.52102e-08	-3.04471e-09
3.61116e-06	3.11432e-07	2.55182e-07	1.83133e-07	1.42001e-07	1.13876e-07	1.16426e-07	7.58413e-08	6.58387e-08	6.19792e-08	6.1071e-08	4.27885e-08	4.98531e-08	4.17334e-08	3.47756e-08	1.75614e-08	2.57746e-09
3.55023e-06	3.00347e-07	2.55796e-07	1.90158e-07	1.45833e-07	1.16333e-07	1.19992e-07	7.06464e-08	6.84829e-08	6.38755e-08	6.30609e-08	4.13862e-08	5.05609e-08	4.19071e-08	3.58173e-08	1.79354e-08	4.38034e-09
3.52604e-06	2.89472e-07	2.5243e-07	1.92688e-07	1.5188e-07	1.16387e-07	1.24613e-07	7.60469e-08	7.44712e-08	6.53776e-08	6.31476e-08	4.49338e-08	5.61639e-08	4.38922e-08	3.80702e-08	1.57035e-08	7.61137e-10
3.50389e-06	2.64696e-07	2.37454e-07	1.77559e-07	1.42718e-07	1.12123e-07	1.20015e-07	7.15793e-08	6.76531e-08	6.34465e-08	6.04685e-08	4.13851e-08	5.13875e-08	4.37355e-08	3.39601e-08	1.59317e-08	5.20819e-09
3.50114e-06	2.62907e-07	2.3489e-07	1.75463e-07	1.42504e-07	1.14206e-07	1.26706e-07	8.4533e-08	7.00569e-08	6.01079e-08	6.85078e-08	4.23867e-08	5.72367e-08	4.35085e-08	3.6217e-08	1.65594e-08	4.59389e-09
3.50223e-06	2.51295e-07	2.37915e-07	1.7682e-07	1.45932e-07	1.14604e-07	1.24392e-07	7.83211e-08	6.91336e-08	5.89846e-08	5.81299e-08	4.14641e-08	4.95299e-08	3.68169e-08	3.43331e-08	1.29534e-08	1.80279e-09
3.49557e-06	2.47282e-07	2.41113e-07	1.81178e-07	1.47886e-07	1.23034e-07	1.29911e-07	8.42793e-08	7.31017e-08	6.1016e-08	6.24716e-08	4.24e-08	4.64331e-08	3.95956e-08	3.23709e-08	1.45696e-08	6.94426e-10
3.60628e-06	2.90133e-07	2.92737e-07	2.28565e-07	1.96231e-07	1.64245e-07	1.67223e-07	1.13855e-07	9.22993e-08	8.11074e-08	7.49239e-08	5.51312e-08	5.72547e-08	4.4941e-08	3.3295e-08	1.33153e-08	7.34548e-10
3.63246e-06	3.13096e-07	3.15073e-07	2.47763e-07	2.12759e-07	1.7598e-07	1.67766e-07	1.15414e-07	9.49945e-08	8.23473e-08	7.85945e-08	5.36072e-08	5.52766e-08	4.37111e-08	2.866e-08	9.01466e-09	-5.0215e-09
3.66323e-06	3.30818e-07	3.2617e-07	2.55583e-07	2.18506e-07	1.82805e-07	1.73817e-07	1.14796e-07	9.76867e-08	8.85378e-08	8.17796e-08	5.35981e-08	6.20926e-08	4.58115e-08	3.63954e-08	1.6802e-08	2.9517e-09
3.71115e-06	3.52068e-07	3.42264e-07	2.68592e-07	2.31996e-07	1.9556e-07	1.86118e-07	1.24613e-07	9.93028e-08	8.787e-08	7.96292e-08	5.33711e-08	5.98889e-08	4.7067e-08	3.53002e-08	1.63479e-08	-6.14382e-10
3.74761e-06	3.80623e-07	3.70085e-07	2.83404e-07	2.40985e-07	1.9934e-07	1.86879e-07	1.27912e-07	1.07824e-07	8.84176e-08	8.23272e-08	5.73245e-08	6.03964e-08	4.64927e-08	3.44588e-08	1.63212e-08	-2.80479e-10
3.789e-06	4.10901e-07	3.89692e-07	3.02116e-07	2.56945e-07	2.13284e-07	1.94826e-07	1.31785e-07	1.13861e-07	9.56299e-08	8.66679e-08	5.88605e-08	6.20926e-08	4.87232e-08	3.73037e-08	1.73763e-08	7.74655e-10
3.84515e-06	4.38283e-07	4.06723e-07	3.15944e-07	2.68277e-07	2.25445e-07	2.07402e-07	1.34626e-07	1.11173e-07	1.02011e-07	8.70529e-08	5.954e-08	6.20376e-08	4.79873e-08	3.98803e-08	1.56129e-08	5.27553e-09
3.92234e-06	4.82972e-07	4.32475e-07	3.31081e-07	2.78086e-07	2.33386e-07	2.11376e-07	1.4504e-07	1.16847e-07	9.97649e-08	8.77985e-08	6.16486e-08	6.16085e-08	4.67573e-08	3.70746e-08	1.70682e-08	3.27208e-09
4.05188e-06	5.53291e-07	4.76133e-07	3.66706e-07	3.06804e-07	2.55022e-07	2.28737e-07	1.525e-07	1.28125e-07	1.0721e-07	9.20104e-08	6.73683e-08	6.45101e-08	4.90036e-08	3.96543e-08	1.8565e-08	2.01678e-09
4.21637e-06	6.10316e-07	5.05997e-07	3.83941e-07	3.21505e-07	2.69993e-07	2.35082e-07	1.60866e-07	1.34903e-07	1.05267e-07	9.73075e-08	6.38255e-08	6.43464e-08	4.45403e-08	3.36824e-08	1.39965e-08	1.33554e-09
4.41766e-06	6.84465e-07	5.54998e-07	4.11627e-07	3.45251e-07	2.85392e-07	2.4992e-07	1.70749e-07	1.33087e-07	1.06736e-07	1.00473e-07	6.65233e-08	6.67904e-08	4.79326e-08	3.55922e-08	1.61868e-08	1.25541e-09
4.63488e-06	7.60144e-07	6.07741e-07	4.51679e-07	3.74322e-07	3.06809e-07	2.66595e-07	1.81745e-07	1.43601e-07	1.11093e-07	1.04963e-07	6.746e-08	6.79275e-08	5.04982e-08	4.18436e-08	1.94994e-08	6.41077e-10
4.90951e-06	8.41757e-07	6.56854e-07	4.77214e-07	4.03689e-07	3.30484e-07	2.80198e-07	1.87814e-07	1.50604e-07	1.20419e-07	1.04966e-07	7.07341e-08	6.72347e-08	5.16081e-08	4.07495e-08	1.59606e-08	1.78972e-09
5.2647e-06	9.34914e-07	7.07172e-07	5.17751e-07	4.3096e-07	3.55376e-07	2.99359e-07	2.01229e-07	1.55443e-07	1.27434e-07	1.15694e-07	7.32737e-08	7.24456e-08	5.34527e-08	3.97088e-08	2.03553e-08	-9.8838e-10
