6.25616e-06	2.41682e-06	1.36909e-06	9.71868e-07	7.39462e-07	5.88963e-07	4.05059e-07	2.59912e-07	1.77247e-07	1.2981e-07	9.04007e-08	5.96592e-08	4.10065e-08	2.63747e-08	1.58434e-08	8.13474e-09	4.76634e-09
5.15133e-06	1.97302e-06	1.15043e-06	8.37816e-07	6.48657e-07	5.22581e-07	3.60544e-07	2.31233e-07	1.57298e-07	1.16901e-07	8.61715e-08	5.55082e-08	4.15812e-08	2.76809e-08	1.90664e-08	1.32479e-08	8.68106e-09
4.55963e-06	1.74008e-06	1.00656e-06	7.39202e-07	5.72722e-07	4.64411e-07	3.22988e-07	2.07581e-07	1.39652e-07	1.03597e-07	7.35341e-08	4.9289e-08	3.91303e-08	2.46445e-08	1.39532e-08	8.26809e-09	8.8406e-09
4.31097e-06	1.58043e-06	9.00221e-07	6.57577e-07	5.06258e-07	4.11512e-07	2.88792e-07	1.94325e-07	1.32133e-07	9.21764e-08	7.06202e-08	4.42574e-08	3.43248e-08	2.2182e-08	1.40868e-08	9.46662e-09	7.60259e-09
4.06646e-06	1.43854e-06	8.00048e-07	5.90097e-07	4.55557e-07	3.71771e-07	2.58268e-07	1.72844e-07	1.1811e-07	8.50375e-08	6.06859e-08	3.46834e-08	3.01566e-08	1.73217e-08	9.027e-09	5.19252e-09	2.50306e-09
3.93404e-06	1.28679e-06	7.12901e-07	5.25336e-07	4.05006e-07	3.27839e-07	2.23752e-07	1.5472e-07	1.08574e-07	7.74065e-08	5.5878e-08	3.5428e-08	2.64678e-08	1.56837e-08	1.13167e-08	5.00599e-09	4.35361e-09
3.9192e-06	1.16251e-06	6.42045e-07	4.71149e-07	3.66662e-07	2.98922e-07	2.08002e-07	1.45001e-07	9.88018e-08	7.19878e-08	5.25762e-08	3.34975e-08	2.24471e-08	1.48449e-08	7.98828e-09	3.54147e-09	-2.13021e-10
3.74757e-06	1.06419e-06	5.77473e-07	4.2736e-07	3.35135e-07	2.72321e-07	1.86553e-07	1.24977e-07	8.18133e-08	6.42258e-08	4.36959e-08	2.95034e-08	1.84396e-08	1.12502e-08	4.48675e-09	2.63613e-09	-4.12728e-10
3.56956e-06	1.03528e-06	5.40328e-07	3.95167e-07	3.07016e-07	2.51871e-07	1.65411e-07	1.13434e-07	7.22807e-08	5.87139e-08	4.51871e-08	2.79723e-08	2.40847e-08	1.49647e-08	8.06817e-09	8.28119e-09	5.43203e-09
3.43484e-06	1.06358e-06	5.26881e-07	3.78468e-07	2.79731e-07	2.27965e-07	1.52793e-07	1.13117e-07	6.98195e-08	4.75981e-08	4.45226e-08	2.28471e-08	2.79331e-08	1.6403e-08	1.57906e-08	1.05182e-08	6.72365e-09
3.47764e-06	1.06607e-06	5.26644e-07	3.70936e-07	2.74374e-07	2.21059e-07	1.47559e-07	9.45647e-08	6.6909e-08	5.44859e-08	4.12373e-08	2.63109e-08	2.699e-08	1.5925e-08	1.37014e-08	1.19837e-08	7.74946e-09
3.39833e-06	1.12133e-06	5.39252e-07	3.87183e-07	2.78267e-07	2.20894e-07	1.42869e-07	1.06479e-07	7.54021e-08	5.772e-08	4.22481e-08	3.09038e-08	3.05843e-08	2.14236e-08	1.72028e-08	1.00128e-08	3.11568e-09
3.46398e-06	1.13463e-06	5.31771e-07	3.68855e-07	2.56751e-07	1.99281e-07	1.24075e-07	9.0759e-08	6.52996e-08	4.05326e-08	3.2743e-08	2.28895e-08	2.00666e-08	1.33822e-08	1.1984e-08	2.96937e-09	2.79627e-09
3.71194e-06	1.20995e-06	5.39906e-07	3.71029e-07	2.56851e-07	1.90607e-07	1.21648e-07	7.82136e-08	6.46587e-08	3.55916e-08	3.19432e-08	2.13576e-08	1.82552e-08	1.55655e-08	1.42606e-08	7.66957e-09	4.70027e-09
4.25112e-06	1.308e-06	5.57989e-07	3.6755e-07	2.51545e-07	1.93822e-07	1.15752e-07	7.5992e-08	4.99334e-08	3.79893e-08	2.67643e-08	1.91744e-08	1.50999e-08	1.10253e-08	7.24368e-09	5.84554e-09	4.86019e-09
4.7072e-06	1.39195e-06	5.70097e-07	3.58395e-07	2.41837e-07	1.87214e-07	1.17716e-07	7.73144e-08	4.38239e-08	3.30377e-08	2.867e-08	1.41419e-08	1.68185e-08	8.6689e-09	6.6182e-09	1.7977e-09	2.79642e-09
4.77551e-06	1.38881e-06	5.55384e-07	3.52372e-07	2.38727e-07	1.82265e-07	1.12246e-07	7.32549e-08	4.88588e-08	3.66341e-08	2.49154e-08	1.96687e-08	1.49146e-08	1.24111e-08	9.70783e-09	2.96961e-09	3.59549e-09
4.57411e-06	1.25766e-06	4.98295e-07	3.21339e-07	2.15362e-07	1.67088e-07	1.02061e-07	7.23912e-08	4.66228e-08	2.89645e-08	2.54488e-08	1.68726e-08	1.55676e-08	9.45507e-09	7.08464e-09	6.48538e-09	3.9152e-09
4.21371e-06	1.12802e-06	4.47145e-07	3.0697e-07	2.09277e-07	1.61202e-07	9.75071e-08	7.8264e-08	5.40936e-08	3.43445e-08	2.75795e-08	2.24391e-08	1.88835e-08	1.4156e-08	1.40761e-08	1.14127e-08	5.64641e-09
4.09771e-06	1.00451e-06	4.13426e-07	2.90923e-07	2.02112e-07	1.62467e-07	1.00583e-07	7.08597e-08	5.03249e-08	3.62089e-08	2.62878e-08	1.87104e-08	1.96559e-08	1.4369e-08	1.15725e-08	9.92116e-09	7.09796e-09
4.05786e-06	9.23665e-07	3.8338e-07	2.69357e-07	1.90345e-07	1.51365e-07	9.72966e-08	6.6134e-08	4.58783e-08	3.00306e-08	2.29591e-08	1.54481e-08	1.92968e-08	1.46624e-08	1.3304e-08	8.98921e-09	1.10667e-08
4.08168e-06	8.56507e-07	3.60649e-07	2.57671e-07	1.92678e-07	1.54707e-07	9.94619e-08	6.65388e-08	4.20462e-08	3.42949e-08	3.01396e-08	1.47435e-08	2.14027e-08	1.3132e-08	1.1041e-08	9.94886e-09	8.31069e-09
4.04447e-06	7.65396e-07	3.36503e-07	2.40384e-07	1.84047e-07	1.4874e-07	9.80102e-08	6.69517e-08	3.76245e-08	3.1285e-08	2.88477e-08	1.58489e-08	1.89122e-08	1.09477e-08	8.01769e-09	8.68361e-09	9.41612e-09
4.05497e-06	6.92203e-07	3.28574e-07	2.39591e-07	1.88181e-07	1.46693e-07	9.21659e-08	6.50755e-08	4.19142e-08	3.38297e-08	2.59583e-08	1.50768e-08	1.9552e-08	9.9358e-09	9.7893e-09	9.5762e-09	8.53733e-09
4.00132e-06	6.47559e-07	3.14669e-07	2.2875e-07	1.80549e-07	1.4331e-07	8.8117e-08	6.94174e-08	4.76146e-08	3.29773e-08	2.46664e-08	1.8926e-08	1.42111e-08	8.73711e-09	7.8048e-09	7.17882e-09	5.40742e-09
3.99108e-06	6.03284e-07	3.01875e-07	2.19101e-07	1.76682e-07	1.38165e-07	8.85941e-08	6.1571e-08	4.3125e-08	2.71696e-08	2.13361e-08	9.08316e-09	1.42241e-08	3.6892e-09	3.48943e-09	1.43839e-09	1.33184e-09
3.91151e-06	5.93607e-07	2.94166e-07	2.14291e-07	1.67302e-07	1.32472e-07	9.27544e-08	6.90996e-08	4.58178e-08	2.58924e-08	2.53596e-08	1.11082e-08	1.45711e-08	3.87587e-09	4.12893e-09	4.10229e-09	4.95471e-09
3.89012e-06	5.91356e-07	2.95551e-07	2.19219e-07	1.75386e-07	1.38079e-07	8.98641e-08	6.98588e-08	4.63506e-08	2.76905e-08	2.48402e-08	1.34523e-08	1.30261e-08	4.0357e-09	5.83378e-09	2.69046e-09	3.70272e-09
4.03146e-06	5.94417e-07	2.90216e-07	2.18894e-07	1.77619e-07	1.4315e-07	9.36842e-08	6.7353e-08	4.69886e-08	3.47087e-08	2.70771e-08	1.82201e-08	1.56895e-08	8.92358e-09	7.28537e-09	3.87576e-09	4.04891e-09
4.19467e-06	5.96111e-07	2.82059e-07	2.10469e-07	1.77784e-07	1.47789e-07	1.03903e-07	7.58125e-08	4.92275e-08	3.39638e-08	3.18061e-08	1.88332e-08	1.65557e-08	9.36335e-09	8.65743e-09	5.06127e-09	4.76825e-09
4.48885e-06	5.55886e-07	2.61914e-07	2.05509e-07	1.71612e-07	1.40913e-07	1.0402e-07	7.60369e-08	4.44447e-08	3.17386e-08	2.88618e-08	1.79271e-08	1.6502e-08	1.12011e-08	7.72489e-09	3.50284e-09	2.45065e-09
5.07135e-06	5.11908e-07	2.56993e-07	2.01796e-07	1.76514e-07	1.42163e-07	9.95658e-08	7.29661e-08	4.97496e-08	3.44451e-08	2.54808e-08	1.35729e-08	1.28803e-08	5.12814e-09	3.74287e-09	2.87708e-09	2.70393e-09
5.51027e-06	4.99734e-07	2.55634e-07	1.95509e-07	1.79405e-07	1.44747e-07	1.04721e-07	7.1714e-08	4.602e-08	3.19543e-08	2.64266e-08	1.35063e-08	1.06292e-08	8.07182e-09	4.11583e-09	4.47546e-09	4.26235e-09
5.69199e-06	5.75377e-07	2.85431e-07	2.09561e-07	1.9435e-07	1.56774e-07	1.09782e-07	7.41782e-08	5.30263e-08	3.79749e-08	2.67462e-08	1.79951e-08	1.54244e-08	9.13741e-09	4.14247e-09	6.08717e-09	4.7019e-09
5.6659e-06	6.88582e-07	3.18384e-07	2.27037e-07	2.02834e-07	1.63328e-07	1.14231e-07	7.74415e-08	5.50376e-08	3.92669e-08	2.47083e-08	1.59705e-08	1.44254e-08	6.34024e-09	4.59534e-09	1.21211e-09	1.43854e-09
5.63074e-06	7.9147e-07	3.41418e-07	2.47356e-07	2.06305e-07	1.70383e-07	1.20355e-07	7.72929e-08	5.08138e-08	3.93591e-08	2.79842e-08	1.35726e-08	1.75018e-08	8.48451e-09	6.40667e-09	2.6639e-09	4.0358e-09
5.67487e-06	8.72153e-07	3.78853e-07	2.70147e-07	2.25258e-07	1.81328e-07	1.30871e-07	8.99379e-08	5.57317e-08	4.50089e-08	3.26478e-08	1.70232e-08	1.87282e-08	1.12156e-08	7.77899e-09	5.72768e-09	6.12729e-09
5.76197e-06	9.54685e-07	4.11061e-07	2.97027e-07	2.42774e-07	1.98364e-07	1.39955e-07	9.72241e-08	6.26449e-08	4.90583e-08	3.67637e-08	2.00069e-08	2.37233e-08	1.693e-08	1.11756e-08	4.78195e-09	5.50124e-09
5.75264e-06	1.02958e-06	4.53034e-07	3.32863e-07	2.65984e-07	2.1714e-07	1.48569e-07	9.91529e-08	6.87037e-08	4.76184e-08	3.34594e-08	2.303e-08	1.51047e-08	1.10688e-08	6.00725e-09	2.79717e-09	2.05125e-09
5.53306e-06	1.10887e-06	5.11535e-07	3.80092e-07	2.99758e-07	2.45371e-07	1.6942e-07	1.15939e-07	7.61249e-08	5.30144e-08	4.11594e-08	2.63607e-08	2.38565e-08	1.54115e-08	1.09492e-08	8.59152e-09	6.68674e-09
5.32929e-06	1.18945e-06	6.00623e-07	4.43448e-07	3.48526e-07	2.81506e-07	1.91764e-07	1.22146e-07	8.22567e-08	5.96814e-08	4.03958e-08	2.83157e-08	2.74234e-08	1.56496e-08	1.04686e-08	7.28537e-09	7.17882e-09
5.08901e-06	1.3187e-06	7.02611e-07	5.16303e-07	3.98202e-07	3.19552e-07	2.08498e-07	1.32725e-07	8.80128e-08	5.77384e-08	4.1236e-08	2.68913e-08	1.97523e-08	1.32792e-08	7.32552e-09	4.18221e-09	4.34204e-09
4.9886e-06	1.5002e-06	8.18607e-07	6.00826e-07	4.54129e-07	3.58458e-07	2.33351e-07	1.4651e-07	9.61241e-08	6.35855e-08	4.70964e-08	2.83165e-08	2.4667e-08	1.20005e-08	1.0602e-08	9.4033e-09	6.02025e-09
5.22091e-06	1.67226e-06	9.27784e-07	6.63546e-07	4.97136e-07	3.83018e-07	2.47762e-07	1.48721e-07	9.93474e-08	6.53703e-08	4.48455e-08	3.0967e-08	1.80874e-08	1.08817e-08	6.64624e-09	4.48855e-09	5.28769e-09
5.38958e-06	1.82802e-06	9.93141e-07	7.14664e-07	5.27477e-07	4.0979e-07	2.63745e-07	1.57805e-07	1.02264e-07	6.79409e-08	4.40064e-08	3.11801e-08	1.98855e-08	9.90943e-09	7.71177e-09	8.20458e-09	8.73735e-09
5.83126e-06	2.03055e-06	1.08708e-06	7.74327e-07	5.6726e-07	4.46738e-07	2.88751e-07	1.78245e-07	1.1598e-07	8.14576e-08	6.12397e-08	3.54413e-08	3.33768e-08	2.31747e-08	1.7381e-08	1.0655e-08	5.87358e-09
7.06335e-06	2.60979e-06	1.36566e-06	9.21002e-07	6.58076e-07	5.03503e-07	3.12542e-07	1.81185e-07	1.06423e-07	6.93812e-08	5.08937e-08	2.59863e-08	2.07784e-08	1.24937e-08	8.41791e-09	4.26223e-09	5.5409e-09
8.09221e-06	3.31568e-06	1.78787e-06	1.18734e-06	8.26096e-07	6.09702e-07	3.61514e-07	1.95921e-07	1.15909e-07	7.99723e-08	5.44115e-08	3.29533e-08	2.4695e-08	1.70228e-08	8.3249e-09	7.43247e-09	6.40684e-09
8.14083e-06	3.58395e-06	2.04359e-06	1.36047e-06	9.38011e-07	6.83156e-07	4.00024e-07	2.0881e-07	1.18184e-07	7.96372e-08	5.69275e-08	3.29124e-08	2.69187e-08	1.81944e-08	1.02027e-08	6.88617e-09	6.7663e-09
7.81248e-06	3.54539e-06	2.04546e-06	1.3799e-06	9.5237e-07	6.93825e-07	4.00797e-07	2.08969e-07	1.2218e-07	8.87477e-08	5.30382e-08	3.76808e-08	2.80775e-08	1.8261e-08	1.01761e-08	1.00962e-08	7.3124e-09
7.45194e-06	3.35136e-06	1.89305e-06	1.2832e-06	8.92288e-07	6.58791e-07	3.85562e-07	2.06074e-07	1.24907e-07	8.72802e-08	5.49148e-08	3.32312e-08	2.4707e-08	1.62493e-08	1.0016e-08	7.57858e-09	6.80607e-09
7.05694e-06	3.09451e-06	1.76489e-06	1.21393e-06	8.55887e-07	6.39358e-07	3.82885e-07	2.11521e-07	1.32419e-07	8.71071e-08	5.86042e-08	4.06233e-08	2.59856e-08	1.54502e-08	8.72403e-09	7.3122e-09	6.61961e-09
6.64446e-06	2.95269e-06	1.71607e-06	1.20227e-06	8.58741e-07	6.48171e-07	3.94316e-07	2.29163e-07	1.47505e-07	9.50827e-08	6.24384e-08	4.56567e-08	2.98207e-08	1.6169e-08	7.43187e-09	4.51506e-09	-1.46506e-09
6.70625e-06	2.92507e-06	1.70087e-06	1.19923e-06	8.70205e-07	6.62467e-07	4.13213e-07	2.38506e-07	1.51199e-07	1.04941e-07	7.2163e-08	4.66702e-08	3.18194e-08	1.94726e-08	8.9105e-09	4.9414e-09	2.9968e-09
7.06592e-06	3.09057e-06	1.70678e-06	1.18213e-06	8.45174e-07	6.47473e-07	4.0984e-07	2.434e-07	1.57303e-07	1.10858e-07	7.36434e-08	4.72442e-08	3.4271e-08	1.87805e-08	8.64434e-09	1.85141e-09	4.7151e-09
7.73142e-06	3.39493e-06	1.74415e-06	1.15839e-06	8.07139e-07	6.20631e-07	4.01758e-07	2.49814e-07	1.68087e-07	1.17808e-07	7.93287e-08	5.32898e-08	3.85056e-08	2.38812e-08	1.14012e-08	3.75599e-09	-9.85615e-10
8.19126e-06	3.48651e-06	1.70952e-06	1.10105e-06	7.70984e-07	5.96175e-07	3.93769e-07	2.51538e-07	1.68616e-07	1.25916e-07	9.14733e-08	5.76969e-08	5.41275e-08	3.05266e-08	2.15231e-08	1.30924e-08	4.51506e-09
7.62829e-06	3.07027e-06	1.51466e-06	1.00931e-06	7.26412e-07	5.77451e-07	3.95405e-07	2.57459e-07	1.77144e-07	1.30927e-07	9.8415e-08	6.6276e-08	5.65397e-08	3.5349e-08	2.7504e-08	1.88998e-08	1.57432e-08
6.78223e-06	2.56802e-06	1.3252e-06	9.29688e-07	6.94299e-07	5.70258e-07	3.93354e-07	2.63466e-07	1.76199e-07	1.26039e-07	9.51785e-08	6.45978e-08	4.93207e-08	3.04342e-08	2.187e-08	1.42381e-08	7.79169e-09
6.28023e-06	2.29572e-06	1.24226e-06	9.04012e-07	6.87781e-07	5.6092e-07	3.91825e-07	2.57732e-07	1.80669e-07	1.35705e-07	9.64945e-08	6.3384e-08	4.75613e-08	3.42026e-08	2.49327e-08	1.70081e-08	9.86921e-09
6.28956e-06	2.32505e-06	1.2565e-06	9.1981e-07	7.00615e-07	5.68457e-07	3.96143e-07	2.58364e-07	1.77894e-07	1.31812e-07	9.54664e-08	6.1025e-08	4.56822e-08	2.77822e-08	1.84726e-08	1.03884e-08	9.26962e-09
6.76587e-06	2.41175e-06	1.32237e-06	9.512e-07	7.26259e-07	5.80898e-07	4.00269e-07	2.63512e-07	1.82627e-07	1.30284e-07	9.04078e-08	6.1879e-08	4.6669e-08	2.79961e-08	1.67284e-08	1.41179e-08	6.77925e-09
7.41601e-06	2.59441e-06	1.42778e-06	1.00757e-06	7.62707e-07	6.05373e-07	4.13954e-07	2.62414e-07	1.77447e-07	1.29269e-07	9.21466e-08	5.42384e-08	4.4062e-08	2.75454e-08	1.58906e-08	8.64457e-09	3.95599e-09
8.13967e-06	3.00926e-06	1.68286e-06	1.16396e-06	8.62982e-07	6.71035e-07	4.44045e-07	2.73302e-07	1.83209e-07	1.33435e-07	8.88809e-08	5.96446e-08	4.0731e-08	2.51072e-08	1.32396e-08	7.09928e-09	2.07784e-09
8.89308e-06	3.58654e-06	2.10267e-06	1.43789e-06	1.04677e-06	7.95687e-07	5.09137e-07	3.01095e-07	1.96987e-07	1.38127e-07	9.33055e-08	6.10448e-08	4.35159e-08	2.85444e-08	1.6743e-08	1.28803e-08	7.73882e-09
9.15442e-06	3.97712e-06	2.44384e-06	1.7081e-06	1.25529e-06	9.58775e-07	6.13125e-07	3.56106e-07	2.29447e-07	1.56561e-07	1.01391e-07	5.98993e-08	4.37823e-08	2.49081e-08	1.20012e-08	9.72348e-09	4.71522e-09
9.40931e-06	4.13425e-06	2.65261e-06	1.91503e-06	1.45588e-06	1.13941e-06	7.5377e-07	4.47986e-07	2.82953e-07	1.86624e-07	1.22503e-07	7.52438e-08	5.08418e-08	2.54276e-08	1.54111e-08	7.53903e-09	5.14146e-09
9.66222e-06	4.1421e-06	2.72553e-06	2.0418e-06	1.60043e-06	1.28235e-06	8.79722e-07	5.38854e-07	3.43985e-07	2.25598e-07	1.50128e-07	8.97091e-08	5.90069e-08	2.86376e-08	1.41989e-08	5.38121e-09	2.03793e-09
9.64245e-06	3.95266e-06	2.6509e-06	2.05472e-06	1.66641e-06	1.37278e-06	9.69577e-07	6.06788e-07	3.92879e-07	2.65005e-07	1.74894e-07	9.91289e-08	6.51757e-08	3.42196e-08	1.59576e-08	8.32512e-09	1.99803e-10
9.23234e-06	3.75883e-06	2.53618e-06	2.02439e-06	1.67125e-06	1.39844e-06	1.00894e-06	6.57081e-07	4.36171e-07	2.98058e-07	1.93524e-07	1.16602e-07	6.90633e-08	3.56439e-08	1.44121e-08	3.54308e-09	-3.10352e-09
8.96979e-06	3.6632e-06	2.48571e-06	2.0065e-06	1.67693e-06	1.42459e-06	1.04774e-06	6.87786e-07	4.60589e-07	3.19779e-07	2.08777e-07	1.20511e-07	7.87027e-08	3.8106e-08	1.88199e-08	4.56846e-09	2.82365e-09
8.66489e-06	3.68135e-06	2.50789e-06	2.04517e-06	1.71286e-06	1.45839e-06	1.08475e-06	7.17899e-07	4.85428e-07	3.41587e-07	2.22508e-07	1.31906e-07	8.26629e-08	4.4435e-08	2.10587e-08	4.39555e-09	2.15781e-09
8.55565e-06	3.75216e-06	2.57913e-06	2.10493e-06	1.76777e-06	1.50574e-06	1.12057e-06	7.41403e-07	4.97123e-07	3.52028e-07	2.20372e-07	1.27541e-07	7.72222e-08	3.65733e-08	9.77598e-09	-2.31747e-09	-6.25982e-09
8.63045e-06	3.8878e-06	2.71373e-06	2.21654e-06	1.85763e-06	1.57605e-06	1.16721e-06	7.70525e-07	5.21857e-07	3.62986e-07	2.38732e-07	1.39838e-07	9.0277e-08	5.02264e-08	2.39345e-08	1.5024e-08	1.07219e-08
8.82376e-06	4.0821e-06	2.8661e-06	2.33604e-06	1.93254e-06	1.62803e-06	1.18894e-06	7.73968e-07	5.20086e-07	3.64701e-07	2.33064e-07	1.40387e-07	8.84946e-08	5.06939e-08	2.63726e-08	1.64762e-08	9.21708e-09
9.12915e-06	4.25467e-06	3.00441e-06	2.41317e-06	1.97552e-06	1.64064e-06	1.17342e-06	7.41522e-07	4.89611e-07	3.399e-07	2.15256e-07	1.27321e-07	7.86649e-08	4.37545e-08	2.10981e-08	1.13615e-08	7.00605e-09
9.28521e-06	4.38922e-06	3.07087e-06	2.42997e-06	1.95774e-06	1.60203e-06	1.12014e-06	6.98593e-07	4.53275e-07	3.01873e-07	1.91055e-07	1.16079e-07	6.66107e-08	3.64021e-08	1.66893e-08	9.49679e-09	8.80418e-09
9.47136e-06	4.4282e-06	3.06223e-06	2.39192e-06	1.90619e-06	1.54547e-06	1.06464e-06	6.52824e-07	4.18047e-07	2.75546e-07	1.71217e-07	1.03143e-07	6.04955e-08	3.19925e-08	1.69686e-08	5.79382e-09	4.91476e-09
9.8573e-06	4.41984e-06	3.0241e-06	2.32698e-06	1.84652e-06	1.4876e-06	1.0136e-06	6.06559e-07	3.78736e-07	2.50147e-07	1.53937e-07	8.74181e-08	5.61964e-08	2.88108e-08	1.42522e-08	8.83105e-09	6.8464e-09
1.00746e-05	4.4809e-06	2.99824e-06	2.27254e-06	1.79014e-06	1.43331e-06	9.68286e-07	5.70433e-07	3.56083e-07	2.33957e-07	1.39881e-07	7.8252e-08	4.65782e-08	2.39218e-08	8.73758e-09	1.73153e-09	7.19252e-10
1.02067e-05	4.55394e-06	2.97301e-06	2.2233e-06	1.7331e-06	1.38136e-06	9.2344e-07	5.37854e-07	3.31029e-07	2.13085e-07	1.29332e-07	7.44692e-08	4.45936e-08	2.18706e-08	1.07755e-08	4.35547e-09	3.70282e-09
1.0452e-05	4.64165e-06	2.95338e-06	2.17703e-06	1.67644e-06	1.32256e-06	8.66971e-07	4.92554e-07	3.00264e-07	1.94315e-07	1.14327e-07	6.79063e-08	3.76162e-08	1.85284e-08	9.4973e-09	5.8742e-09	3.83621e-09
1.08371e-05	4.83219e-06	2.97623e-06	2.12407e-06	1.58628e-06	1.22167e-06	7.79142e-07	4.32112e-07	2.56819e-07	1.60469e-07	9.83884e-08	5.67928e-08	3.13932e-08	1.92062e-08	1.04289e-08	5.55408e-09	3.80927e-09
1.11319e-05	4.98191e-06	2.91531e-06	1.98239e-06	1.42396e-06	1.06593e-06	6.5419e-07	3.52709e-07	2.02222e-07	1.25859e-07	8.10912e-08	4.56471e-08	2.80249e-08	1.70361e-08	1.05227e-08	5.48777e-09	1.39858e-09
1.09034e-05	4.57636e-06	2.50024e-06	1.62142e-06	1.12363e-06	8.20107e-07	4.88465e-07	2.55308e-07	1.47407e-07	9.614e-08	6.10299e-08	3.19401e-08	2.3056e-08	1.12816e-08	7.7253e-09	6.45995e-09	2.42415e-09
9.30932e-06	3.36785e-06	1.71118e-06	1.08921e-06	7.5323e-07	5.52489e-07	3.33848e-07	1.84239e-07	1.17671e-07	8.12711e-08	4.92262e-08	2.94878e-08	1.82467e-08	1.30657e-08	2.37074e-09	-1.86463e-10	-2.42402e-09
6.53676e-06	2.0272e-06	1.03683e-06	6.94592e-07	5.06113e-07	3.88133e-07	2.46417e-07	1.44313e-07	9.36201e-08	6.65024e-08	4.08364e-08	2.60922e-08	1.83404e-08	1.18007e-08	2.70378e-09	2.59723e-09	4.2488e-09
4.55779e-06	1.48195e-06	7.68187e-07	5.58176e-07	4.13255e-07	3.25884e-07	2.12541e-07	1.29312e-07	8.79438e-08	6.66605e-08	3.92371e-08	2.62113e-08	2.08838e-08	1.01356e-08	3.84912e-09	3.34301e-09	7.51179e-09
3.92634e-06	1.27858e-06	6.74005e-07	4.95778e-07	3.70359e-07	2.96734e-07	1.97778e-07	1.21064e-07	7.21459e-08	5.64701e-08	3.93559e-08	2.06036e-08	1.74338e-08	6.8723e-09	5.58042e-09	1.8779e-09	4.56822e-09
3.52355e-06	1.12942e-06	6.20605e-07	4.54342e-07	3.48348e-07	2.70884e-07	1.85256e-07	1.187e-07	7.46004e-08	5.4968e-08	4.25679e-08	2.33351e-08	2.11375e-08	1.04289e-08	7.08578e-09	2.45072e-09	2.29089e-09
3.29446e-06	1.02939e-06	5.58854e-07	4.17239e-07	3.25782e-07	2.55927e-07	1.74045e-07	1.14831e-07	7.24389e-08	5.82548e-08	4.50695e-08	2.54249e-08	2.53716e-08	1.79532e-08	1.09078e-08	5.75356e-09	-7.32513e-10
3.3117e-06	9.85323e-07	5.20736e-07	3.8978e-07	2.9943e-07	2.43294e-07	1.61388e-07	1.1034e-07	7.46344e-08	5.5523e-08	4.31772e-08	2.89668e-08	2.70623e-08	1.84855e-08	1.67808e-08	1.27987e-08	1.02416e-08
3.54103e-06	9.96777e-07	4.91836e-07	3.71704e-07	2.78315e-07	2.25081e-07	1.47781e-07	1.0126e-07	6.55532e-08	3.96223e-08	3.01929e-08	1.5436e-08	1.67546e-08	5.02104e-09	9.09648e-09	6.68585e-09	7.97773e-09
4.29819e-06	1.01845e-06	4.82552e-07	3.49121e-07	2.6569e-07	2.12533e-07	1.40677e-07	9.18487e-08	6.03623e-08	3.63213e-08	3.06074e-08	1.51572e-08	1.70352e-08	8.36441e-09	9.28343e-09	5.87373e-09	7.63186e-09
5.45614e-06	1.05775e-06	4.7841e-07	3.3098e-07	2.58125e-07	2.04422e-07	1.33271e-07	9.00773e-08	6.1268e-08	3.89318e-08	3.0927e-08	1.83404e-08	1.69153e-08	8.83058e-09	9.04369e-09	3.78263e-09	7.44539e-09
7.21162e-06	1.28982e-06	4.91569e-07	3.22479e-07	2.50772e-07	1.96646e-07	1.26019e-07	8.30803e-08	5.05434e-08	3.54536e-08	2.43194e-08	1.41442e-08	1.39577e-08	5.7136e-09	4.82127e-09	2.677e-09	7.85787e-10
8.89413e-06	1.8627e-06	7.09371e-07	4.13242e-07	2.90536e-07	2.11942e-07	1.27114e-07	7.89803e-08	4.97456e-08	3.76388e-08	2.37074e-08	1.83932e-08	9.21659e-09	9.22991e-09	6.08668e-09	7.25873e-09	2.38406e-09
9.75662e-06	2.4439e-06	9.80662e-07	5.43232e-07	3.57866e-07	2.41316e-07	1.38072e-07	7.51026e-08	4.43104e-08	3.56934e-08	2.03639e-08	1.4557e-08	9.7624e-09	3.6892e-09	2.29077e-09	1.31852e-09	3.51606e-09
9.99877e-06	2.7537e-06	1.07844e-06	5.74994e-07	3.65687e-07	2.55321e-07	1.47484e-07	7.91093e-08	4.69994e-08	3.62784e-08	2.34531e-08	1.57153e-08	9.33596e-09	5.84663e-09	2.77016e-09	3.80897e-09	3.26293e-09
8.99046e-06	2.54002e-06	9.33836e-07	5.12506e-07	3.36214e-07	2.44426e-07	1.43529e-07	7.86964e-08	5.1168e-08	3.49066e-08	2.1775e-08	1.52758e-08	8.74997e-09	5.27395e-09	3.87556e-09	2.75684e-09	5.34054e-09
6.89189e-06	1.94195e-06	7.60242e-07	4.64506e-07	3.24024e-07	2.45299e-07	1.51097e-07	8.57173e-08	5.62037e-08	3.90496e-08	2.62373e-08	1.75004e-08	1.27857e-08	7.20526e-09	3.88898e-09	2.03772e-09	4.95445e-09
5.12283e-06	1.54592e-06	7.07817e-07	4.59742e-07	3.29405e-07	2.51032e-07	1.61899e-07	8.83873e-08	5.11919e-08	4.08443e-08	2.75669e-08	1.63404e-08	1.43428e-08	8.40325e-09	4.42136e-09	9.85484e-10	3.96857e-09
4.49551e-06	1.37072e-06	6.62285e-07	4.34585e-07	3.14343e-07	2.42695e-07	1.53016e-07	8.44986e-08	5.42416e-08	3.49581e-08	2.91117e-08	1.06938e-08	9.94806e-09	4.67439e-09	2.9165e-09	-5.99281e-10	1.86443e-09
4.10378e-06	1.186e-06	5.68786e-07	3.85628e-07	2.8372e-07	2.2166e-07	1.41101e-07	8.10249e-08	4.66919e-08	3.2362e-08	3.0724e-08	1.55151e-08	1.01614e-08	4.2883e-09	6.36586e-09	2.51705e-09	4.71447e-09
3.81462e-06	9.59221e-07	4.55386e-07	3.24406e-07	2.46125e-07	1.94905e-07	1.23202e-07	7.49787e-08	4.21505e-08	3.27749e-08	2.4185e-08	1.29315e-08	6.68549e-09	5.31377e-09	4.79437e-09	3.32943e-09	5.9397e-09
3.64503e-06	7.55121e-07	3.60927e-07	2.71567e-07	2.12452e-07	1.71767e-07	1.18564e-07	7.73605e-08	4.85018e-08	3.2814e-08	2.65282e-08	1.62072e-08	8.41657e-09	6.87175e-09	4.48795e-09	5.42016e-09	5.92622e-09
3.3749e-06	6.42655e-07	3.01292e-07	2.35917e-07	1.92223e-07	1.58876e-07	1.07751e-07	6.86776e-08	4.14836e-08	2.82062e-08	2.15741e-08	1.06539e-08	8.31003e-09	4.47463e-09	3.03636e-09	1.41164e-09	2.59688e-09
3.17429e-06	5.8749e-07	2.78611e-07	2.14251e-07	1.72504e-07	1.4089e-07	9.55469e-08	7.12041e-08	4.89387e-08	2.92833e-08	2.08805e-08	1.22913e-08	8.7224e-09	6.60505e-09	3.86183e-09	4.55429e-09	3.24926e-09
2.83796e-06	5.58821e-07	2.52144e-07	2.03151e-07	1.62561e-07	1.37471e-07	9.35652e-08	6.77835e-08	4.24013e-08	2.55686e-08	1.83109e-08	1.10531e-08	8.20327e-09	3.34257e-09	2.02418e-09	1.99755e-09	-1.65131e-09
2.7633e-06	5.02583e-07	2.36717e-07	1.92908e-07	1.58047e-07	1.32294e-07	8.95363e-08	6.09071e-08	3.91222e-08	2.59661e-08	1.99872e-08	1.15715e-08	1.22107e-08	7.65666e-09	6.33838e-09	5.11332e-09	7.09739e-09
2.77695e-06	4.47853e-07	2.32329e-07	1.85403e-07	1.59742e-07	1.31565e-07	8.59167e-08	5.63279e-08	3.98956e-08	2.81373e-08	1.42351e-08	1.27304e-08	6.49835e-09	4.99361e-09	2.72984e-09	3.06275e-09	2.60999e-09
2.76696e-06	4.40609e-07	2.24686e-07	1.81235e-07	1.5612e-07	1.3267e-07	8.67423e-08	6.18808e-08	3.80313e-08	2.61132e-08	1.92554e-08	9.98722e-09	1.13188e-08	5.64611e-09	3.23586e-09	2.55673e-09	8.52242e-10
2.86405e-06	4.54808e-07	2.44414e-07	1.81606e-07	1.54403e-07	1.26641e-07	8.34998e-08	5.38068e-08	3.73758e-08	2.83481e-08	1.92671e-08	7.0837e-09	1.06255e-08	3.0625e-09	2.64973e-09	2.09049e-09	1.37147e-09
2.77426e-06	5.14208e-07	2.57936e-07	1.94035e-07	1.60027e-07	1.30266e-07	8.42344e-08	5.24501e-08	3.69907e-08	2.91611e-08	1.68043e-08	9.56059e-09	6.27164e-09	4.98003e-09	1.2783e-09	1.17177e-09	-1.25166e-09
2.8749e-06	5.49069e-07	2.72364e-07	1.91323e-07	1.52294e-07	1.20962e-07	7.95228e-08	5.37032e-08	3.41554e-08	2.39154e-08	1.84825e-08	1.5593e-08	8.38904e-09	4.04804e-09	2.22376e-09	2.0906e-09	-3.5953e-10
2.81248e-06	5.8984e-07	2.78615e-07	1.87816e-07	1.4285e-07	1.10732e-07	6.71904e-08	4.85752e-08	3.12383e-08	2.50599e-08	1.29028e-08	8.05593e-09	7.98935e-09	-4.12783e-10	1.66445e-09	5.13981e-09	1.07856e-09
2.69845e-06	6.13199e-07	2.66984e-07	1.81363e-07	1.3537e-07	1.05649e-07	6.53812e-08	4.43953e-08	2.41551e-08	1.85491e-08	1.67514e-08	4.88695e-09	9.34779e-09	1.90418e-09	5.02011e-09	3.23577e-09	2.62324e-09
2.71801e-06	6.02208e-07	2.47823e-07	1.58944e-07	1.15589e-07	8.98378e-08	5.72821e-08	4.0718e-08	2.53256e-08	1.45535e-08	1.72432e-08	4.67364e-09	1.13179e-08	4.43397e-09	6.67093e-09	5.23288e-09	5.21957e-09
2.67909e-06	5.34059e-07	2.02208e-07	1.27473e-07	9.04322e-08	6.95018e-08	4.27396e-08	3.53367e-08	2.53242e-08	1.52851e-08	1.70426e-08	7.26973e-09	8.33489e-09	2.98245e-09	3.91447e-09	3.75469e-09	3.59492e-09
2.4875e-06	4.14372e-07	1.45998e-07	9.71852e-08	7.18071e-08	5.61355e-08	3.60966e-08	2.888e-08	1.91202e-08	1.07984e-08	9.24052e-09	3.83468e-09	7.57616e-09	1.73093e-10	-1.7043e-09	1.33149e-11	-7.98892e-11
2.21867e-06	2.92046e-07	1.00722e-07	6.66107e-08	6.18043e-08	4.85701e-08	3.3565e-08	3.09821e-08	1.40198e-08	9.99893e-09	1.34872e-08	5.12595e-09	1.13304e-08	3.46168e-09	2.95574e-09	1.06513e-09	2.84923e-09
1.96446e-06	2.35867e-07	7.77168e-08	6.371e-08	5.85572e-08	4.83317e-08	3.50172e-08	3.41784e-08	1.70692e-08	1.39669e-08	1.9599e-08	8.52129e-09	1.29284e-08	6.67057e-09	5.71193e-09	3.16885e-09	3.19548e-09
1.09702e-06	2.66344e-07	1.30149e-07	1.09698e-07	7.86755e-08	6.48284e-08	3.8945e-08	3.41517e-08	2.50712e-08	1.6004e-08	1.19032e-08	1.01989e-08	1.18366e-08	7.26973e-09	7.5227e-09	7.64253e-09	5.19266e-09
9.83542e-07	2.50113e-07	1.22114e-07	1.0282e-07	7.12498e-08	6.02114e-08	3.37674e-08	3.4553e-08	2.41405e-08	9.66685e-09	1.17573e-08	9.04104e-09	1.15976e-08	3.98125e-09	5.0731e-09	4.38071e-09	6.20489e-09
8.29028e-07	2.45919e-07	1.132e-07	1.03121e-07	7.785e-08	6.77709e-08	3.42449e-08	3.07299e-08	2.45253e-08	1.44862e-08	1.25822e-08	6.59069e-09	1.35275e-08	3.03571e-09	6.09805e-09	8.58786e-09	6.53743e-09
2.00353e-06	2.69612e-07	1.22306e-07	1.07403e-07	8.98085e-08	7.29869e-08	4.58565e-08	3.70129e-08	2.57052e-08	1.88993e-08	1.44642e-08	8.36419e-09	1.00823e-08	7.92467e-09	6.68602e-09	3.52947e-09	2.06441e-09
2.18232e-06	2.70491e-07	1.18684e-07	1.01729e-07	8.63722e-08	7.0736e-08	4.50574e-08	4.0862e-08	2.60915e-08	1.62223e-08	1.26795e-08	6.23319e-09	1.01622e-08	4.90131e-09	5.55393e-09	5.74039e-09	3.46288e-09
2.36712e-06	2.93713e-07	1.17994e-07	1.05274e-07	8.6228e-08	7.28023e-08	4.01039e-08	4.01971e-08	2.71044e-08	1.52504e-08	1.3106e-08	5.18114e-09	1.0269e-08	4.44859e-09	5.08791e-09	5.27437e-09	3.10336e-09
2.6879e-06	3.06425e-07	1.22666e-07	1.08908e-07	9.08207e-08	8.00059e-08	4.876e-08	3.71594e-08	2.6784e-08	1.77006e-08	1.21334e-08	6.33974e-09	1.30524e-08	3.82249e-09	7.20546e-09	5.8203e-09	7.44519e-09
3.14572e-06	3.11524e-07	1.43854e-07	1.12113e-07	1.01817e-07	8.26762e-08	5.41718e-08	4.65661e-08	2.71059e-08	1.71826e-08	1.20944e-08	1.42522e-09	1.06292e-08	8.65789e-10	1.45186e-09	1.15883e-09	-2.58405e-09
3.55514e-06	3.21119e-07	1.65002e-07	1.21594e-07	1.08647e-07	8.33666e-08	5.34378e-08	4.72042e-08	2.69054e-08	1.16013e-08	1.4132e-08	2.4641e-09	1.05757e-08	1.66494e-09	4.98149e-09	4.46203e-09	1.30531e-09
3.87836e-06	3.70631e-07	2.088e-07	1.4265e-07	1.27318e-07	9.73066e-08	6.39253e-08	5.10577e-08	3.44203e-08	2.05136e-08	1.79694e-08	1.06298e-08	1.33072e-08	6.32726e-09	1.08562e-08	8.37862e-09	5.35486e-09
3.89212e-06	5.17623e-07	2.69467e-07	1.87615e-07	1.51264e-07	1.07667e-07	6.23119e-08	5.12161e-08	2.82521e-08	1.71564e-08	1.38264e-08	8.79133e-10	1.28939e-08	-1.5185e-09	2.93044e-09	3.80957e-09	3.33005e-09
3.84629e-06	7.18663e-07	3.47662e-07	2.41828e-07	1.88744e-07	1.38497e-07	8.20834e-08	6.18756e-08	4.21074e-08	2.95058e-08	2.19795e-08	1.05635e-08	1.99814e-08	7.67284e-09	7.81937e-09	7.24657e-09	4.88877e-09
3.85863e-06	8.74357e-07	4.10417e-07	2.77181e-07	1.98268e-07	1.51965e-07	8.93832e-08	6.6791e-08	4.19209e-08	2.57759e-08	1.91421e-08	7.87265e-09	1.33076e-08	-1.06567e-10	2.87731e-09	2.01146e-09	9.59105e-10
3.99133e-06	1.00426e-06	4.69387e-07	3.19146e-07	2.23497e-07	1.70277e-07	1.04841e-07	7.10042e-08	4.40146e-08	3.09328e-08	2.20473e-08	1.0191e-08	1.46538e-08	7.73986e-09	6.2878e-09	6.22119e-09	1.41209e-09
4.2794e-06	1.11589e-06	5.24805e-07	3.54844e-07	2.48321e-07	1.84656e-07	1.13969e-07	7.6548e-08	4.62539e-08	2.99877e-08	2.32335e-08	8.27294e-09	1.08041e-08	3.79676e-09	6.64766e-09	5.74177e-09	5.98156e-09
4.89272e-06	1.21901e-06	5.83939e-07	3.90363e-07	2.77343e-07	2.07964e-07	1.24664e-07	8.55647e-08	5.40857e-08	3.35838e-08	2.7256e-08	1.71582e-08	1.59593e-08	9.08534e-09	8.89884e-09	8.57912e-09	5.03557e-09
6.01138e-06	1.26341e-06	6.04026e-07	3.87154e-07	2.81223e-07	2.09878e-07	1.29873e-07	9.17557e-08	5.2213e-08	3.42535e-08	3.14956e-08	1.12047e-08	1.63474e-08	4.67638e-09	7.87391e-09	3.74377e-09	4.70303e-09
7.30058e-06	1.34836e-06	6.22599e-07	3.84809e-07	2.92201e-07	2.21988e-07	1.40172e-07	9.22353e-08	5.69027e-08	3.77441e-08	3.13757e-08	1.18575e-08	1.58011e-08	8.46012e-09	7.62077e-09	4.40992e-09	2.07839e-09
8.33433e-06	1.47581e-06	6.21399e-07	3.83117e-07	2.94306e-07	2.21802e-07	1.45581e-07	9.15692e-08	6.12593e-08	4.34464e-08	3.02699e-08	1.97314e-08	1.86123e-08	1.12047e-08	8.23363e-09	4.88955e-09	2.55802e-09
9.27795e-06	1.59096e-06	5.88134e-07	3.57293e-07	2.76007e-07	2.12601e-07	1.41055e-07	9.38766e-08	5.9782e-08	3.72255e-08	2.65135e-08	1.59881e-08	1.34166e-08	7.87412e-09	6.71499e-09	2.75794e-09	3.03773e-09
9.94045e-06	1.59221e-06	5.26553e-07	3.28892e-07	2.68073e-07	2.1526e-07	1.49884e-07	9.60857e-08	6.25383e-08	4.28469e-08	3.45733e-08	1.49085e-08	1.73333e-08	7.22108e-09	5.35586e-09	2.82448e-09	2.13168e-10
9.71158e-06	1.47362e-06	4.34571e-07	2.96171e-07	2.51059e-07	2.12396e-07	1.53495e-07	9.68984e-08	6.92265e-08	4.62842e-08	3.67849e-08	1.61875e-08	1.64273e-08	5.94207e-09	3.34408e-09	-2.13168e-10	1.34563e-09
8.98329e-06	1.2989e-06	3.94609e-07	2.95201e-07	2.53737e-07	2.15551e-07	1.56927e-07	1.12239e-07	7.34804e-08	5.22957e-08	3.98247e-08	2.23039e-08	1.856e-08	1.07256e-08	4.63666e-09	2.55816e-09	-1.0659e-10
7.8221e-06	1.14351e-06	4.3013e-07	3.28923e-07	2.79239e-07	2.34631e-07	1.68319e-07	1.18941e-07	8.34999e-08	5.71322e-08	4.46878e-08	2.68873e-08	2.31167e-08	1.47494e-08	1.0619e-08	8.10083e-09	7.70112e-09
6.68404e-06	1.03548e-06	4.6348e-07	3.48003e-07	2.92816e-07	2.38615e-07	1.6724e-07	1.10027e-07	8.02089e-08	5.80649e-08	3.66003e-08	2.42759e-08	1.78405e-08	1.07256e-08	8.30069e-09	6.82176e-09	5.16961e-09
5.89452e-06	9.1012e-07	4.67304e-07	3.44036e-07	2.92608e-07	2.3597e-07	1.6926e-07	1.07253e-07	7.23993e-08	5.91159e-08	3.43344e-08	2.03448e-08	1.50554e-08	6.22202e-09	3.18429e-09	9.32637e-10	2.26498e-09
5.3519e-06	7.7702e-07	4.56965e-07	3.41505e-07	2.95393e-07	2.39781e-07	1.72458e-07	1.12223e-07	8.14725e-08	5.99286e-08	3.73854e-08	2.59806e-08	1.87194e-08	8.74014e-09	8.70017e-09	7.48774e-09	4.9563e-09
5.14449e-06	6.93251e-07	4.41898e-07	3.38938e-07	2.96504e-07	2.41253e-07	1.76224e-07	1.19388e-07	8.7519e-08	6.10461e-08	4.36063e-08	3.04564e-08	2.59533e-08	1.60409e-08	1.14445e-08	8.04711e-09	4.36995e-09
5.03541e-06	6.20284e-07	4.02819e-07	3.1719e-07	2.74821e-07	2.26045e-07	1.64717e-07	1.14728e-07	7.66628e-08	5.44394e-08	3.72389e-08	2.13307e-08	1.27105e-08	4.96962e-09	4.76977e-09	4.26348e-10	1.41228e-09
5.04018e-06	5.8062e-07	3.85432e-07	3.15458e-07	2.76673e-07	2.24139e-07	1.59614e-07	1.12849e-07	7.82616e-08	5.29338e-08	4.06363e-08	2.17438e-08	1.6108e-08	4.27681e-09	7.12801e-09	1.66542e-09	3.85046e-09
5.12578e-06	5.59331e-07	3.74544e-07	3.07738e-07	2.79545e-07	2.31327e-07	1.69638e-07	1.11813e-07	7.60253e-08	5.6959e-08	3.99979e-08	2.53151e-08	2.00522e-08	1.00594e-08	5.43609e-09	4.34354e-09	4.17033e-09
5.07984e-06	6.08109e-07	3.99686e-07	3.20423e-07	2.86021e-07	2.35297e-07	1.73155e-07	1.19327e-07	8.40328e-08	6.13558e-08	4.59936e-08	3.08844e-08	2.26637e-08	1.42431e-08	7.86101e-09	5.96904e-09	3.41088e-09
4.8683e-06	6.98729e-07	4.16138e-07	3.24295e-07	2.88667e-07	2.39634e-07	1.78516e-07	1.26126e-07	8.23296e-08	5.91856e-08	4.91792e-08	2.69147e-08	1.93333e-08	1.41369e-08	9.71327e-09	5.40958e-09	6.66205e-09
4.79849e-06	8.00805e-07	4.48143e-07	3.51263e-07	3.04122e-07	2.50959e-07	1.80235e-07	1.2502e-07	8.49145e-08	6.83926e-08	5.08847e-08	2.58088e-08	2.66482e-08	1.58024e-08	1.04061e-08	4.73005e-09	5.79598e-09
4.91558e-06	8.62855e-07	4.76789e-07	3.79803e-07	3.18073e-07	2.62445e-07	1.90042e-07	1.30283e-07	8.78991e-08	6.45686e-08	4.80867e-08	2.64883e-08	1.96664e-08	1.19784e-08	9.03374e-09	5.38293e-09	-1.59889e-10
5.13953e-06	9.59588e-07	5.12578e-07	4.07398e-07	3.37606e-07	2.84123e-07	2.04725e-07	1.37625e-07	9.02308e-08	6.90588e-08	4.9952e-08	2.73144e-08	2.37169e-08	1.66018e-08	7.16836e-09	3.06454e-09	1.17252e-09
5.46623e-06	1.12236e-06	5.87946e-07	4.53429e-07	3.65549e-07	3.06878e-07	2.16187e-07	1.48522e-07	1.00512e-07	7.22623e-08	5.20348e-08	2.83959e-08	2.90355e-08	1.52573e-08	9.98055e-09	5.05024e-09	1.50574e-09
5.76745e-06	1.31783e-06	6.90273e-07	5.18294e-07	4.0994e-07	3.32885e-07	2.23051e-07	1.40266e-07	9.8974e-08	7.01266e-08	4.45703e-08	2.62492e-08	2.07195e-08	1.22851e-08	6.22252e-09	5.20986e-09	1.62558e-09
6.00913e-06	1.47446e-06	7.93612e-07	5.74246e-07	4.48819e-07	3.52588e-07	2.33024e-07	1.48212e-07	9.46861e-08	6.89026e-08	4.11736e-08	2.42911e-08	2.18527e-08	1.06598e-08	4.75696e-09	1.86547e-10	-1.33248e-10
6.17593e-06	1.62014e-06	8.80633e-07	6.191e-07	4.78147e-07	3.74131e-07	2.50886e-07	1.56704e-07	9.32495e-08	6.61594e-08	4.62516e-08	2.36255e-08	2.14935e-08	1.15796e-08	5.03691e-09	-1.19926e-10	-1.57237e-09
6.18687e-06	1.73338e-06	9.26978e-07	6.45511e-07	4.82904e-07	3.73904e-07	2.42931e-07	1.47976e-07	9.59278e-08	6.22418e-08	4.35599e-08	2.6144e-08	2.12003e-08	1.52973e-08	7.92847e-09	5.63654e-09	5.983e-09
5.89172e-06	1.70454e-06	8.94268e-07	6.17791e-07	4.59066e-07	3.5372e-07	2.26402e-07	1.27758e-07	8.10148e-08	6.28664e-08	4.2786e-08	2.43577e-08	2.32251e-08	1.47239e-08	1.0873e-08	1.04333e-08	7.98156e-09
5.35462e-06	1.52421e-06	7.74292e-07	5.24546e-07	3.82029e-07	2.93415e-07	1.8749e-07	1.08603e-07	6.49086e-08	5.05837e-08	3.60455e-08	1.68568e-08	1.71899e-08	1.28858e-08	9.82091e-09	6.91594e-09	6.28964e-09
4.63264e-06	1.23635e-06	6.08e-07	4.05138e-07	2.89796e-07	2.20358e-07	1.39728e-07	8.80793e-08	5.97234e-08	4.2947e-08	2.7783e-08	2.04408e-08	2.26927e-08	1.64965e-08	1.37516e-08	8.66135e-09	8.28825e-09
3.70259e-06	9.20447e-07	4.38863e-07	2.99864e-07	2.1622e-07	1.68848e-07	1.09842e-07	7.06919e-08	4.0936e-08	3.82176e-08	2.81968e-08	1.34987e-08	1.7603e-08	1.75231e-08	1.12601e-08	1.06071e-08	9.92751e-09
2.89344e-06	7.00085e-07	3.29096e-07	2.37182e-07	1.74142e-07	1.36539e-07	8.69444e-08	5.8336e-08	3.647e-08	2.58768e-08	2.44643e-08	1.22721e-08	1.05399e-08	1.0873e-08	8.60782e-09	7.92826e-09	6.91557e-09
2.43184e-06	5.69889e-07	2.73039e-07	2.10785e-07	1.57339e-07	1.29117e-07	8.26538e-08	5.17935e-08	3.20062e-08	2.63032e-08	2.18127e-08	1.30983e-08	1.29251e-08	1.13128e-08	8.03486e-09	6.6624e-09	6.32928e-09
2.15563e-06	4.86289e-07	2.30886e-07	1.81079e-07	1.35989e-07	1.13524e-07	7.35243e-08	5.20187e-08	3.4497e-08	2.71286e-08	2.2545e-08	1.13791e-08	1.5483e-08	1.45769e-08	1.00866e-08	7.82145e-09	4.53031e-09
1.9514e-06	4.17013e-07	1.96194e-07	1.57206e-07	1.17618e-07	9.36334e-08	6.10543e-08	4.62904e-08	2.99408e-08	1.9734e-08	1.83083e-08	1.12595e-08	1.24587e-08	1.17525e-08	9.96695e-09	9.03422e-09	9.78041e-09
1.8081e-06	3.55959e-07	1.64521e-07	1.35154e-07	1.03387e-07	8.40529e-08	6.17205e-08	4.79693e-08	2.86617e-08	2.21325e-08	2.1333e-08	1.38445e-08	1.38578e-08	1.40843e-08	1.09663e-08	1.06865e-08	1.18324e-08
1.67597e-06	3.03741e-07	1.36662e-07	1.22552e-07	9.46519e-08	7.88899e-08	5.17361e-08	3.84923e-08	2.54883e-08	2.65009e-08	2.37562e-08	1.33104e-08	1.30972e-08	8.62046e-09	6.96832e-09	4.96976e-09	5.46273e-09
1.57473e-06	2.58214e-07	1.10854e-07	1.03725e-07	8.26472e-08	7.17483e-08	4.84318e-08	3.50814e-08	2.35031e-08	1.78938e-08	2.00656e-08	9.12676e-09	1.25243e-08	8.80699e-09	6.9017e-09	4.67663e-09	5.5027e-09
1.49402e-06	2.2468e-07	9.42071e-08	8.92377e-08	6.79341e-08	5.95406e-08	4.18876e-08	3.39204e-08	2.45677e-08	1.97181e-08	1.61742e-08	9.59258e-09	1.32697e-08	9.63255e-09	8.30025e-09	7.44757e-09	7.44757e-09
1.48641e-06	2.67244e-07	7.48001e-08	9.54691e-08	6.20602e-08	5.73294e-08	2.55597e-08	3.00107e-08	2.21482e-08	1.28198e-08	1.14072e-08	4.73081e-09	1.54051e-08	2.9984e-09	1.17671e-08	3.99787e-11	1.71908e-09
1.67372e-06	2.84235e-07	9.16711e-08	1.0657e-07	7.35741e-08	6.82569e-08	3.67537e-08	4.11381e-08	3.37154e-08	2.66258e-08	1.98161e-08	1.5032e-08	2.20949e-08	1.35128e-08	1.17138e-08	5.51706e-09	-1.23934e-09
1.81926e-06	2.91908e-07	9.46104e-08	1.10776e-07	7.77914e-08	6.94352e-08	3.55839e-08	3.73964e-08	2.90802e-08	2.12837e-08	1.54996e-08	1.34872e-08	1.69523e-08	9.75558e-09	1.12216e-08	1.13015e-08	8.94261e-09
2.01907e-06	3.07047e-07	1.01647e-07	1.07791e-07	8.29091e-08	7.31802e-08	4.15412e-08	3.76629e-08	2.76408e-08	2.4962e-08	1.35938e-08	8.03636e-09	1.65658e-08	6.65032e-09	9.16918e-09	9.38241e-09	4.06482e-09
2.23798e-06	3.55182e-07	1.23574e-07	1.27386e-07	9.46929e-08	8.02991e-08	4.53407e-08	4.57272e-08	3.21196e-08	2.21905e-08	1.43405e-08	8.79625e-09	1.39674e-08	5.25109e-09	6.49056e-09	4.94456e-09	-3.73174e-10
2.32821e-06	4.25304e-07	1.56443e-07	1.47713e-07	1.08232e-07	9.2677e-08	5.63286e-08	5.48758e-08	3.89875e-08	2.43255e-08	2.16197e-08	1.30225e-08	1.71412e-08	8.91715e-09	9.9968e-09	7.86415e-09	1.6528e-09
2.45263e-06	5.33403e-07	2.02082e-07	1.84434e-07	1.26799e-07	1.09378e-07	7.01376e-08	5.89278e-08	4.4719e-08	2.64182e-08	2.33525e-08	1.74478e-08	2.80444e-08	8.97046e-09	1.16096e-08	7.99744e-09	6.45127e-09
2.61461e-06	6.31868e-07	2.41929e-07	2.14084e-07	1.47677e-07	1.30882e-07	8.2829e-08	6.22617e-08	4.50135e-08	2.95113e-08	2.12071e-08	1.20098e-08	1.96476e-08	5.51838e-09	5.42508e-09	4.62531e-09	6.43811e-09
2.79321e-06	7.24786e-07	3.13058e-07	2.62057e-07	1.85369e-07	1.5447e-07	9.29777e-08	7.65283e-08	5.41603e-08	3.59914e-08	2.74734e-08	1.54363e-08	1.74358e-08	8.67792e-09	5.99856e-09	3.98571e-09	8.79789e-10
2.97187e-06	8.67908e-07	3.76813e-07	3.16186e-07	2.25312e-07	1.92252e-07	1.22854e-07	9.70593e-08	7.12781e-08	4.70833e-08	3.67255e-08	2.76208e-08	2.00624e-08	1.38237e-08	1.16109e-08	8.37155e-09	2.82606e-09
3.057e-06	9.31264e-07	4.41169e-07	3.64142e-07	2.64798e-07	2.24697e-07	1.4555e-07	1.13422e-07	7.72943e-08	4.94454e-08	4.15667e-08	2.62758e-08	2.18365e-08	1.09183e-08	8.81192e-09	4.93254e-09	1.59974e-09
3.20927e-06	9.9548e-07	5.12172e-07	4.27994e-07	3.27018e-07	2.76051e-07	1.83994e-07	1.34306e-07	9.6603e-08	6.54997e-08	4.66884e-08	3.38231e-08	2.36641e-08	1.03989e-08	8.82573e-09	5.09279e-09	1.75981e-09
3.43994e-06	1.04277e-06	5.67153e-07	4.80069e-07	3.73134e-07	3.18446e-07	2.2283e-07	1.57517e-07	1.06749e-07	7.49387e-08	5.53008e-08	2.92502e-08	3.14633e-08	1.41185e-08	1.24253e-08	8.57242e-09	6.94593e-09
3.6485e-06	1.11132e-06	6.29077e-07	5.35119e-07	4.22322e-07	3.62004e-07	2.553e-07	1.87248e-07	1.28557e-07	9.24509e-08	6.69049e-08	4.12122e-08	3.6239e-08	2.11328e-08	1.59996e-08	1.03197e-08	5.45319e-09
3.71252e-06	1.16523e-06	6.67827e-07	5.73533e-07	4.54973e-07	3.9204e-07	2.75093e-07	2.01227e-07	1.44053e-07	9.69067e-08	6.99067e-08	4.50133e-08	3.42267e-08	1.8e-08	8.8e-09	2.64e-09	-9.73333e-10
3.84934e-06	1.19659e-06	7.02419e-07	6.07656e-07	4.86333e-07	4.16851e-07	2.96968e-07	2.04699e-07	1.47031e-07	1.09203e-07	7.20686e-08	5.12814e-08	4.17344e-08	2.37873e-08	1.44004e-08	9.20025e-09	6.78685e-09
4.15154e-06	1.20494e-06	7.21812e-07	6.17513e-07	5.002e-07	4.29543e-07	3.08496e-07	2.19505e-07	1.51008e-07	1.14779e-07	8.02176e-08	5.17894e-08	4.34957e-08	2.31612e-08	1.55342e-08	7.80042e-09	4.28023e-09
4.43419e-06	1.18605e-06	7.26998e-07	6.12985e-07	5.00227e-07	4.28979e-07	3.12913e-07	2.21624e-07	1.57643e-07	1.19213e-07	8.63425e-08	5.42591e-08	4.57515e-08	2.51227e-08	1.72952e-08	7.88084e-09	5.54726e-09
4.69474e-06	1.14433e-06	7.09945e-07	5.91058e-07	4.87266e-07	4.16156e-07	3.02376e-07	2.15051e-07	1.52528e-07	1.13099e-07	8.51779e-08	5.40829e-08	4.25489e-08	2.54147e-08	1.39207e-08	8.25377e-09	4.24023e-09
4.77896e-06	1.08342e-06	6.62315e-07	5.5234e-07	4.55501e-07	3.89852e-07	2.88612e-07	2.06561e-07	1.46019e-07	1.10561e-07	8.48646e-08	5.43806e-08	4.04054e-08	2.7417e-08	1.80024e-08	1.0068e-08	1.45353e-09
4.82442e-06	1.04683e-06	6.21896e-07	5.20869e-07	4.27044e-07	3.65649e-07	2.65689e-07	1.968e-07	1.44966e-07	1.08134e-07	8.20243e-08	5.57008e-08	4.59261e-08	2.86572e-08	1.72823e-08	9.66796e-09	1.13348e-09
4.9293e-06	1.04278e-06	5.89485e-07	4.9104e-07	3.98195e-07	3.38285e-07	2.4872e-07	1.85623e-07	1.40061e-07	1.01872e-07	7.48307e-08	5.31495e-08	4.46157e-08	2.61747e-08	1.92544e-08	1.17073e-08	6.25367e-09
5.09253e-06	1.10328e-06	5.93359e-07	4.88865e-07	3.95119e-07	3.39405e-07	2.45259e-07	1.82024e-07	1.38232e-07	1.00427e-07	7.86238e-08	5.19003e-08	4.43926e-08	2.7297e-08	1.9816e-08	1.24817e-08	7.05427e-09
5.19424e-06	1.16673e-06	6.17802e-07	5.02987e-07	4.02974e-07	3.45819e-07	2.44019e-07	1.83078e-07	1.35191e-07	1.00747e-07	7.70769e-08	5.48873e-08	4.58728e-08	2.59501e-08	1.85758e-08	1.16416e-08	6.70756e-09
5.16373e-06	1.20399e-06	6.30897e-07	5.05667e-07	4.03694e-07	3.44059e-07	2.48633e-07	1.84545e-07	1.2827e-07	9.88932e-08	8.10775e-08	5.43672e-08	4.67262e-08	2.83638e-08	1.91492e-08	1.27484e-08	6.09415e-09
5.27477e-06	1.19546e-06	6.35345e-07	5.10482e-07	4.07196e-07	3.46451e-07	2.4886e-07	1.78607e-07	1.29091e-07	9.76849e-08	7.51207e-08	4.96093e-08	4.38749e-08	2.61382e-08	1.65898e-08	7.89481e-09	2.8672e-09
5.33616e-06	1.17327e-06	6.28594e-07	5.018e-07	4.01744e-07	3.39601e-07	2.42625e-07	1.72828e-07	1.23833e-07	9.62554e-08	6.97712e-08	4.66208e-08	4.51939e-08	2.37505e-08	1.4469e-08	1.00683e-08	4.60074e-09
5.34565e-06	1.15273e-06	6.11268e-07	4.90945e-07	3.90519e-07	3.28697e-07	2.32004e-07	1.69796e-07	1.2139e-07	8.80251e-08	6.77824e-08	4.82864e-08	3.80184e-08	2.26297e-08	1.5282e-08	7.78771e-09	2.66702e-09
5.35763e-06	1.13425e-06	5.8184e-07	4.72836e-07	3.72833e-07	3.17237e-07	2.25089e-07	1.65146e-07	1.17045e-07	8.37734e-08	6.83976e-08	4.64474e-08	3.82194e-08	2.33504e-08	1.52291e-08	9.24148e-09	1.61359e-09
5.53682e-06	1.08971e-06	5.5353e-07	4.46883e-07	3.60414e-07	3.04457e-07	2.17147e-07	1.5935e-07	1.17155e-07	8.99768e-08	6.84528e-08	5.24498e-08	4.55152e-08	3.10058e-08	2.02438e-08	1.44027e-08	1.0682e-08
5.68617e-06	1.04748e-06	5.27512e-07	4.23746e-07	3.4113e-07	2.8696e-07	2.07559e-07	1.54762e-07	1.12474e-07	8.25754e-08	6.52655e-08	4.12744e-08	4.0941e-08	2.53647e-08	1.68698e-08	1.06687e-08	5.33433e-09
5.77397e-06	1.04991e-06	5.20205e-07	4.25409e-07	3.39095e-07	2.88149e-07	2.03676e-07	1.50569e-07	1.10253e-07	8.10061e-08	6.00277e-08	4.75581e-08	4.165e-08	2.63263e-08	1.6484e-08	1.07759e-08	6.5349e-09
5.90277e-06	1.05313e-06	5.1731e-07	4.23559e-07	3.38597e-07	2.90067e-07	2.05545e-07	1.50401e-07	1.06233e-07	8.44024e-08	6.50521e-08	4.4715e-08	4.03009e-08	2.91121e-08	1.68565e-08	1.22823e-08	4.9876e-09
6.03753e-06	1.06842e-06	5.21272e-07	4.17167e-07	3.35654e-07	2.85162e-07	2.03182e-07	1.45982e-07	1.02331e-07	7.60716e-08	5.92275e-08	4.12099e-08	3.26878e-08	2.12051e-08	1.58571e-08	7.90856e-09	3.00072e-09
6.18124e-06	1.09938e-06	5.50384e-07	4.31599e-07	3.46101e-07	2.89608e-07	2.04257e-07	1.43164e-07	1.03782e-07	7.5136e-08	5.72922e-08	3.97685e-08	3.146e-08	2.00043e-08	1.24827e-08	4.02753e-09	1.17358e-09
6.3402e-06	1.13866e-06	5.77981e-07	4.50974e-07	3.61643e-07	2.99733e-07	2.07895e-07	1.52947e-07	1.07109e-07	7.42998e-08	6.07229e-08	3.91304e-08	3.54895e-08	2.09122e-08	1.42571e-08	8.73566e-09	6.06828e-09
6.47921e-06	1.17427e-06	5.89995e-07	4.63271e-07	3.69355e-07	3.09314e-07	2.14585e-07	1.49276e-07	1.04545e-07	7.98458e-08	6.02278e-08	3.98362e-08	3.23278e-08	2.20453e-08	1.28964e-08	8.40202e-09	4.161e-09
6.73817e-06	1.21669e-06	6.22199e-07	4.87624e-07	3.90257e-07	3.21242e-07	2.21381e-07	1.50352e-07	1.11677e-07	8.46714e-08	5.95594e-08	4.94772e-08	3.73013e-08	2.82994e-08	1.88173e-08	9.33532e-09	1.547e-09
6.96152e-06	1.27639e-06	6.43621e-07	4.9832e-07	4.00309e-07	3.21531e-07	2.22107e-07	1.57558e-07	1.1304e-07	8.27399e-08	5.84007e-08	3.99963e-08	3.36881e-08	2.14185e-08	1.399e-08	8.7621e-09	4.77448e-09
7.23458e-06	1.37021e-06	6.72579e-07	5.18352e-07	4.10589e-07	3.30942e-07	2.26194e-07	1.62737e-07	1.15858e-07	8.76367e-08	6.10296e-08	4.39717e-08	3.57162e-08	2.35396e-08	1.70979e-08	9.49587e-09	4.38784e-09
7.54204e-06	1.49242e-06	7.15103e-07	5.34223e-07	4.1947e-07	3.42367e-07	2.32095e-07	1.575e-07	1.10712e-07	8.50116e-08	6.15514e-08	3.83846e-08	3.70242e-08	2.41404e-08	1.5978e-08	8.70922e-09	5.36157e-09
7.83721e-06	1.63208e-06	7.80475e-07	5.6123e-07	4.32809e-07	3.47946e-07	2.3885e-07	1.6107e-07	1.07282e-07	8.15551e-08	6.37637e-08	3.57162e-08	3.69965e-08	2.21126e-08	1.26834e-08	7.04188e-09	1.64044e-09
8.00999e-06	1.78573e-06	8.62529e-07	6.12076e-07	4.63508e-07	3.71679e-07	2.4964e-07	1.69734e-07	1.17464e-07	8.58675e-08	6.61278e-08	4.22002e-08	3.85323e-08	2.6942e-08	1.69654e-08	1.07234e-08	3.2277e-09
8.04104e-06	1.89321e-06	9.28419e-07	6.57153e-07	4.91851e-07	3.89768e-07	2.58796e-07	1.75198e-07	1.16061e-07	8.30777e-08	6.50591e-08	3.82912e-08	3.62506e-08	2.46206e-08	1.65115e-08	9.62949e-09	4.32127e-09
8.09137e-06	1.95902e-06	9.88117e-07	6.96639e-07	5.2314e-07	4.10083e-07	2.67685e-07	1.7578e-07	1.20939e-07	8.78501e-08	6.01894e-08	4.22913e-08	3.3889e-08	2.3793e-08	1.39104e-08	8.88237e-09	3.96106e-09
8.0963e-06	2.02241e-06	1.04202e-06	7.3679e-07	5.50519e-07	4.33491e-07	2.87829e-07	1.91806e-07	1.29351e-07	8.71276e-08	6.935e-08	4.50508e-08	4.05564e-08	2.53661e-08	1.74975e-08	1.11627e-08	6.64159e-09
8.1309e-06	2.06149e-06	1.08447e-06	7.85867e-07	5.83656e-07	4.58686e-07	3.00576e-07	1.93863e-07	1.31665e-07	9.17771e-08	6.64391e-08	4.50884e-08	3.65001e-08	2.24575e-08	1.2669e-08	5.60105e-09	5.7344e-10
8.15208e-06	2.10416e-06	1.13986e-06	8.20499e-07	6.14577e-07	4.84823e-07	3.17205e-07	2.02254e-07	1.35569e-07	9.98533e-08	6.55108e-08	4.19712e-08	3.32889e-08	2.08989e-08	1.15097e-08	6.54841e-09	-1.1203e-09
8.07717e-06	2.14321e-06	1.17366e-06	8.48053e-07	6.39597e-07	5.04174e-07	3.30968e-07	2.17605e-07	1.45639e-07	9.99066e-08	7.11123e-08	4.87197e-08	3.67165e-08	2.31795e-08	1.47106e-08	7.32195e-09	2.40064e-09
8.05959e-06	2.17064e-06	1.19714e-06	8.82589e-07	6.72255e-07	5.34704e-07	3.56181e-07	2.29167e-07	1.54036e-07	1.10115e-07	8.08525e-08	5.37105e-08	4.07864e-08	2.89559e-08	1.96329e-08	1.00032e-08	2.85425e-09
8.1375e-06	2.17671e-06	1.21739e-06	9.04054e-07	6.93492e-07	5.53001e-07	3.71659e-07	2.40557e-07	1.60923e-07	1.1259e-07	8.02081e-08	5.19605e-08	4.11576e-08	2.84076e-08	1.59242e-08	1.14964e-08	4.3745e-09
8.16003e-06	2.1745e-06	1.24432e-06	9.28874e-07	7.19152e-07	5.75393e-07	3.90037e-07	2.52641e-07	1.72753e-07	1.23793e-07	8.62763e-08	6.08562e-08	4.41985e-08	3.22219e-08	1.9872e-08	1.33502e-08	6.7618e-09
8.04088e-06	2.19337e-06	1.26321e-06	9.5125e-07	7.38696e-07	5.9526e-07	4.06047e-07	2.58743e-07	1.75074e-07	1.21736e-07	8.90175e-08	5.6753e-08	4.16144e-08	2.34748e-08	1.31779e-08	5.80201e-09	-1.45384e-09
7.87659e-06	2.19863e-06	1.2781e-06	9.74873e-07	7.58416e-07	6.14177e-07	4.19805e-07	2.72433e-07	1.82382e-07	1.237e-07	8.64897e-08	5.98026e-08	4.35983e-08	2.84609e-08	1.54174e-08	8.2422e-09	2.18725e-09
7.81658e-06	2.19979e-06	1.29647e-06	9.94492e-07	7.82481e-07	6.373e-07	4.37332e-07	2.81974e-07	1.87352e-07	1.387e-07	9.89437e-08	5.89608e-08	5.15057e-08	2.81268e-08	1.99381e-08	1.09626e-08	4.17434e-09
7.77403e-06	2.20629e-06	1.29554e-06	1.00179e-06	7.85617e-07	6.44963e-07	4.46678e-07	2.89312e-07	1.89296e-07	1.41495e-07	9.97092e-08	5.94441e-08	5.14951e-08	2.78882e-08	1.71117e-08	9.74953e-09	4.12121e-09
7.71711e-06	2.22405e-06	1.30119e-06	1.01e-06	7.89123e-07	6.49783e-07	4.55656e-07	3.02739e-07	2.05489e-07	1.46689e-07	1.05892e-07	6.97901e-08	5.23459e-08	3.19543e-08	1.97114e-08	9.25555e-09	1.60038e-09
7.73766e-06	2.23294e-06	1.31424e-06	1.01678e-06	8.02094e-07	6.58602e-07	4.61163e-07	3.02667e-07	2.13497e-07	1.51427e-07	1.08496e-07	7.06188e-08	4.95332e-08	3.34623e-08	1.92718e-08	7.7354e-09	-7.46866e-10
7.69868e-06	2.25561e-06	1.32812e-06	1.02099e-06	8.05398e-07	6.58887e-07	4.62325e-07	3.10786e-07	2.23554e-07	1.64382e-07	1.1025e-07	7.76566e-08	5.81591e-08	3.63277e-08	2.26182e-08	1.05089e-08	-7.20154e-10
7.52038e-06	2.23822e-06	1.30532e-06	1.00699e-06	7.94255e-07	6.57536e-07	4.65047e-07	3.13072e-07	2.21695e-07	1.61483e-07	1.14555e-07	7.72811e-08	6.29051e-08	3.99675e-08	2.32443e-08	6.33452e-09	-7.86814e-10
7.36368e-06	2.21903e-06	1.28415e-06	9.86344e-07	7.82719e-07	6.45734e-07	4.61006e-07	3.16779e-07	2.19694e-07	1.63284e-07	1.18369e-07	7.83213e-08	5.99179e-08	3.60601e-08	2.09772e-08	5.32099e-09	1.30691e-09
7.18215e-06	2.20789e-06	1.26344e-06	9.8033e-07	7.80151e-07	6.50077e-07	4.63274e-07	3.20051e-07	2.24049e-07	1.646e-07	1.18779e-07	7.68123e-08	6.4717e-08	3.74593e-08	2.2697e-08	1.00683e-08	4.34736e-09
6.93391e-06	2.18009e-06	1.24325e-06	9.63593e-07	7.59355e-07	6.34652e-07	4.51511e-07	3.17873e-07	2.2999e-07	1.67498e-07	1.17435e-07	8.2162e-08	6.30251e-08	4.00075e-08	2.1444e-08	9.90852e-09	3.49399e-09
6.7162e-06	2.12621e-06	1.21105e-06	9.38095e-07	7.40098e-07	6.15888e-07	4.43816e-07	3.12592e-07	2.25122e-07	1.64057e-07	1.17955e-07	7.85613e-08	5.70907e-08	3.36863e-08	1.50828e-08	3.66735e-09	1.20022e-10
6.44998e-06	2.06933e-06	1.17322e-06	9.1317e-07	7.24962e-07	6.0682e-07	4.40602e-07	3.13245e-07	2.25109e-07	1.71485e-07	1.24143e-07	8.09751e-08	6.71992e-08	3.96741e-08	2.31377e-08	1.02552e-08	2.85387e-09
6.1325e-06	2.02103e-06	1.12986e-06	8.84872e-07	7.00131e-07	5.87083e-07	4.30387e-07	3.0535e-07	2.26202e-07	1.70312e-07	1.2521e-07	8.48425e-08	6.68125e-08	4.18878e-08	2.3431e-08	8.08151e-09	-1.89369e-09
5.97725e-06	1.96873e-06	1.10372e-06	8.64101e-07	6.84498e-07	5.78659e-07	4.25075e-07	3.05887e-07	2.31696e-07	1.76309e-07	1.34766e-07	9.12886e-08	7.27908e-08	4.60777e-08	2.65397e-08	1.08293e-08	-4.53442e-10
5.87754e-06	1.91494e-06	1.07792e-06	8.41944e-07	6.69552e-07	5.69413e-07	4.18812e-07	3.0383e-07	2.24695e-07	1.74553e-07	1.31051e-07	9.37242e-08	7.03731e-08	4.53418e-08	2.74451e-08	1.34292e-08	1.94703e-09
5.7934e-06	1.87379e-06	1.04451e-06	8.16099e-07	6.43827e-07	5.48529e-07	4.06089e-07	2.95589e-07	2.20855e-07	1.70645e-07	1.31371e-07	8.5976e-08	7.16e-08	4.20745e-08	2.00704e-08	1.23756e-08	1.46694e-09
5.74984e-06	1.85171e-06	1.02303e-06	8.04115e-07	6.35768e-07	5.42113e-07	3.9773e-07	2.96007e-07	2.22449e-07	1.74441e-07	1.29194e-07	8.35467e-08	7.10514e-08	4.12066e-08	2.17368e-08	5.09415e-09	-2.09367e-09
5.74976e-06	1.81513e-06	1.00896e-06	7.90873e-07	6.2726e-07	5.35086e-07	3.97544e-07	2.96901e-07	2.19035e-07	1.67173e-07	1.31274e-07	8.99344e-08	7.04113e-08	4.45671e-08	2.46439e-08	8.62805e-09	2.80045e-10
5.79373e-06	1.78556e-06	1.00425e-06	7.79971e-07	6.19789e-07	5.2599e-07	3.92546e-07	2.91159e-07	2.2191e-07	1.69876e-07	1.36325e-07	9.5066e-08	7.28764e-08	4.82731e-08	2.69903e-08	1.44819e-08	7.62768e-09
5.75883e-06	1.76383e-06	9.81091e-07	7.70189e-07	6.12772e-07	5.20549e-07	3.86548e-07	2.87111e-07	2.20263e-07	1.69285e-07	1.30121e-07	9.91572e-08	7.67415e-08	4.96453e-08	3.01499e-08	1.49483e-08	3.107e-09
5.69564e-06	1.71927e-06	9.60008e-07	7.5306e-07	5.96653e-07	5.04814e-07	3.76984e-07	2.82598e-07	2.11228e-07	1.57581e-07	1.2367e-07	8.77984e-08	7.19029e-08	4.31658e-08	2.55501e-08	1.06014e-08	3.14709e-09
5.6291e-06	1.68613e-06	9.49129e-07	7.39886e-07	5.88127e-07	4.99187e-07	3.73217e-07	2.77436e-07	2.07963e-07	1.58053e-07	1.25103e-07	8.66469e-08	6.96722e-08	4.50969e-08	3.06291e-08	1.59879e-08	7.30725e-09
5.48273e-06	1.65491e-06	9.42877e-07	7.4116e-07	5.93418e-07	5.0404e-07	3.72793e-07	2.73135e-07	2.05038e-07	1.63955e-07	1.2586e-07	9.20049e-08	7.19372e-08	4.71892e-08	3.28418e-08	1.44008e-08	4.20022e-09
5.30503e-06	1.63915e-06	9.3977e-07	7.444e-07	5.92912e-07	5.0572e-07	3.78514e-07	2.67681e-07	1.99891e-07	1.59422e-07	1.29207e-07	8.8018e-08	7.58974e-08	4.62958e-08	3.10283e-08	1.36674e-08	2.44013e-09
5.20544e-06	1.63529e-06	9.55798e-07	7.57054e-07	6.05312e-07	5.14801e-07	3.80567e-07	2.77895e-07	2.03011e-07	1.58488e-07	1.24167e-07	8.61513e-08	7.08704e-08	4.59224e-08	3.01349e-08	1.34407e-08	2.89349e-09
5.09655e-06	1.67469e-06	9.94866e-07	7.88082e-07	6.3002e-07	5.29602e-07	3.88301e-07	2.80842e-07	2.09491e-07	1.59995e-07	1.19606e-07	8.6898e-08	6.9017e-08	4.41357e-08	2.69214e-08	1.10273e-08	2.76015e-09
5.06508e-06	1.78415e-06	1.06224e-06	8.50716e-07	6.76311e-07	5.71775e-07	4.16704e-07	2.98995e-07	2.18979e-07	1.71111e-07	1.28283e-07	8.79223e-08	7.51487e-08	4.60946e-08	2.99475e-08	1.3347e-08	-4.21345e-09
5.27809e-06	1.96405e-06	1.17287e-06	9.236e-07	7.26107e-07	6.0736e-07	4.41853e-07	3.20533e-07	2.31147e-07	1.71867e-07	1.32e-07	9.3e-08	7.48533e-08	5.00933e-08	3.15467e-08	1.50133e-08	2.86667e-09
5.71895e-06	2.21347e-06	1.31712e-06	1.02189e-06	7.99747e-07	6.67853e-07	4.83813e-07	3.38627e-07	2.47573e-07	1.8936e-07	1.39933e-07	1.0144e-07	7.76267e-08	5.13333e-08	3.324e-08	1.69867e-08	5.8e-09
6.25868e-06	2.5184e-06	1.46719e-06	1.11787e-06	8.683e-07	7.20215e-07	5.22159e-07	3.58341e-07	2.54506e-07	1.9651e-07	1.45366e-07	9.84348e-08	8.34356e-08	5.30905e-08	3.1985e-08	1.50525e-08	2.81318e-09
6.54887e-06	2.87595e-06	1.5983e-06	1.20595e-06	9.13376e-07	7.549e-07	5.34812e-07	3.63897e-07	2.55207e-07	1.91168e-07	1.45089e-07	9.88374e-08	8.01979e-08	4.94387e-08	3.07992e-08	1.39463e-08	2.10661e-09
7.11705e-06	3.11295e-06	1.74933e-06	1.26948e-06	9.48899e-07	7.66985e-07	5.34703e-07	3.58615e-07	2.52773e-07	1.89073e-07	1.41158e-07	9.07637e-08	7.93515e-08	4.38753e-08	2.61172e-08	1.28653e-08	1.55983e-09
6.98043e-06	3.19399e-06	1.85691e-06	1.34547e-06	1.00252e-06	8.05019e-07	5.56545e-07	3.7475e-07	2.627e-07	1.98035e-07	1.47809e-07	9.9824e-08	8.08378e-08	4.76121e-08	3.11458e-08	1.41463e-08	3.43991e-09
6.1911e-06	2.95075e-06	1.82539e-06	1.38304e-06	1.05543e-06	8.58668e-07	5.9795e-07	4.09836e-07	2.93009e-07	2.18537e-07	1.60876e-07	1.12161e-07	8.67374e-08	5.15812e-08	3.15433e-08	1.46251e-08	3.15966e-09
5.53877e-06	2.53641e-06	1.66868e-06	1.32226e-06	1.04701e-06	8.74577e-07	6.31716e-07	4.40155e-07	3.15265e-07	2.39488e-07	1.75577e-07	1.16998e-07	8.87215e-08	5.13798e-08	2.56366e-08	6.87908e-09	-5.38595e-09
4.96299e-06	2.14864e-06	1.45961e-06	1.20378e-06	9.82629e-07	8.35453e-07	6.20061e-07	4.44462e-07	3.316e-07	2.55173e-07	1.82251e-07	1.29246e-07	9.18653e-08	6.0417e-08	3.20749e-08	1.50643e-08	4.37263e-09
4.56118e-06	1.81552e-06	1.24943e-06	1.05778e-06	8.84032e-07	7.66224e-07	5.842e-07	4.28785e-07	3.24761e-07	2.49547e-07	1.83104e-07	1.28473e-07	9.74377e-08	5.99104e-08	3.50077e-08	1.76372e-08	5.13251e-09
4.40377e-06	1.54706e-06	1.06027e-06	9.11326e-07	7.72062e-07	6.76189e-07	5.21235e-07	3.8845e-07	2.96283e-07	2.3207e-07	1.74083e-07	1.236e-07	9.5193e-08	6.07204e-08	3.75653e-08	1.79962e-08	6.50528e-09
4.35703e-06	1.36552e-06	9.0622e-07	7.81447e-07	6.62579e-07	5.81609e-07	4.49997e-07	3.40967e-07	2.60198e-07	2.04316e-07	1.52874e-07	1.11296e-07	8.81812e-08	5.56548e-08	3.56591e-08	1.87693e-08	9.81124e-09
4.45857e-06	1.26089e-06	7.90085e-07	6.88227e-07	5.8041e-07	5.11491e-07	3.95236e-07	2.94111e-07	2.21753e-07	1.79695e-07	1.39437e-07	1.00432e-07	8.05828e-08	5.18289e-08	3.28996e-08	1.55167e-08	3.65255e-09
4.6174e-06	1.25037e-06	7.2054e-07	6.09737e-07	5.07398e-07	4.43865e-07	3.43393e-07	2.57745e-07	1.92132e-07	1.55034e-07	1.21641e-07	8.58617e-08	7.27445e-08	4.45905e-08	2.87939e-08	1.21307e-08	-2.53279e-10
4.81298e-06	1.30167e-06	6.95281e-07	5.71661e-07	4.67075e-07	4.05958e-07	3.06225e-07	2.33458e-07	1.7506e-07	1.35604e-07	1.09424e-07	7.81525e-08	6.41562e-08	4.29352e-08	2.80725e-08	1.53959e-08	4.75873e-09
4.96234e-06	1.35163e-06	6.97025e-07	5.55255e-07	4.41359e-07	3.78213e-07	2.831e-07	2.10502e-07	1.57593e-07	1.21867e-07	9.60462e-08	6.84521e-08	5.75744e-08	3.9045e-08	3.01802e-08	1.49568e-08	4.71899e-09
4.99668e-06	1.37526e-06	7.016e-07	5.43348e-07	4.28299e-07	3.6289e-07	2.65063e-07	1.94535e-07	1.42882e-07	1.06931e-07	8.65902e-08	5.8931e-08	5.31991e-08	3.27646e-08	2.50467e-08	1.253e-08	2.81258e-09
4.98995e-06	1.36116e-06	7.0393e-07	5.38912e-07	4.18377e-07	3.48672e-07	2.46321e-07	1.75802e-07	1.30505e-07	1.02778e-07	7.67703e-08	5.24155e-08	4.49904e-08	2.87405e-08	2.04356e-08	1.01312e-08	3.69255e-09
5.02626e-06	1.32441e-06	6.96617e-07	5.24715e-07	4.03631e-07	3.38417e-07	2.33156e-07	1.69688e-07	1.24657e-07	9.18229e-08	7.00803e-08	5.1937e-08	4.03791e-08	2.7035e-08	2.00229e-08	1.01181e-08	4.23921e-09
4.86502e-06	1.31135e-06	6.93913e-07	5.22981e-07	3.99717e-07	3.27281e-07	2.26906e-07	1.60015e-07	1.17598e-07	7.99941e-08	6.23584e-08	4.78152e-08	3.59647e-08	2.45008e-08	1.92221e-08	9.19779e-09	3.30587e-09
4.81704e-06	1.28387e-06	6.84991e-07	5.20701e-07	4.01146e-07	3.26566e-07	2.26793e-07	1.52879e-07	1.09971e-07	7.90323e-08	6.07305e-08	4.11224e-08	3.56038e-08	2.18075e-08	1.43295e-08	4.53212e-09	-2.15942e-09
4.84233e-06	1.26906e-06	6.87655e-07	5.23637e-07	4.03266e-07	3.27276e-07	2.2509e-07	1.48287e-07	9.97467e-08	7.87095e-08	5.29263e-08	3.55953e-08	3.43154e-08	1.64511e-08	8.79883e-09	4.29276e-09	8.13225e-10
4.91505e-06	1.26808e-06	6.96233e-07	5.30699e-07	4.11195e-07	3.33827e-07	2.29305e-07	1.52483e-07	1.01536e-07	7.09296e-08	5.77861e-08	3.52449e-08	3.08059e-08	1.49298e-08	6.33181e-09	3.8924e-09	-3.3192e-09
5.00064e-06	1.26248e-06	7.04556e-07	5.38498e-07	4.25723e-07	3.443e-07	2.3363e-07	1.54047e-07	1.03711e-07	7.6557e-08	5.55082e-08	3.12333e-08	3.02069e-08	1.59966e-08	8.95809e-09	6.39863e-10	-2.99936e-09
5.04818e-06	1.28097e-06	7.16455e-07	5.54414e-07	4.37335e-07	3.591e-07	2.44741e-07	1.55909e-07	1.08881e-07	8.16737e-08	5.67864e-08	3.76576e-08	3.47117e-08	2.0915e-08	1.50231e-08	5.572e-09	-3.59914e-10
5.14848e-06	1.29751e-06	7.30698e-07	5.59731e-07	4.43855e-07	3.61864e-07	2.48787e-07	1.62743e-07	1.09731e-07	7.83125e-08	5.44255e-08	3.49773e-08	2.9832e-08	1.71554e-08	6.90483e-09	1.99947e-10	-4.82538e-09
5.166e-06	1.3504e-06	7.47781e-07	5.70126e-07	4.47429e-07	3.66319e-07	2.52139e-07	1.67817e-07	1.15739e-07	8.46685e-08	5.83695e-08	3.7589e-08	3.38967e-08	1.81014e-08	1.141e-08	3.81222e-09	-2.98579e-09
5.25551e-06	1.43746e-06	7.77998e-07	5.89814e-07	4.60225e-07	3.74823e-07	2.55658e-07	1.70643e-07	1.18245e-07	8.65879e-08	6.21284e-08	4.0828e-08	3.18307e-08	2.01674e-08	1.43291e-08	4.79859e-09	-3.79889e-09
5.48039e-06	1.54469e-06	8.09159e-07	6.01458e-07	4.66172e-07	3.82694e-07	2.66801e-07	1.78125e-07	1.16906e-07	8.72231e-08	6.51507e-08	3.67739e-08	3.42148e-08	1.86735e-08	1.14094e-08	3.43881e-09	-3.01229e-09
5.92368e-06	1.66114e-06	8.56233e-07	6.25706e-07	4.82472e-07	3.92768e-07	2.68034e-07	1.83595e-07	1.26093e-07	9.32235e-08	6.69519e-08	4.33195e-08	3.47622e-08	1.93405e-08	1.21161e-08	4.53188e-09	-2.17264e-09
6.33155e-06	1.74179e-06	8.8663e-07	6.47374e-07	4.97321e-07	4.09344e-07	2.83978e-07	1.92322e-07	1.30219e-07	9.47081e-08	7.00746e-08	4.14689e-08	3.5044e-08	1.64756e-08	8.38443e-09	-1.54625e-09	-6.19835e-09
6.64135e-06	1.80863e-06	9.32435e-07	6.8714e-07	5.25472e-07	4.31249e-07	2.98171e-07	2.02642e-07	1.39582e-07	1.02461e-07	7.53359e-08	4.50522e-08	3.5442e-08	2.26461e-08	1.32891e-08	1.63948e-09	-1.34624e-09
7.03088e-06	1.9898e-06	1.04544e-06	7.60743e-07	5.82982e-07	4.74863e-07	3.31743e-07	2.22344e-07	1.5285e-07	1.12865e-07	8.57013e-08	5.1914e-08	4.47966e-08	2.60436e-08	1.47811e-08	5.2647e-09	1.99925e-10
7.4154e-06	2.26578e-06	1.20492e-06	8.62497e-07	6.58016e-07	5.29351e-07	3.6319e-07	2.44922e-07	1.71265e-07	1.23374e-07	8.71988e-08	5.74216e-08	4.46124e-08	2.39657e-08	1.37289e-08	5.81147e-09	-1.82608e-09
7.73297e-06	2.51909e-06	1.37876e-06	9.78487e-07	7.45502e-07	6.01098e-07	4.17095e-07	2.7845e-07	1.9264e-07	1.39685e-07	1.03897e-07	6.2605e-08	4.88097e-08	2.73638e-08	1.94466e-08	5.99792e-10	-2.66574e-09
8.41719e-06	2.81011e-06	1.55175e-06	1.10569e-06	8.44365e-07	6.81586e-07	4.70904e-07	3.09125e-07	2.14973e-07	1.55729e-07	1.10266e-07	6.91209e-08	5.57792e-08	3.08951e-08	1.74068e-08	3.93187e-09	-3.46537e-09
9.25096e-06	3.12577e-06	1.73042e-06	1.23794e-06	9.48393e-07	7.59663e-07	5.25431e-07	3.40899e-07	2.34592e-07	1.70283e-07	1.18023e-07	7.75311e-08	6.01909e-08	3.20814e-08	1.84998e-08	7.95703e-09	-1.57275e-09
9.80761e-06	3.36353e-06	1.89664e-06	1.36925e-06	1.05951e-06	8.55601e-07	5.96097e-07	3.88482e-07	2.63342e-07	1.92648e-07	1.38388e-07	8.97665e-08	6.56688e-08	4.0065e-08	2.29781e-08	8.75673e-09	-1.06627e-09
9.84277e-06	3.53271e-06	2.05238e-06	1.50437e-06	1.16969e-06	9.47341e-07	6.58803e-07	4.22751e-07	2.87138e-07	2.08463e-07	1.43956e-07	9.49354e-08	6.61202e-08	4.04372e-08	2.13515e-08	9.43623e-09	0
9.6934e-06	3.76621e-06	2.24017e-06	1.64957e-06	1.28394e-06	1.03928e-06	7.2379e-07	4.63348e-07	3.09876e-07	2.23471e-07	1.5735e-07	9.50553e-08	7.04252e-08	3.76116e-08	2.14448e-08	5.83766e-09	-2.5723e-09
9.47618e-06	4.06536e-06	2.45099e-06	1.82082e-06	1.40798e-06	1.1383e-06	7.88858e-07	4.96748e-07	3.33547e-07	2.38251e-07	1.6604e-07	1.03559e-07	7.30508e-08	3.94642e-08	2.08317e-08	4.3316e-09	-3.7585e-09
9.42059e-06	4.29462e-06	2.64708e-06	1.95944e-06	1.50905e-06	1.21372e-06	8.37949e-07	5.28308e-07	3.51757e-07	2.51266e-07	1.72953e-07	1.05675e-07	7.25824e-08	4.2102e-08	2.0378e-08	6.18403e-09	-1.66596e-09
9.41566e-06	4.45111e-06	2.77316e-06	2.03732e-06	1.55885e-06	1.24691e-06	8.53063e-07	5.34825e-07	3.57927e-07	2.57037e-07	1.7278e-07	1.09926e-07	7.78868e-08	3.92366e-08	1.90985e-08	5.51765e-09	-2.97207e-09
9.40855e-06	4.55397e-06	2.84276e-06	2.07748e-06	1.5751e-06	1.24963e-06	8.43795e-07	5.25748e-07	3.51645e-07	2.56623e-07	1.71531e-07	1.07482e-07	7.44309e-08	3.87681e-08	1.83778e-08	4.95762e-09	-4.49118e-09
9.12712e-06	4.5431e-06	2.88283e-06	2.13388e-06	1.62359e-06	1.28972e-06	8.67947e-07	5.36395e-07	3.56393e-07	2.58869e-07	1.76724e-07	1.10691e-07	7.46422e-08	4.1379e-08	1.85906e-08	5.27733e-09	-2.98515e-09
8.25047e-06	4.11568e-06	2.70834e-06	2.0649e-06	1.6039e-06	1.29479e-06	8.882e-07	5.60251e-07	3.74447e-07	2.64606e-07	1.80513e-07	1.15558e-07	8.06546e-08	4.46452e-08	2.22826e-08	4.55781e-09	-3.27843e-09
7.2465e-06	3.53918e-06	2.40573e-06	1.88584e-06	1.50542e-06	1.23641e-06	8.68367e-07	5.65976e-07	3.78801e-07	2.77924e-07	1.88694e-07	1.22145e-07	8.57653e-08	4.86794e-08	2.90237e-08	8.59519e-09	2.54524e-09
6.43265e-06	3.09642e-06	2.12231e-06	1.68392e-06	1.36259e-06	1.13553e-06	8.17294e-07	5.39337e-07	3.75926e-07	2.77237e-07	1.88743e-07	1.3011e-07	9.13731e-08	5.19029e-08	2.63712e-08	1.03273e-08	-5.86323e-10
5.83471e-06	2.74276e-06	1.86175e-06	1.48338e-06	1.20582e-06	1.01277e-06	7.41385e-07	5.00693e-07	3.5253e-07	2.61333e-07	1.87125e-07	1.23231e-07	9.03446e-08	5.14218e-08	2.8809e-08	1.18727e-08	3.29131e-09
5.37545e-06	2.49867e-06	1.66111e-06	1.32938e-06	1.08206e-06	9.14279e-07	6.75532e-07	4.70005e-07	3.37819e-07	2.53151e-07	1.83061e-07	1.25736e-07	9.14772e-08	5.4913e-08	2.87024e-08	1.09133e-08	-6.92908e-10
5.11499e-06	2.38438e-06	1.55562e-06	1.24704e-06	1.01659e-06	8.60183e-07	6.4107e-07	4.50139e-07	3.37038e-07	2.57342e-07	1.8271e-07	1.34221e-07	9.18612e-08	5.77097e-08	2.9208e-08	1.35513e-08	-1.73222e-10
5.0855e-06	2.43336e-06	1.56087e-06	1.24503e-06	1.00466e-06	8.55671e-07	6.44902e-07	4.69538e-07	3.49262e-07	2.6727e-07	2.00083e-07	1.41823e-07	1.07364e-07	6.71606e-08	3.99232e-08	1.84692e-08	6.80934e-09
5.24578e-06	2.56661e-06	1.69953e-06	1.35424e-06	1.10073e-06	9.32285e-07	7.06769e-07	5.04863e-07	3.76016e-07	2.98055e-07	2.2513e-07	1.57468e-07	1.18001e-07	8.07595e-08	4.98068e-08	2.37175e-08	9.54031e-09
5.49426e-06	2.82215e-06	1.9215e-06	1.53217e-06	1.24785e-06	1.05667e-06	7.90467e-07	5.5803e-07	4.10217e-07	3.1757e-07	2.37928e-07	1.62856e-07	1.22761e-07	7.64178e-08	4.30524e-08	1.61896e-08	-8.26138e-10
6.14734e-06	3.25107e-06	2.25286e-06	1.80079e-06	1.46793e-06	1.2396e-06	9.18423e-07	6.40261e-07	4.73763e-07	3.65989e-07	2.70034e-07	1.87005e-07	1.41047e-07	8.80127e-08	5.29808e-08	2.51979e-08	1.05402e-08
7.24718e-06	3.83357e-06	2.66986e-06	2.11344e-06	1.72149e-06	1.44706e-06	1.07255e-06	7.41846e-07	5.40465e-07	4.17044e-07	3.07587e-07	2.08789e-07	1.58463e-07	1.00504e-07	6.20103e-08	2.90465e-08	1.01663e-08
8.40057e-06	4.68284e-06	3.23049e-06	2.54913e-06	2.0685e-06	1.7364e-06	1.28232e-06	8.78827e-07	6.39187e-07	4.86582e-07	3.51406e-07	2.4465e-07	1.76309e-07	1.10686e-07	6.39307e-08	2.83011e-08	7.11526e-09
1.01278e-05	5.87191e-06	4.10037e-06	3.25282e-06	2.65781e-06	2.24302e-06	1.67264e-06	1.163e-06	8.50087e-07	6.42905e-07	4.66689e-07	3.23424e-07	2.31646e-07	1.43917e-07	8.2998e-08	3.72552e-08	9.38041e-09
1.19755e-05	7.03581e-06	5.02032e-06	4.05373e-06	3.37172e-06	2.88791e-06	2.20491e-06	1.56455e-06	1.16036e-06	8.86708e-07	6.48986e-07	4.52847e-07	3.2382e-07	2.05319e-07	1.1597e-07	5.5147e-08	1.88931e-08
1.37201e-05	7.65945e-06	5.50051e-06	4.49702e-06	3.80125e-06	3.29323e-06	2.57398e-06	1.86937e-06	1.41627e-06	1.10374e-06	8.18974e-07	5.83904e-07	4.20386e-07	2.71792e-07	1.56229e-07	7.62025e-08	2.69554e-08
1.40695e-05	7.18597e-06	5.16063e-06	4.26013e-06	3.64396e-06	3.18746e-06	2.53696e-06	1.88211e-06	1.45066e-06	1.15259e-06	8.754e-07	6.32421e-07	4.63561e-07	3.08836e-07	1.8265e-07	8.9733e-08	3.44276e-08
1.27722e-05	6.07442e-06	4.34829e-06	3.61532e-06	3.12346e-06	2.75193e-06	2.21847e-06	1.67754e-06	1.31051e-06	1.05425e-06	8.15876e-07	5.99003e-07	4.50438e-07	3.12239e-07	1.93983e-07	1.00296e-07	4.19409e-08
1.10612e-05	5.14092e-06	3.62297e-06	3.00969e-06	2.60754e-06	2.30523e-06	1.86495e-06	1.41825e-06	1.11789e-06	9.10674e-07	7.12571e-07	5.36357e-07	4.13885e-07	2.93384e-07	1.87045e-07	1.04314e-07	4.45898e-08
9.0568e-06	4.35643e-06	3.06756e-06	2.54399e-06	2.19502e-06	1.94109e-06	1.57119e-06	1.2024e-06	9.4959e-07	7.73207e-07	6.12291e-07	4.62286e-07	3.59706e-07	2.57181e-07	1.68523e-07	9.62778e-08	4.31099e-08
7.50028e-06	3.71131e-06	2.64314e-06	2.20301e-06	1.89958e-06	1.67822e-06	1.35912e-06	1.04508e-06	8.30491e-07	6.73678e-07	5.35756e-07	4.11462e-07	3.18928e-07	2.31722e-07	1.55307e-07	9.03762e-08	4.14446e-08
6.5523e-06	3.23752e-06	2.32787e-06	1.95129e-06	1.68526e-06	1.49083e-06	1.20706e-06	9.29953e-07	7.39369e-07	6.05537e-07	4.8051e-07	3.68939e-07	2.91072e-07	2.13098e-07	1.42465e-07	8.42481e-08	4.13381e-08
5.99274e-06	2.91745e-06	2.10534e-06	1.77393e-06	1.5355e-06	1.36046e-06	1.10148e-06	8.48285e-07	6.75335e-07	5.54821e-07	4.43593e-07	3.38653e-07	2.68898e-07	1.99901e-07	1.34862e-07	8.07732e-08	3.80885e-08
5.8058e-06	2.74117e-06	1.97532e-06	1.66366e-06	1.43923e-06	1.27485e-06	1.03105e-06	7.95607e-07	6.40836e-07	5.25085e-07	4.18885e-07	3.22356e-07	2.51832e-07	1.87662e-07	1.27288e-07	7.24163e-08	3.07862e-08
5.78495e-06	2.63187e-06	1.88534e-06	1.58846e-06	1.37973e-06	1.22106e-06	9.86732e-07	7.6105e-07	6.12861e-07	5.07487e-07	4.05736e-07	3.16388e-07	2.46263e-07	1.82306e-07	1.21267e-07	6.91791e-08	2.9494e-08
5.82034e-06	2.58969e-06	1.84241e-06	1.5527e-06	1.34821e-06	1.19326e-06	9.72639e-07	7.5764e-07	6.00733e-07	5.04183e-07	4.06487e-07	3.07646e-07	2.45464e-07	1.76489e-07	1.1773e-07	6.46197e-08	2.89596e-08
5.92169e-06	2.58787e-06	1.83042e-06	1.54773e-06	1.34158e-06	1.1915e-06	9.70505e-07	7.59552e-07	6.06416e-07	5.02811e-07	4.07865e-07	3.09043e-07	2.47855e-07	1.73758e-07	1.16154e-07	6.35724e-08	2.91218e-08
5.91056e-06	2.57742e-06	1.84009e-06	1.55323e-06	1.34669e-06	1.1942e-06	9.79086e-07	7.63321e-07	6.14696e-07	5.06781e-07	4.10574e-07	3.15034e-07	2.51665e-07	1.79184e-07	1.19092e-07	6.53008e-08	2.89471e-08
5.64465e-06	2.51012e-06	1.80314e-06	1.52038e-06	1.31898e-06	1.16724e-06	9.58505e-07	7.49221e-07	6.01625e-07	4.96803e-07	4.02131e-07	3.08152e-07	2.44279e-07	1.68829e-07	1.12122e-07	5.89983e-08	2.53097e-08
5.42455e-06	2.45436e-06	1.76886e-06	1.48898e-06	1.2881e-06	1.14508e-06	9.35419e-07	7.38304e-07	5.99363e-07	4.95764e-07	4.01276e-07	3.07228e-07	2.43126e-07	1.7323e-07	1.14789e-07	6.15442e-08	2.63494e-08
5.26983e-06	2.38888e-06	1.72588e-06	1.45011e-06	1.25465e-06	1.11309e-06	9.0978e-07	7.16965e-07	5.83866e-07	4.83709e-07	3.89439e-07	2.98647e-07	2.41328e-07	1.69544e-07	1.12292e-07	6.13544e-08	2.74936e-08
5.16309e-06	2.30053e-06	1.66754e-06	1.40302e-06	1.21828e-06	1.07971e-06	8.83315e-07	6.94781e-07	5.56304e-07	4.66313e-07	3.79572e-07	2.93337e-07	2.33596e-07	1.68261e-07	1.09319e-07	5.95812e-08	2.64539e-08
5.10544e-06	2.13965e-06	1.57642e-06	1.33209e-06	1.16395e-06	1.03229e-06	8.4252e-07	6.63994e-07	5.34299e-07	4.46494e-07	3.63871e-07	2.83619e-07	2.27836e-07	1.61756e-07	1.06732e-07	5.70222e-08	2.42421e-08
5.02491e-06	1.93059e-06	1.46845e-06	1.24887e-06	1.10341e-06	9.79808e-07	8.00759e-07	6.29116e-07	5.12147e-07	4.28942e-07	3.47363e-07	2.70485e-07	2.17515e-07	1.51172e-07	9.85349e-08	5.5927e-08	2.36681e-08
4.91025e-06	1.80237e-06	1.39203e-06	1.19785e-06	1.06457e-06	9.45469e-07	7.81328e-07	6.22463e-07	5.07366e-07	4.22705e-07	3.47608e-07	2.70606e-07	2.21482e-07	1.60238e-07	1.07811e-07	6.05653e-08	2.35495e-08
4.94317e-06	1.79979e-06	1.37424e-06	1.18427e-06	1.05614e-06	9.41837e-07	7.78589e-07	6.1899e-07	5.05674e-07	4.25628e-07	3.48632e-07	2.72462e-07	2.21371e-07	1.62129e-07	1.0972e-07	5.93884e-08	2.27085e-08
4.99871e-06	1.85762e-06	1.41023e-06	1.21567e-06	1.07581e-06	9.64039e-07	8.00884e-07	6.33574e-07	5.15836e-07	4.35457e-07	3.62444e-07	2.78216e-07	2.30788e-07	1.70813e-07	1.161e-07	6.45428e-08	2.55188e-08
4.98177e-06	1.93531e-06	1.49652e-06	1.28025e-06	1.13623e-06	1.01482e-06	8.40885e-07	6.62724e-07	5.37385e-07	4.53972e-07	3.76139e-07	2.89369e-07	2.40504e-07	1.76882e-07	1.17668e-07	6.55932e-08	2.67301e-08
4.90795e-06	2.04768e-06	1.595e-06	1.36501e-06	1.21269e-06	1.08231e-06	8.94795e-07	7.06055e-07	5.73986e-07	4.87773e-07	4.03506e-07	3.16188e-07	2.54948e-07	1.89606e-07	1.28646e-07	7.57039e-08	3.25777e-08
4.79955e-06	2.17339e-06	1.67267e-06	1.44509e-06	1.28174e-06	1.14403e-06	9.49028e-07	7.49667e-07	6.09989e-07	5.16116e-07	4.17142e-07	3.27318e-07	2.60495e-07	1.92381e-07	1.30621e-07	7.47203e-08	3.21657e-08
4.6946e-06	2.2703e-06	1.75318e-06	1.51861e-06	1.34698e-06	1.20969e-06	1.00164e-06	7.96796e-07	6.43297e-07	5.34389e-07	4.32261e-07	3.36685e-07	2.6483e-07	1.92217e-07	1.22986e-07	6.83519e-08	2.91415e-08
4.70439e-06	2.37485e-06	1.84592e-06	1.61708e-06	1.43687e-06	1.29361e-06	1.07133e-06	8.43483e-07	6.7908e-07	5.66131e-07	4.5149e-07	3.46613e-07	2.72437e-07	1.90282e-07	1.21527e-07	6.53587e-08	2.62261e-08
4.93429e-06	2.5336e-06	2.00119e-06	1.76058e-06	1.57263e-06	1.41756e-06	1.17465e-06	9.21286e-07	7.38513e-07	6.15127e-07	4.89465e-07	3.70821e-07	2.91122e-07	1.99395e-07	1.29179e-07	6.84851e-08	3.01937e-08
5.36184e-06	2.81451e-06	2.2444e-06	1.97581e-06	1.76303e-06	1.58946e-06	1.31544e-06	1.02605e-06	8.21808e-07	6.76634e-07	5.37159e-07	4.04824e-07	3.15828e-07	2.18095e-07	1.39128e-07	7.37061e-08	2.99273e-08
5.99622e-06	3.26598e-06	2.59857e-06	2.28081e-06	2.02753e-06	1.82179e-06	1.50354e-06	1.16845e-06	9.28889e-07	7.56034e-07	5.96763e-07	4.45485e-07	3.41995e-07	2.36494e-07	1.48841e-07	7.9342e-08	3.37107e-08
6.99671e-06	4.08242e-06	3.19768e-06	2.78033e-06	2.44975e-06	2.19188e-06	1.7896e-06	1.36308e-06	1.07002e-06	8.66666e-07	6.7112e-07	4.94859e-07	3.73552e-07	2.53696e-07	1.56003e-07	8.02722e-08	3.14856e-08
8.75083e-06	5.31346e-06	4.11601e-06	3.51412e-06	3.06144e-06	2.71277e-06	2.18804e-06	1.63856e-06	1.26323e-06	1.00393e-06	7.67056e-07	5.53984e-07	4.13037e-07	2.77338e-07	1.64749e-07	8.39793e-08	3.27659e-08
1.07626e-05	6.87961e-06	5.28424e-06	4.43078e-06	3.80498e-06	3.32856e-06	2.63361e-06	1.93132e-06	1.46851e-06	1.15176e-06	8.60119e-07	6.14548e-07	4.49599e-07	2.96612e-07	1.72447e-07	8.63768e-08	3.23797e-08
1.30388e-05	8.53082e-06	6.44671e-06	5.28145e-06	4.45137e-06	3.83609e-06	2.9778e-06	2.13926e-06	1.60123e-06	1.24554e-06	9.33121e-07	6.61077e-07	4.84363e-07	3.14095e-07	1.82935e-07	9.09478e-08	3.72556e-08
1.36474e-05	8.97692e-06	6.66442e-06	5.39247e-06	4.49904e-06	3.85355e-06	2.97353e-06	2.13736e-06	1.6109e-06	1.26235e-06	9.60095e-07	6.89163e-07	5.07432e-07	3.36543e-07	1.99592e-07	9.92568e-08	4.08109e-08
1.24485e-05	8.13205e-06	6.08203e-06	4.97576e-06	4.20111e-06	3.63279e-06	2.8447e-06	2.08181e-06	1.59628e-06	1.27135e-06	9.66023e-07	7.01825e-07	5.18833e-07	3.48269e-07	2.05061e-07	9.97336e-08	3.6601e-08
1.18318e-05	7.83478e-06	5.9596e-06	4.91664e-06	4.17389e-06	3.62068e-06	2.84538e-06	2.08704e-06	1.59333e-06	1.26116e-06	9.58737e-07	6.91036e-07	5.06153e-07	3.36055e-07	1.97243e-07	9.4406e-08	3.24188e-08
1.16925e-05	7.73224e-06	5.83302e-06	4.77896e-06	4.02923e-06	3.47632e-06	2.70909e-06	1.96468e-06	1.48791e-06	1.16691e-06	8.77694e-07	6.31137e-07	4.56807e-07	3.0227e-07	1.73943e-07	8.49471e-08	2.81692e-08
1.15167e-05	7.38042e-06	5.40502e-06	4.34568e-06	3.61608e-06	3.0909e-06	2.37715e-06	1.7008e-06	1.27688e-06	9.99241e-07	7.46557e-07	5.36611e-07	3.88994e-07	2.60328e-07	1.52678e-07	7.81371e-08	3.08846e-08
1.19981e-05	7.41492e-06	5.25034e-06	4.1254e-06	3.37899e-06	2.8564e-06	2.16126e-06	1.51567e-06	1.11983e-06	8.65508e-07	6.43188e-07	4.53909e-07	3.31962e-07	2.20562e-07	1.31589e-07	6.81449e-08	2.75669e-08
1.23024e-05	7.371e-06	5.15098e-06	4.04054e-06	3.29949e-06	2.78234e-06	2.09056e-06	1.45292e-06	1.06374e-06	8.08332e-07	5.95115e-07	4.15766e-07	2.94215e-07	1.95824e-07	1.15331e-07	5.82383e-08	1.91242e-08
1.20484e-05	6.81116e-06	4.75351e-06	3.77191e-06	3.11542e-06	2.64642e-06	2.00766e-06	1.40103e-06	1.02228e-06	7.8334e-07	5.72273e-07	4.01678e-07	2.86949e-07	1.90571e-07	1.10321e-07	5.70249e-08	2.23998e-08
1.11557e-05	5.99483e-06	4.25113e-06	3.4129e-06	2.85359e-06	2.44268e-06	1.87047e-06	1.3168e-06	9.72632e-07	7.49747e-07	5.46172e-07	3.86187e-07	2.78646e-07	1.83957e-07	1.07501e-07	5.28313e-08	2.45179e-08
1.02547e-05	5.38999e-06	3.91084e-06	3.15006e-06	2.6497e-06	2.26763e-06	1.74523e-06	1.23457e-06	9.13877e-07	7.08763e-07	5.24211e-07	3.65015e-07	2.65415e-07	1.71687e-07	9.92542e-08	5.11653e-08	1.88574e-08
9.5873e-06	5.16137e-06	3.71293e-06	2.9871e-06	2.49682e-06	2.1339e-06	1.63504e-06	1.15324e-06	8.54267e-07	6.57918e-07	4.84673e-07	3.37288e-07	2.41291e-07	1.57798e-07	9.02445e-08	4.63939e-08	1.95217e-08
8.76358e-06	4.80929e-06	3.49226e-06	2.8068e-06	2.34396e-06	1.99879e-06	1.52641e-06	1.07544e-06	7.91802e-07	6.10971e-07	4.53071e-07	3.15799e-07	2.30983e-07	1.50655e-07	9.22202e-08	4.53444e-08	1.56475e-08
7.77717e-06	4.33906e-06	3.18647e-06	2.57294e-06	2.14988e-06	1.83025e-06	1.39501e-06	9.79133e-07	7.22787e-07	5.57115e-07	4.11564e-07	2.89903e-07	2.11974e-07	1.38493e-07	8.28029e-08	3.96703e-08	1.31435e-08
7.05806e-06	4.02667e-06	2.95921e-06	2.39241e-06	1.99851e-06	1.70349e-06	1.29673e-06	9.05652e-07	6.6514e-07	5.14888e-07	3.80896e-07	2.64722e-07	1.93584e-07	1.25842e-07	7.49594e-08	3.81655e-08	1.52609e-08
6.76432e-06	3.98487e-06	2.91583e-06	2.3419e-06	1.94343e-06	1.65047e-06	1.24731e-06	8.70006e-07	6.37091e-07	4.88348e-07	3.5934e-07	2.48202e-07	1.80769e-07	1.17077e-07	6.84724e-08	3.14797e-08	1.00937e-08
6.82565e-06	4.11982e-06	2.99031e-06	2.38545e-06	1.96542e-06	1.65632e-06	1.23854e-06	8.53291e-07	6.18491e-07	4.74126e-07	3.4835e-07	2.44294e-07	1.73835e-07	1.1684e-07	7.09511e-08	3.64343e-08	1.55272e-08
7.2914e-06	4.39364e-06	3.14082e-06	2.47903e-06	2.02519e-06	1.69875e-06	1.26266e-06	8.56477e-07	6.14973e-07	4.67388e-07	3.46157e-07	2.38228e-07	1.74217e-07	1.15825e-07	7.16816e-08	4.00953e-08	1.75242e-08
8.32288e-06	4.83605e-06	3.35343e-06	2.60569e-06	2.11011e-06	1.76015e-06	1.29249e-06	8.69167e-07	6.20006e-07	4.7647e-07	3.41376e-07	2.38868e-07	1.71461e-07	1.13255e-07	6.85389e-08	3.59806e-08	9.98722e-09
9.75308e-06	5.35125e-06	3.58318e-06	2.72861e-06	2.18572e-06	1.80764e-06	1.31568e-06	8.75203e-07	6.21668e-07	4.70492e-07	3.3696e-07	2.29913e-07	1.62734e-07	1.06834e-07	6.37301e-08	2.77238e-08	7.65666e-09
1.09421e-05	5.83064e-06	3.84842e-06	2.88943e-06	2.28655e-06	1.86582e-06	1.34065e-06	8.84035e-07	6.20786e-07	4.62503e-07	3.31518e-07	2.20799e-07	1.58708e-07	9.90413e-08	5.47803e-08	2.58056e-08	6.55126e-09
1.17232e-05	6.30548e-06	4.13127e-06	3.08852e-06	2.4285e-06	1.98007e-06	1.41317e-06	9.27672e-07	6.4696e-07	4.83582e-07	3.47048e-07	2.28769e-07	1.68384e-07	1.02381e-07	6.30343e-08	3.0372e-08	5.35272e-09
1.1518e-05	6.26001e-06	4.1715e-06	3.14344e-06	2.48738e-06	2.03325e-06	1.45794e-06	9.50333e-07	6.65979e-07	5.01172e-07	3.54115e-07	2.38282e-07	1.67031e-07	1.05393e-07	5.82823e-08	2.55126e-08	7.05726e-09
1.1083e-05	6.11288e-06	4.13716e-06	3.13632e-06	2.49159e-06	2.03351e-06	1.4579e-06	9.50628e-07	6.72894e-07	4.99055e-07	3.44229e-07	2.36272e-07	1.60165e-07	9.83969e-08	4.94115e-08	1.9493e-08	5.76534e-09
1.07283e-05	6.02269e-06	4.11172e-06	3.12918e-06	2.49593e-06	2.04659e-06	1.47574e-06	9.66887e-07	6.79866e-07	5.10678e-07	3.58387e-07	2.43802e-07	1.68042e-07	1.02735e-07	5.54283e-08	2.30341e-08	4.39379e-10
1.01892e-05	5.84909e-06	4.0311e-06	3.08343e-06	2.45952e-06	2.01936e-06	1.45404e-06	9.55343e-07	6.71238e-07	5.04314e-07	3.61183e-07	2.41712e-07	1.76764e-07	1.05358e-07	6.06077e-08	2.8533e-08	9.01393e-09
1.02235e-05	5.86332e-06	4.01941e-06	3.05888e-06	2.42595e-06	1.98432e-06	1.42414e-06	9.37384e-07	6.59903e-07	4.94861e-07	3.55754e-07	2.37405e-07	1.73617e-07	1.04995e-07	6.2257e-08	2.70144e-08	7.92193e-09
1.06371e-05	5.9818e-06	4.05519e-06	3.04082e-06	2.39448e-06	1.94329e-06	1.37958e-06	8.99941e-07	6.34277e-07	4.75302e-07	3.47243e-07	2.34003e-07	1.70226e-07	1.09232e-07	6.42159e-08	3.02506e-08	9.93263e-09
1.10765e-05	5.99362e-06	4.03496e-06	3.0077e-06	2.35112e-06	1.89221e-06	1.33244e-06	8.61426e-07	6.02772e-07	4.50897e-07	3.30351e-07	2.314e-07	1.61514e-07	1.0871e-07	6.40811e-08	3.15945e-08	1.07845e-08
1.11036e-05	5.79435e-06	3.91837e-06	2.91706e-06	2.27734e-06	1.82712e-06	1.27823e-06	8.22486e-07	5.78251e-07	4.28739e-07	3.11461e-07	2.16819e-07	1.51244e-07	1.0126e-07	5.62953e-08	2.53915e-08	1.0106e-08
9.84428e-06	5.3577e-06	3.68358e-06	2.77834e-06	2.18842e-06	1.77551e-06	1.25075e-06	8.07515e-07	5.63633e-07	4.3405e-07	3.14665e-07	2.17291e-07	1.5921e-07	1.05483e-07	6.54044e-08	3.39139e-08	1.43804e-08
8.24529e-06	4.89224e-06	3.43762e-06	2.64911e-06	2.11579e-06	1.73449e-06	1.2436e-06	8.14381e-07	5.68162e-07	4.33422e-07	3.2245e-07	2.19654e-07	1.66032e-07	1.08375e-07	6.70306e-08	3.50333e-08	1.23302e-08
7.14182e-06	4.5247e-06	3.25564e-06	2.54647e-06	2.05281e-06	1.69749e-06	1.23175e-06	8.24812e-07	5.8354e-07	4.39908e-07	3.22708e-07	2.24188e-07	1.62486e-07	1.06588e-07	6.34337e-08	3.14372e-08	9.30734e-09
6.62873e-06	4.31737e-06	3.14532e-06	2.48278e-06	2.01739e-06	1.68029e-06	1.23746e-06	8.45344e-07	6.07148e-07	4.59189e-07	3.39432e-07	2.37304e-07	1.70448e-07	1.15004e-07	6.84669e-08	3.07981e-08	9.38723e-09
6.4543e-06	4.18739e-06	3.0612e-06	2.43074e-06	2.00049e-06	1.67955e-06	1.26013e-06	8.71338e-07	6.3492e-07	4.8831e-07	3.60966e-07	2.53009e-07	1.81295e-07	1.22563e-07	6.85849e-08	3.48184e-08	1.36344e-08
6.4673e-06	4.13974e-06	3.01586e-06	2.41806e-06	2.00341e-06	1.703e-06	1.29382e-06	9.10963e-07	6.72468e-07	5.20345e-07	3.88302e-07	2.71464e-07	2.01308e-07	1.31178e-07	8.1993e-08	4.26475e-08	1.91601e-08
6.64093e-06	4.20283e-06	3.08542e-06	2.49242e-06	2.07784e-06	1.77493e-06	1.35833e-06	9.63237e-07	7.17331e-07	5.5663e-07	4.12852e-07	2.88554e-07	2.12618e-07	1.39357e-07	8.71615e-08	4.33144e-08	1.65375e-08
6.95107e-06	4.39052e-06	3.27057e-06	2.65986e-06	2.23047e-06	1.91159e-06	1.47065e-06	1.03732e-06	7.68581e-07	6.01475e-07	4.36406e-07	3.02375e-07	2.20207e-07	1.43511e-07	8.41522e-08	4.31946e-08	1.66973e-08
7.25048e-06	4.65407e-06	3.5206e-06	2.87708e-06	2.41656e-06	2.06929e-06	1.59331e-06	1.12624e-06	8.33653e-07	6.40957e-07	4.66209e-07	3.24067e-07	2.29749e-07	1.49092e-07	8.57831e-08	3.92768e-08	1.25686e-08
7.60007e-06	4.9612e-06	3.78574e-06	3.11185e-06	2.62477e-06	2.25812e-06	1.73945e-06	1.23023e-06	9.1024e-07	6.99774e-07	5.14887e-07	3.58975e-07	2.53622e-07	1.66458e-07	9.93609e-08	4.99867e-08	1.77896e-08
7.95922e-06	5.26159e-06	4.04362e-06	3.327e-06	2.81422e-06	2.42278e-06	1.87342e-06	1.32338e-06	9.75674e-07	7.55639e-07	5.5174e-07	3.82752e-07	2.7392e-07	1.81517e-07	1.08673e-07	5.34445e-08	2.01182e-08
8.42342e-06	5.59679e-06	4.29152e-06	3.52261e-06	2.97497e-06	2.55703e-06	1.97196e-06	1.38892e-06	1.02097e-06	7.87982e-07	5.76523e-07	4.00682e-07	2.84919e-07	1.85654e-07	1.07654e-07	5.24886e-08	2.0319e-08
8.92392e-06	6.01957e-06	4.57926e-06	3.73546e-06	3.13179e-06	2.67883e-06	2.05038e-06	1.43763e-06	1.061e-06	8.16068e-07	5.96133e-07	4.14638e-07	2.95763e-07	1.94637e-07	1.10447e-07	5.53899e-08	2.2116e-08
9.89353e-06	6.65593e-06	4.99912e-06	4.0334e-06	3.35534e-06	2.85197e-06	2.16409e-06	1.50675e-06	1.1041e-06	8.45273e-07	6.19401e-07	4.28668e-07	3.08748e-07	1.97976e-07	1.1241e-07	5.35553e-08	1.63515e-08
1.09006e-05	7.17238e-06	5.29859e-06	4.21727e-06	3.47987e-06	2.94139e-06	2.21812e-06	1.54289e-06	1.13505e-06	8.6796e-07	6.32679e-07	4.42348e-07	3.14489e-07	2.03033e-07	1.1581e-07	5.49224e-08	2.121e-08
1.15028e-05	7.46899e-06	5.44373e-06	4.29166e-06	3.5203e-06	2.96541e-06	2.23157e-06	1.54532e-06	1.13021e-06	8.64888e-07	6.29946e-07	4.35586e-07	3.10686e-07	1.9894e-07	1.13543e-07	5.38158e-08	1.73617e-08
1.11336e-05	7.20529e-06	5.2705e-06	4.16255e-06	3.41308e-06	2.86786e-06	2.14419e-06	1.46704e-06	1.05977e-06	8.03654e-07	5.7864e-07	3.96181e-07	2.78248e-07	1.79183e-07	9.95846e-08	4.84674e-08	1.72432e-08
9.57807e-06	6.26515e-06	4.60922e-06	3.66311e-06	3.0098e-06	2.52937e-06	1.88152e-06	1.2747e-06	9.12335e-07	6.86302e-07	4.9004e-07	3.32765e-07	2.31732e-07	1.47382e-07	8.16068e-08	3.78409e-08	1.40072e-08
7.42288e-06	4.94911e-06	3.63709e-06	2.90693e-06	2.38649e-06	2.00714e-06	1.49683e-06	1.01378e-06	7.26459e-07	5.52341e-07	3.91218e-07	2.68188e-07	1.87607e-07	1.19727e-07	6.74531e-08	2.99851e-08	8.12207e-09
5.91147e-06	3.81589e-06	2.80289e-06	2.23364e-06	1.8389e-06	1.54784e-06	1.1642e-06	8.02362e-07	5.74632e-07	4.40561e-07	3.1854e-07	2.18103e-07	1.5439e-07	1.0033e-07	5.62568e-08	2.44601e-08	9.16087e-09
4.80043e-06	2.98593e-06	2.18853e-06	1.74829e-06	1.4477e-06	1.22701e-06	9.29909e-07	6.46934e-07	4.7333e-07	3.67487e-07	2.67543e-07	1.87425e-07	1.29863e-07	8.58033e-08	4.59242e-08	1.98397e-08	7.89593e-09
4.02785e-06	2.43961e-06	1.77118e-06	1.42801e-06	1.18793e-06	1.01302e-06	7.77315e-07	5.50342e-07	4.06279e-07	3.22704e-07	2.3833e-07	1.65473e-07	1.15424e-07	7.72242e-08	4.32056e-08	1.87202e-08	7.69579e-09
3.64895e-06	2.10468e-06	1.52241e-06	1.22683e-06	1.02499e-06	8.76112e-07	6.77824e-07	4.83078e-07	3.57432e-07	2.83685e-07	2.0818e-07	1.44339e-07	1.00868e-07	6.69303e-08	3.58018e-08	1.35405e-08	2.34329e-09
3.41331e-06	1.88791e-06	1.34533e-06	1.07901e-06	8.99768e-07	7.67808e-07	5.92057e-07	4.27862e-07	3.20773e-07	2.49767e-07	1.8627e-07	1.24051e-07	9.54518e-08	6.0115e-08	3.38854e-08	1.42998e-08	2.92919e-09
3.35423e-06	1.72511e-06	1.20658e-06	9.70363e-07	8.12355e-07	6.92797e-07	5.28558e-07	3.74557e-07	2.81787e-07	2.27706e-07	1.61749e-07	1.14938e-07	8.48223e-08	5.12981e-08	3.09546e-08	1.44854e-08	5.99121e-09
3.40447e-06	1.56744e-06	1.10605e-06	8.84056e-07	7.43603e-07	6.35594e-07	4.87113e-07	3.52864e-07	2.6127e-07	2.07591e-07	1.53367e-07	1.07916e-07	7.85206e-08	4.97377e-08	2.96882e-08	1.43915e-08	-9.71856e-10
3.38336e-06	1.4694e-06	1.03593e-06	8.19012e-07	6.84556e-07	5.81747e-07	4.47783e-07	3.16802e-07	2.35215e-07	1.84822e-07	1.42165e-07	9.38091e-08	6.90188e-08	4.4335e-08	2.54959e-08	9.8389e-09	1.33138e-09
3.29806e-06	1.46218e-06	1.00924e-06	7.85944e-07	6.44829e-07	5.40537e-07	4.08289e-07	2.90018e-07	2.15094e-07	1.68739e-07	1.18297e-07	8.60269e-08	5.71516e-08	3.77017e-08	1.94632e-08	6.64306e-09	-2.6093e-09
3.29096e-06	1.51691e-06	9.92891e-07	7.55791e-07	6.10629e-07	5.11249e-07	3.8173e-07	2.58494e-07	1.8976e-07	1.40383e-07	1.03147e-07	6.6577e-08	4.39587e-08	2.62394e-08	1.05836e-08	-1.59753e-09	-5.11209e-09
3.31729e-06	1.55779e-06	9.91306e-07	7.45314e-07	5.98733e-07	4.94635e-07	3.61434e-07	2.40587e-07	1.71903e-07	1.36742e-07	9.62563e-08	6.28661e-08	4.29359e-08	2.50959e-08	1.37794e-08	5.91117e-09	-1.26478e-09
3.44833e-06	1.56647e-06	9.77261e-07	7.22968e-07	5.72064e-07	4.69739e-07	3.36502e-07	2.32327e-07	1.58879e-07	1.20697e-07	9.48159e-08	5.51828e-08	4.76875e-08	2.0835e-08	1.33264e-08	2.59605e-09	-5.95095e-09
3.7201e-06	1.53745e-06	9.45295e-07	6.90622e-07	5.47582e-07	4.46586e-07	3.2389e-07	2.14919e-07	1.49736e-07	1.18676e-07	9.08377e-08	5.3134e-08	4.52125e-08	2.51624e-08	1.42188e-08	3.55469e-09	-3.64789e-09
3.87808e-06	1.47039e-06	9.09178e-07	6.55763e-07	5.20196e-07	4.19269e-07	3.03339e-07	2.03411e-07	1.46537e-07	1.14533e-07	8.94374e-08	5.72197e-08	4.15502e-08	2.86631e-08	1.79594e-08	5.76457e-09	-5.85776e-10
3.99505e-06	1.37245e-06	8.3545e-07	5.99316e-07	4.79831e-07	3.89728e-07	2.81572e-07	1.85252e-07	1.2726e-07	1.04188e-07	8.0917e-08	4.98842e-08	4.12573e-08	2.41233e-08	1.45912e-08	2.83569e-09	-3.46141e-10
4.07091e-06	1.27403e-06	7.50027e-07	5.35294e-07	4.30317e-07	3.49385e-07	2.5695e-07	1.75911e-07	1.2279e-07	9.87192e-08	7.57269e-08	4.88471e-08	3.27777e-08	1.89717e-08	1.07306e-08	-9.18628e-10	-3.43487e-09
4.05042e-06	1.13346e-06	6.56243e-07	4.74572e-07	3.85188e-07	3.14162e-07	2.35269e-07	1.61741e-07	1.17688e-07	9.12613e-08	7.45667e-08	4.87126e-08	3.62915e-08	1.92774e-08	1.11697e-08	1.85052e-09	-2.76912e-09
4.00608e-06	9.57156e-07	5.69818e-07	4.21076e-07	3.53668e-07	2.9526e-07	2.19558e-07	1.58248e-07	1.17707e-07	9.44082e-08	6.71682e-08	4.6119e-08	3.24058e-08	1.72014e-08	5.84476e-09	9.58594e-10	-6.16429e-09
3.79775e-06	8.13051e-07	5.29785e-07	3.9833e-07	3.45884e-07	2.87181e-07	2.20728e-07	1.62171e-07	1.24251e-07	9.68764e-08	7.16854e-08	4.75594e-08	3.84789e-08	1.99451e-08	1.36607e-08	3.86121e-09	-1.45128e-09
3.29802e-06	8.21147e-07	5.36159e-07	4.09495e-07	3.52194e-07	2.93056e-07	2.30243e-07	1.68602e-07	1.26318e-07	1.01528e-07	8.3502e-08	5.4492e-08	4.70497e-08	2.51491e-08	1.784e-08	7.05613e-09	-3.9541e-09
2.86324e-06	8.70267e-07	5.80684e-07	4.34055e-07	3.6542e-07	3.03337e-07	2.33477e-07	1.71966e-07	1.30319e-07	1.03664e-07	7.87133e-08	5.28439e-08	3.91037e-08	2.25675e-08	1.06646e-08	1.06513e-09	-4.20727e-09
2.36662e-06	9.36541e-07	5.95228e-07	4.54423e-07	3.72577e-07	3.16641e-07	2.38283e-07	1.85955e-07	1.40246e-07	1.11752e-07	8.97156e-08	6.07158e-08	5.05033e-08	3.17427e-08	1.71895e-08	1.33149e-09	-2.66297e-09
2.13034e-06	9.38394e-07	6.04346e-07	4.72213e-07	3.91274e-07	3.33715e-07	2.56784e-07	1.96669e-07	1.51586e-07	1.2232e-07	9.61441e-08	7.07533e-08	5.3977e-08	3.64019e-08	1.92927e-08	4.24733e-09	-3.28869e-09
1.94465e-06	9.33863e-07	6.12194e-07	4.93196e-07	4.12506e-07	3.54678e-07	2.74946e-07	2.07691e-07	1.68478e-07	1.40329e-07	1.07174e-07	8.14359e-08	6.0997e-08	4.62438e-08	2.89473e-08	1.49929e-08	5.00652e-09
1.82592e-06	9.52732e-07	6.35159e-07	5.18255e-07	4.33958e-07	3.79634e-07	2.98599e-07	2.38083e-07	1.86222e-07	1.49992e-07	1.24081e-07	9.03414e-08	7.81716e-08	4.98642e-08	3.19956e-08	1.38874e-08	3.28877e-09
1.78223e-06	1.01716e-06	6.94466e-07	5.76433e-07	4.85432e-07	4.26656e-07	3.37053e-07	2.705e-07	2.15944e-07	1.75837e-07	1.4292e-07	1.05595e-07	8.86175e-08	5.4622e-08	3.64857e-08	1.92548e-08	7.66998e-09
1.93824e-06	1.12784e-06	7.96751e-07	6.70759e-07	5.72237e-07	5.06764e-07	4.07856e-07	3.2498e-07	2.60812e-07	2.16605e-07	1.72437e-07	1.27577e-07	1.05686e-07	7.28762e-08	4.66445e-08	2.2277e-08	6.91079e-09
2.24009e-06	1.29658e-06	9.31701e-07	7.88764e-07	6.77573e-07	6.03747e-07	4.91012e-07	3.86812e-07	3.09351e-07	2.54434e-07	2.03779e-07	1.49582e-07	1.17636e-07	7.85794e-08	4.9257e-08	1.98413e-08	4.55417e-09
2.63881e-06	1.5335e-06	1.1333e-06	9.56934e-07	8.25965e-07	7.34053e-07	5.96213e-07	4.65616e-07	3.68605e-07	3.01462e-07	2.38754e-07	1.77617e-07	1.33353e-07	9.04866e-08	5.50244e-08	2.12134e-08	5.61962e-09
3.01646e-06	1.82559e-06	1.38257e-06	1.17131e-06	1.01386e-06	8.97073e-07	7.28506e-07	5.61951e-07	4.44388e-07	3.63394e-07	2.84584e-07	2.05375e-07	1.56049e-07	1.05617e-07	6.30027e-08	2.94705e-08	1.25313e-08
3.44769e-06	2.15037e-06	1.66217e-06	1.41065e-06	1.2253e-06	1.08533e-06	8.82138e-07	6.78124e-07	5.38062e-07	4.37939e-07	3.4116e-07	2.5325e-07	1.91708e-07	1.27384e-07	7.65635e-08	3.44662e-08	9.97496e-09
3.93056e-06	2.49979e-06	1.94507e-06	1.64684e-06	1.43343e-06	1.27056e-06	1.03445e-06	7.98013e-07	6.28949e-07	5.12013e-07	4.03282e-07	2.96495e-07	2.24668e-07	1.53894e-07	8.79948e-08	4.27122e-08	1.01886e-08
4.61616e-06	2.89627e-06	2.26086e-06	1.92156e-06	1.67489e-06	1.48523e-06	1.21043e-06	9.29355e-07	7.35495e-07	5.97136e-07	4.64798e-07	3.41609e-07	2.52171e-07	1.687e-07	9.45392e-08	4.21417e-08	1.20938e-08
5.45621e-06	3.3662e-06	2.62382e-06	2.22158e-06	1.93606e-06	1.71569e-06	1.39458e-06	1.06593e-06	8.40459e-07	6.82342e-07	5.26117e-07	3.86167e-07	2.81924e-07	1.83861e-07	1.02219e-07	4.01817e-08	7.17863e-09
6.48531e-06	4.06201e-06	3.11385e-06	2.61317e-06	2.25808e-06	1.98911e-06	1.60151e-06	1.20919e-06	9.41133e-07	7.55434e-07	5.7999e-07	4.1375e-07	3.04366e-07	1.92771e-07	1.07187e-07	4.18465e-08	9.13643e-09
7.87858e-06	5.02295e-06	3.80157e-06	3.15456e-06	2.69387e-06	2.35108e-06	1.86279e-06	1.38147e-06	1.06373e-06	8.41462e-07	6.36295e-07	4.53982e-07	3.25413e-07	2.08697e-07	1.14172e-07	4.65237e-08	1.41982e-08
9.98218e-06	6.32845e-06	4.7285e-06	3.86961e-06	3.26165e-06	2.81592e-06	2.19362e-06	1.5884e-06	1.20192e-06	9.3752e-07	7.00413e-07	4.96803e-07	3.55141e-07	2.2468e-07	1.25839e-07	5.45685e-08	1.6609e-08
1.25323e-05	7.66648e-06	5.69011e-06	4.57603e-06	3.81038e-06	3.24449e-06	2.47698e-06	1.75182e-06	1.29994e-06	1.00326e-06	7.41768e-07	5.16623e-07	3.63338e-07	2.26371e-07	1.19745e-07	4.46481e-08	6.22036e-09
1.30571e-05	8.08099e-06	5.93554e-06	4.74749e-06	3.93071e-06	3.3339e-06	2.53129e-06	1.77807e-06	1.3183e-06	1.01714e-06	7.43413e-07	5.11695e-07	3.56582e-07	2.21168e-07	1.09892e-07	3.86552e-08	1.95807e-09
1.18917e-05	7.54125e-06	5.54886e-06	4.46041e-06	3.71299e-06	3.1732e-06	2.43336e-06	1.72453e-06	1.28229e-06	9.84908e-07	7.15308e-07	4.87945e-07	3.38266e-07	2.0581e-07	1.02472e-07	3.59778e-08	8.65812e-10
9.76628e-06	6.4665e-06	4.98521e-06	4.1125e-06	3.491e-06	3.02301e-06	2.35617e-06	1.69411e-06	1.26559e-06	9.6767e-07	7.01678e-07	4.77261e-07	3.24058e-07	1.933e-07	9.42454e-08	3.14373e-08	1.49194e-09
8.30514e-06	5.61405e-06	4.50245e-06	3.80234e-06	3.27942e-06	2.86535e-06	2.25864e-06	1.63889e-06	1.22784e-06	9.40152e-07	6.83059e-07	4.592e-07	3.12345e-07	1.82806e-07	8.42768e-08	2.85984e-08	-1.4519e-09
7.71512e-06	5.20023e-06	4.20808e-06	3.57387e-06	3.0949e-06	2.71053e-06	2.14388e-06	1.56505e-06	1.1685e-06	8.9383e-07	6.48679e-07	4.39122e-07	3.00301e-07	1.77679e-07	8.54026e-08	3.09453e-08	1.93158e-09
7.60858e-06	5.07042e-06	4.02306e-06	3.40374e-06	2.92587e-06	2.55648e-06	2.0069e-06	1.46062e-06	1.09057e-06	8.32432e-07	6.02654e-07	4.09003e-07	2.80559e-07	1.63558e-07	7.86753e-08	2.3139e-08	-5.46171e-10
7.71813e-06	4.99109e-06	3.87683e-06	3.23626e-06	2.75279e-06	2.38304e-06	1.84898e-06	1.32584e-06	9.87678e-07	7.61276e-07	5.52311e-07	3.73611e-07	2.59931e-07	1.56014e-07	7.94192e-08	2.58292e-08	4.60903e-09
7.6796e-06	4.91007e-06	3.72574e-06	3.05213e-06	2.55548e-06	2.18949e-06	1.6812e-06	1.19253e-06	8.82e-07	6.7612e-07	5.00626e-07	3.42343e-07	2.41821e-07	1.46414e-07	7.41994e-08	2.58566e-08	3.10385e-09
7.59275e-06	4.84161e-06	3.60625e-06	2.92417e-06	2.4328e-06	2.07214e-06	1.57571e-06	1.11789e-06	8.32525e-07	6.43695e-07	4.73782e-07	3.30633e-07	2.31848e-07	1.42709e-07	7.4565e-08	2.80968e-08	5.28896e-09
7.17428e-06	4.61732e-06	3.46953e-06	2.82899e-06	2.36584e-06	2.02703e-06	1.55537e-06	1.11086e-06	8.26943e-07	6.3766e-07	4.74807e-07	3.33005e-07	2.337e-07	1.51115e-07	8.14793e-08	3.42917e-08	5.11577e-09
6.72896e-06	4.44119e-06	3.37037e-06	2.77967e-06	2.34335e-06	2.02044e-06	1.56198e-06	1.11344e-06	8.28044e-07	6.37237e-07	4.73022e-07	3.26672e-07	2.28564e-07	1.43459e-07	7.30882e-08	2.56062e-08	1.71863e-09
6.673e-06	4.43427e-06	3.35919e-06	2.77933e-06	2.34337e-06	2.01747e-06	1.55489e-06	1.11259e-06	8.3344e-07	6.38887e-07	4.68183e-07	3.2835e-07	2.28982e-07	1.4323e-07	7.36803e-08	3.30695e-08	9.19338e-09
6.94433e-06	4.63185e-06	3.4437e-06	2.83402e-06	2.37377e-06	2.04254e-06	1.56795e-06	1.12231e-06	8.40692e-07	6.44599e-07	4.73353e-07	3.32125e-07	2.34918e-07	1.49169e-07	8.22453e-08	3.39213e-08	7.44777e-09
8.08823e-06	5.11259e-06	3.72431e-06	3.01964e-06	2.5063e-06	2.14046e-06	1.62829e-06	1.15494e-06	8.55184e-07	6.59325e-07	4.78842e-07	3.34319e-07	2.35897e-07	1.50398e-07	8.24606e-08	3.53079e-08	1.07789e-08
1.0335e-05	6.06571e-06	4.27882e-06	3.39555e-06	2.78456e-06	2.35194e-06	1.76823e-06	1.23267e-06	8.9871e-07	6.82913e-07	4.93658e-07	3.44534e-07	2.41872e-07	1.54027e-07	8.39018e-08	3.67345e-08	9.55338e-09
1.19409e-05	6.93892e-06	4.86173e-06	3.82149e-06	3.11905e-06	2.62225e-06	1.95067e-06	1.33038e-06	9.55603e-07	7.16522e-07	5.16176e-07	3.49087e-07	2.45183e-07	1.5543e-07	8.37575e-08	3.53098e-08	9.1539e-09
1.20608e-05	7.2462e-06	5.1916e-06	4.11427e-06	3.37481e-06	2.84113e-06	2.11226e-06	1.42875e-06	1.01516e-06	7.57435e-07	5.37629e-07	3.61649e-07	2.52612e-07	1.61497e-07	8.67312e-08	4.02676e-08	1.09397e-08
1.18738e-05	7.33858e-06	5.31407e-06	4.24029e-06	3.47993e-06	2.93848e-06	2.18395e-06	1.47816e-06	1.05171e-06	7.73398e-07	5.44452e-07	3.66392e-07	2.53704e-07	1.60191e-07	9.04888e-08	4.21464e-08	1.43641e-08
1.17783e-05	7.31816e-06	5.25831e-06	4.17961e-06	3.42856e-06	2.88842e-06	2.14711e-06	1.4529e-06	1.02842e-06	7.60334e-07	5.3298e-07	3.53477e-07	2.4433e-07	1.48909e-07	8.09903e-08	3.60446e-08	1.20992e-08
1.1819e-05	7.22548e-06	5.12186e-06	4.04061e-06	3.29834e-06	2.77337e-06	2.05898e-06	1.3972e-06	9.97162e-07	7.42645e-07	5.22292e-07	3.45459e-07	2.39846e-07	1.47812e-07	8.05351e-08	3.39649e-08	6.54248e-09
1.20278e-05	7.0312e-06	4.92899e-06	3.87467e-06	3.16111e-06	2.65504e-06	1.96883e-06	1.33908e-06	9.62116e-07	7.16127e-07	5.06516e-07	3.36869e-07	2.36808e-07	1.46834e-07	8.08726e-08	3.66585e-08	5.76995e-09
1.29333e-05	7.06335e-06	4.85902e-06	3.79255e-06	3.08463e-06	2.58564e-06	1.91869e-06	1.30152e-06	9.33093e-07	6.96991e-07	4.96495e-07	3.36469e-07	2.32384e-07	1.45435e-07	7.8967e-08	3.07686e-08	5.21028e-09
1.53504e-05	7.66672e-06	5.09187e-06	3.89817e-06	3.14326e-06	2.61405e-06	1.92385e-06	1.29144e-06	9.20189e-07	6.92297e-07	4.91005e-07	3.36354e-07	2.30131e-07	1.45975e-07	7.76786e-08	3.30224e-08	6.86301e-09
1.8233e-05	8.39269e-06	5.41674e-06	4.07602e-06	3.26139e-06	2.68988e-06	1.96102e-06	1.30947e-06	9.35398e-07	7.02348e-07	5.02292e-07	3.40867e-07	2.39526e-07	1.50139e-07	8.0606e-08	3.31272e-08	5.55674e-09
1.99752e-05	8.46458e-06	5.5044e-06	4.12481e-06	3.31671e-06	2.72425e-06	1.99207e-06	1.32997e-06	9.39712e-07	7.0665e-07	5.0629e-07	3.40165e-07	2.38859e-07	1.50813e-07	8.11967e-08	3.32889e-08	6.26333e-09
1.96513e-05	8.00296e-06	5.40235e-06	4.08321e-06	3.31546e-06	2.72748e-06	1.99443e-06	1.32796e-06	9.4387e-07	7.07063e-07	5.03238e-07	3.35235e-07	2.32529e-07	1.42138e-07	7.45069e-08	2.9944e-08	9.31503e-09
1.87072e-05	7.83895e-06	5.37214e-06	4.07371e-06	3.30563e-06	2.72155e-06	1.99218e-06	1.32121e-06	9.36792e-07	6.97913e-07	4.89779e-07	3.31099e-07	2.22034e-07	1.35491e-07	6.91783e-08	2.68797e-08	5.87702e-09
1.76767e-05	7.80224e-06	5.32173e-06	4.02673e-06	3.25002e-06	2.67135e-06	1.94912e-06	1.29545e-06	9.18783e-07	6.79105e-07	4.81848e-07	3.23627e-07	2.21086e-07	1.37991e-07	7.25671e-08	3.22787e-08	6.03726e-09
1.62263e-05	7.47588e-06	5.0866e-06	3.85785e-06	3.1071e-06	2.55727e-06	1.86237e-06	1.23529e-06	8.6831e-07	6.43459e-07	4.57338e-07	3.06309e-07	2.12603e-07	1.30438e-07	7.01168e-08	3.15999e-08	8.83623e-09
1.4117e-05	6.87234e-06	4.67994e-06	3.58977e-06	2.89328e-06	2.39332e-06	1.74508e-06	1.15691e-06	8.20051e-07	6.10251e-07	4.31075e-07	2.89293e-07	1.97966e-07	1.24244e-07	6.51403e-08	2.61468e-08	3.19838e-09
1.22726e-05	6.24352e-06	4.27017e-06	3.31037e-06	2.67737e-06	2.22498e-06	1.62772e-06	1.08915e-06	7.75542e-07	5.76459e-07	4.08015e-07	2.76755e-07	1.9102e-07	1.19719e-07	6.4624e-08	2.87336e-08	4.86446e-09
1.09432e-05	5.73171e-06	3.93203e-06	3.06901e-06	2.48583e-06	2.07566e-06	1.52951e-06	1.03096e-06	7.3007e-07	5.41619e-07	3.91215e-07	2.58482e-07	1.83254e-07	1.12756e-07	5.70111e-08	2.13492e-08	4.45108e-09
1.04344e-05	5.51346e-06	3.76996e-06	2.94345e-06	2.38519e-06	1.99944e-06	1.4741e-06	9.97214e-07	7.06291e-07	5.29575e-07	3.82287e-07	2.50327e-07	1.83087e-07	1.10689e-07	5.64974e-08	2.19112e-08	5.69106e-09
1.10533e-05	5.63295e-06	3.79554e-06	2.9442e-06	2.38006e-06	1.9882e-06	1.45868e-06	9.85752e-07	7.00347e-07	5.32334e-07	3.76303e-07	2.51473e-07	1.8234e-07	1.13235e-07	6.06691e-08	2.39771e-08	8.90311e-09
1.25443e-05	6.09578e-06	3.9974e-06	3.06346e-06	2.45527e-06	2.03494e-06	1.48157e-06	9.89711e-07	7.00869e-07	5.29826e-07	3.76189e-07	2.54325e-07	1.80105e-07	1.15174e-07	6.23451e-08	3.24786e-08	1.28075e-08
1.45561e-05	6.55879e-06	4.23076e-06	3.20549e-06	2.56226e-06	2.1115e-06	1.53361e-06	1.01611e-06	7.19139e-07	5.37518e-07	3.83433e-07	2.54885e-07	1.79768e-07	1.11822e-07	5.68306e-08	2.66693e-08	7.62362e-09
1.6146e-05	7.01118e-06	4.48423e-06	3.36976e-06	2.68562e-06	2.2046e-06	1.59244e-06	1.04961e-06	7.38598e-07	5.48114e-07	3.85699e-07	2.52406e-07	1.79035e-07	1.09996e-07	5.52712e-08	2.20712e-08	4.27829e-09
1.68291e-05	7.6014e-06	4.83657e-06	3.63286e-06	2.8878e-06	2.36806e-06	1.69874e-06	1.10875e-06	7.69633e-07	5.61564e-07	3.90121e-07	2.57757e-07	1.83958e-07	1.11025e-07	5.88847e-08	2.74564e-08	7.02404e-09
1.57466e-05	7.7387e-06	5.03946e-06	3.82948e-06	3.04738e-06	2.50271e-06	1.78567e-06	1.1521e-06	7.88911e-07	5.71998e-07	3.97414e-07	2.5867e-07	1.77342e-07	1.07011e-07	5.18726e-08	1.87925e-08	2.10582e-09
1.42982e-05	7.40671e-06	4.93645e-06	3.77928e-06	3.00928e-06	2.47241e-06	1.76234e-06	1.13659e-06	7.86247e-07	5.77706e-07	4.05153e-07	2.70719e-07	1.90201e-07	1.17133e-07	5.78599e-08	2.14592e-08	1.10628e-09
1.34122e-05	6.7899e-06	4.47345e-06	3.41086e-06	2.71674e-06	2.23992e-06	1.61618e-06	1.06773e-06	7.4948e-07	5.52039e-07	3.93148e-07	2.63236e-07	1.85017e-07	1.13836e-07	5.82511e-08	2.49667e-08	7.01146e-09
1.20648e-05	5.9451e-06	3.95001e-06	3.06018e-06	2.47674e-06	2.07178e-06	1.52774e-06	1.03854e-06	7.44488e-07	5.57063e-07	3.99043e-07	2.67308e-07	1.87545e-07	1.18699e-07	6.52475e-08	2.80584e-08	7.8377e-09
1.12089e-05	5.63381e-06	3.9233e-06	3.1181e-06	2.55708e-06	2.15232e-06	1.59435e-06	1.08465e-06	7.82186e-07	5.84833e-07	4.12941e-07	2.79493e-07	1.91247e-07	1.18532e-07	6.06788e-08	1.99419e-08	3.81242e-09
1.09346e-05	5.6795e-06	4.04056e-06	3.22383e-06	2.65315e-06	2.24322e-06	1.65962e-06	1.13234e-06	8.10952e-07	6.01082e-07	4.25724e-07	2.84105e-07	1.9342e-07	1.16599e-07	5.98656e-08	2.22613e-08	4.34562e-09
1.05238e-05	5.49845e-06	3.93329e-06	3.15882e-06	2.60911e-06	2.20755e-06	1.64539e-06	1.12251e-06	8.02104e-07	5.91676e-07	4.23641e-07	2.80774e-07	1.92484e-07	1.20124e-07	5.93889e-08	2.41022e-08	4.17255e-09
1.07087e-05	5.41523e-06	3.82318e-06	3.07037e-06	2.53631e-06	2.14797e-06	1.60297e-06	1.08949e-06	7.73736e-07	5.84664e-07	4.18788e-07	2.71403e-07	1.96003e-07	1.16858e-07	5.66828e-08	2.1556e-08	1.82633e-09
1.15253e-05	5.52473e-06	3.78765e-06	3.01149e-06	2.47303e-06	2.0796e-06	1.54014e-06	1.04039e-06	7.40368e-07	5.58805e-07	4.01147e-07	2.62698e-07	1.84949e-07	1.15611e-07	5.44994e-08	2.22504e-08	2.75963e-09
1.23932e-05	5.80482e-06	3.86241e-06	3.0008e-06	2.42499e-06	2.01605e-06	1.47435e-06	9.92001e-07	7.073e-07	5.32501e-07	3.85538e-07	2.57159e-07	1.83024e-07	1.13635e-07	5.77508e-08	2.3223e-08	5.4258e-09
1.3659e-05	6.37255e-06	4.04853e-06	3.0143e-06	2.37473e-06	1.94306e-06	1.39827e-06	9.34064e-07	6.6828e-07	5.07385e-07	3.69488e-07	2.52266e-07	1.77652e-07	1.14182e-07	5.96571e-08	2.62891e-08	8.14536e-09
1.50518e-05	7.00632e-06	4.21491e-06	3.00152e-06	2.29317e-06	1.84534e-06	1.3103e-06	8.71347e-07	6.30373e-07	4.81895e-07	3.48923e-07	2.40868e-07	1.72942e-07	1.09068e-07	5.86737e-08	2.01845e-08	3.54629e-09
1.53571e-05	7.04831e-06	4.12472e-06	2.8715e-06	2.16266e-06	1.72742e-06	1.22749e-06	8.17704e-07	5.94614e-07	4.54099e-07	3.2793e-07	2.30983e-07	1.62192e-07	1.04599e-07	5.2633e-08	1.85709e-08	-6.93241e-10
1.51324e-05	6.68909e-06	3.82128e-06	2.66426e-06	2.01897e-06	1.62761e-06	1.16678e-06	7.83789e-07	5.66978e-07	4.38168e-07	3.18598e-07	2.18371e-07	1.58659e-07	1.01293e-07	5.2353e-08	2.15038e-08	1.06652e-09
