2.92606e-06	6.97712e-07	5.41181e-07	4.18028e-07	3.76004e-07	3.34068e-07	2.65349e-07	2.03199e-07	1.70463e-07	1.53221e-07	1.21152e-07	8.80258e-08	6.9449e-08	5.64603e-08	3.31764e-08	2.09933e-08	8.55841e-10
2.97927e-06	7.37181e-07	5.69717e-07	4.38968e-07	3.91529e-07	3.48106e-07	2.76652e-07	2.08546e-07	1.76111e-07	1.59396e-07	1.23247e-07	8.96665e-08	7.39333e-08	6.073e-08	3.40969e-08	1.91945e-08	-4.80806e-09
3.02067e-06	7.76823e-07	5.94414e-07	4.56336e-07	4.06303e-07	3.5792e-07	2.81429e-07	2.11925e-07	1.7794e-07	1.63327e-07	1.24459e-07	8.99456e-08	7.1808e-08	5.77988e-08	3.02462e-08	1.41854e-08	-9.93102e-09
3.07484e-06	8.08584e-07	6.19484e-07	4.71743e-07	4.19497e-07	3.66318e-07	2.88735e-07	2.20126e-07	1.83109e-07	1.63801e-07	1.26054e-07	9.19069e-08	7.163e-08	5.80617e-08	2.99937e-08	1.43738e-08	-8.30711e-09
3.13083e-06	8.38326e-07	6.36322e-07	4.88306e-07	4.30102e-07	3.75699e-07	2.9393e-07	2.21137e-07	1.82821e-07	1.63109e-07	1.25208e-07	9.2367e-08	6.99738e-08	5.79905e-08	3.22114e-08	1.57092e-08	-4.19163e-09
3.19717e-06	8.70878e-07	6.58917e-07	5.05803e-07	4.4318e-07	3.87682e-07	3.01584e-07	2.26612e-07	1.85338e-07	1.65248e-07	1.27901e-07	9.37012e-08	7.18494e-08	5.78143e-08	3.31428e-08	2.09078e-08	1.04476e-09
3.27236e-06	9.08565e-07	6.84935e-07	5.24885e-07	4.58059e-07	3.99502e-07	3.11716e-07	2.33586e-07	1.90977e-07	1.68572e-07	1.30029e-07	9.79936e-08	7.46941e-08	6.20185e-08	3.52827e-08	2.34127e-08	3.07135e-09
3.34663e-06	9.44839e-07	7.08321e-07	5.43454e-07	4.67963e-07	4.08635e-07	3.15974e-07	2.37638e-07	1.89955e-07	1.66704e-07	1.28751e-07	9.49396e-08	7.11229e-08	5.82075e-08	3.38494e-08	2.1853e-08	2.83233e-09
3.41929e-06	9.73956e-07	7.25933e-07	5.53308e-07	4.79319e-07	4.14946e-07	3.20654e-07	2.38533e-07	1.92387e-07	1.6949e-07	1.30079e-07	9.52747e-08	7.4027e-08	6.11878e-08	3.66296e-08	2.58799e-08	6.0294e-09
3.49041e-06	1.00394e-06	7.42164e-07	5.64676e-07	4.88394e-07	4.23076e-07	3.25936e-07	2.40251e-07	1.9384e-07	1.71295e-07	1.29503e-07	9.20294e-08	7.12595e-08	5.63808e-08	2.91156e-08	1.54201e-08	-5.04771e-09
3.56797e-06	1.02266e-06	7.58309e-07	5.77459e-07	5.01183e-07	4.32348e-07	3.35629e-07	2.49131e-07	2.0181e-07	1.76671e-07	1.35065e-07	9.72859e-08	7.43492e-08	5.84496e-08	3.23531e-08	2.01168e-08	-3.85216e-09
3.64401e-06	1.0265e-06	7.6223e-07	5.84183e-07	5.06622e-07	4.38616e-07	3.41038e-07	2.53909e-07	2.0456e-07	1.8093e-07	1.39437e-07	1.03356e-07	7.92608e-08	6.43931e-08	3.67097e-08	2.28995e-08	-6.7981e-10
3.71522e-06	1.0321e-06	7.65944e-07	5.89118e-07	5.09983e-07	4.44432e-07	3.43405e-07	2.53657e-07	2.07229e-07	1.81509e-07	1.38215e-07	1.03495e-07	7.7876e-08	6.16738e-08	3.39653e-08	1.95886e-08	-2.05202e-09
3.8046e-06	1.05972e-06	7.77155e-07	6.00174e-07	5.24826e-07	4.54779e-07	3.53271e-07	2.606e-07	2.10948e-07	1.83981e-07	1.40938e-07	1.03019e-07	7.82178e-08	6.21286e-08	3.51118e-08	2.18552e-08	3.52503e-10
3.93645e-06	1.13333e-06	8.12988e-07	6.328e-07	5.4613e-07	4.75651e-07	3.67389e-07	2.69326e-07	2.18374e-07	1.8608e-07	1.43828e-07	1.05114e-07	7.92668e-08	6.48008e-08	3.67125e-08	2.11638e-08	1.95145e-09
4.07908e-06	1.20152e-06	8.81415e-07	6.71854e-07	5.79796e-07	4.99874e-07	3.86979e-07	2.83225e-07	2.27401e-07	1.9755e-07	1.50816e-07	1.11334e-07	8.57003e-08	7.00131e-08	4.16478e-08	2.7056e-08	-1.71224e-09
4.12543e-06	1.26323e-06	9.30881e-07	7.08931e-07	6.07745e-07	5.20283e-07	3.97467e-07	2.84862e-07	2.24304e-07	1.90638e-07	1.4155e-07	9.93982e-08	7.21408e-08	5.61137e-08	2.73329e-08	1.28166e-08	-6.48386e-09
4.14906e-06	1.32975e-06	9.82449e-07	7.57158e-07	6.44008e-07	5.53484e-07	4.21776e-07	3.01916e-07	2.36447e-07	2.01282e-07	1.4941e-07	1.07169e-07	7.93191e-08	6.16675e-08	3.24453e-08	1.70851e-08	-5.76637e-09
4.19621e-06	1.40149e-06	1.05505e-06	8.09025e-07	6.9168e-07	5.8952e-07	4.4761e-07	3.17977e-07	2.48653e-07	2.09483e-07	1.57585e-07	1.12737e-07	8.34383e-08	6.50685e-08	3.54805e-08	2.01325e-08	-5.91761e-09
4.28829e-06	1.48983e-06	1.12691e-06	8.663e-07	7.38958e-07	6.29973e-07	4.75196e-07	3.35818e-07	2.57907e-07	2.17088e-07	1.62734e-07	1.14776e-07	8.75302e-08	6.64409e-08	3.81371e-08	2.33557e-08	-3.52538e-10
4.42058e-06	1.59461e-06	1.19442e-06	9.19682e-07	7.77908e-07	6.61429e-07	4.95543e-07	3.44615e-07	2.60683e-07	2.17862e-07	1.59099e-07	1.10423e-07	8.0834e-08	6.07388e-08	3.16789e-08	1.68593e-08	-3.03442e-09
4.53338e-06	1.68094e-06	1.26039e-06	9.72865e-07	8.22295e-07	6.97059e-07	5.23597e-07	3.65333e-07	2.76801e-07	2.28424e-07	1.69382e-07	1.20665e-07	8.78642e-08	6.80702e-08	3.66793e-08	2.20227e-08	9.31779e-10
4.58988e-06	1.73791e-06	1.30475e-06	1.00674e-06	8.5175e-07	7.18119e-07	5.37346e-07	3.74754e-07	2.84727e-07	2.33619e-07	1.74402e-07	1.20196e-07	8.91337e-08	6.86477e-08	3.55326e-08	1.88366e-08	-2.07756e-09
4.64581e-06	1.7926e-06	1.34267e-06	1.03788e-06	8.73442e-07	7.36886e-07	5.48868e-07	3.81337e-07	2.89065e-07	2.35312e-07	1.72694e-07	1.17794e-07	8.76627e-08	6.44942e-08	3.22975e-08	1.63439e-08	-7.32831e-09
4.73309e-06	1.87115e-06	1.40394e-06	1.08838e-06	9.12688e-07	7.73421e-07	5.76345e-07	3.98119e-07	3.00808e-07	2.46235e-07	1.79208e-07	1.24446e-07	9.16944e-08	6.6989e-08	3.43634e-08	1.76539e-08	-6.95074e-09
4.87862e-06	1.98918e-06	1.49037e-06	1.15569e-06	9.6512e-07	8.1609e-07	6.07752e-07	4.18239e-07	3.16581e-07	2.57184e-07	1.86655e-07	1.29776e-07	9.42151e-08	6.85018e-08	3.35457e-08	1.50729e-08	-1.08167e-08
5.09302e-06	2.14334e-06	1.58684e-06	1.22724e-06	1.01721e-06	8.55114e-07	6.31841e-07	4.31259e-07	3.20624e-07	2.57121e-07	1.85647e-07	1.26514e-07	9.02738e-08	6.73433e-08	3.01836e-08	1.50981e-08	-2.83325e-09
5.42269e-06	2.34114e-06	1.73443e-06	1.33486e-06	1.10159e-06	9.21295e-07	6.74638e-07	4.55207e-07	3.35562e-07	2.68379e-07	1.93943e-07	1.33837e-07	9.46858e-08	7.13512e-08	3.69097e-08	1.89901e-08	-3.96675e-09
5.76568e-06	2.56106e-06	1.88926e-06	1.45048e-06	1.18977e-06	9.90668e-07	7.18706e-07	4.78315e-07	3.48416e-07	2.75073e-07	1.93268e-07	1.3214e-07	9.29126e-08	6.71217e-08	3.21504e-08	1.4457e-08	-8.66411e-09
6.02446e-06	2.7531e-06	2.02633e-06	1.56381e-06	1.27978e-06	1.06554e-06	7.71315e-07	5.11699e-07	3.7132e-07	2.92132e-07	2.07856e-07	1.42873e-07	9.99043e-08	7.38609e-08	3.61937e-08	1.82732e-08	-8.03466e-09
6.19947e-06	2.86293e-06	2.13663e-06	1.65848e-06	1.36357e-06	1.13818e-06	8.26541e-07	5.48412e-07	4.02106e-07	3.14362e-07	2.274e-07	1.55928e-07	1.11609e-07	8.07159e-08	4.25808e-08	2.30725e-08	-4.81096e-09
6.33379e-06	2.95984e-06	2.21325e-06	1.73442e-06	1.43209e-06	1.20042e-06	8.76549e-07	5.83035e-07	4.21134e-07	3.29081e-07	2.32972e-07	1.58136e-07	1.11033e-07	7.84257e-08	4.16751e-08	2.0806e-08	-6.07053e-09
6.51005e-06	3.03679e-06	2.30092e-06	1.81155e-06	1.50734e-06	1.26757e-06	9.30529e-07	6.2e-07	4.46965e-07	3.47469e-07	2.467e-07	1.67166e-07	1.16524e-07	8.31864e-08	4.44207e-08	2.43073e-08	-4.01763e-09
6.78217e-06	3.1718e-06	2.42718e-06	1.91876e-06	1.6057e-06	1.35406e-06	1.00079e-06	6.76281e-07	4.90604e-07	3.83029e-07	2.73591e-07	1.88763e-07	1.34213e-07	9.51307e-08	4.96876e-08	2.78226e-08	-7.04066e-09
7.12807e-06	3.33962e-06	2.54892e-06	2.02257e-06	1.69409e-06	1.4332e-06	1.06355e-06	7.16558e-07	5.1936e-07	4.02408e-07	2.87422e-07	1.95523e-07	1.38163e-07	9.58535e-08	5.00428e-08	2.68037e-08	-5.16425e-10
7.56748e-06	3.52594e-06	2.68369e-06	2.13066e-06	1.78784e-06	1.5133e-06	1.12813e-06	7.67496e-07	5.5822e-07	4.33176e-07	3.10488e-07	2.09994e-07	1.48813e-07	1.0353e-07	5.38998e-08	3.11886e-08	2.90976e-09
8.05493e-06	3.71068e-06	2.80697e-06	2.22232e-06	1.86207e-06	1.57433e-06	1.18036e-06	8.03152e-07	5.86438e-07	4.54791e-07	3.23924e-07	2.19699e-07	1.5402e-07	1.03255e-07	5.14826e-08	2.74482e-08	1.00773e-09
8.62137e-06	3.93822e-06	2.95621e-06	2.33089e-06	1.95268e-06	1.65215e-06	1.2391e-06	8.48047e-07	6.23444e-07	4.84656e-07	3.47166e-07	2.37327e-07	1.64664e-07	1.14941e-07	5.96498e-08	3.11287e-08	4.19501e-09
9.40439e-06	4.26667e-06	3.17086e-06	2.48332e-06	2.07326e-06	1.75038e-06	1.31334e-06	9.01633e-07	6.63979e-07	5.15042e-07	3.71107e-07	2.54447e-07	1.78769e-07	1.23891e-07	6.89503e-08	3.622e-08	3.94326e-09
1.05058e-05	4.69829e-06	3.44902e-06	2.67381e-06	2.21952e-06	1.86311e-06	1.39151e-06	9.49138e-07	6.97765e-07	5.3825e-07	3.87328e-07	2.68621e-07	1.90596e-07	1.34317e-07	7.43713e-08	4.07574e-08	1.03941e-08
1.17712e-05	5.20595e-06	3.77963e-06	2.89639e-06	2.3888e-06	1.99061e-06	1.47585e-06	1.00025e-06	7.29299e-07	5.59999e-07	4.03878e-07	2.75741e-07	1.92294e-07	1.32673e-07	7.49042e-08	3.91594e-08	5.3674e-09
1.3236e-05	5.71711e-06	4.13e-06	3.13568e-06	2.57492e-06	2.13293e-06	1.57067e-06	1.05419e-06	7.65133e-07	5.87319e-07	4.18729e-07	2.84575e-07	1.97558e-07	1.34519e-07	7.3585e-08	3.85565e-08	5.69528e-09
1.77128e-05	6.96566e-06	4.74311e-06	3.52182e-06	2.86231e-06	2.34819e-06	1.71007e-06	1.13385e-06	8.14176e-07	6.20628e-07	4.41028e-07	2.96925e-07	2.05393e-07	1.39327e-07	7.5693e-08	4.0625e-08	1.15423e-08
2.70369e-05	1.10069e-05	6.56609e-06	4.54379e-06	3.4963e-06	2.78096e-06	1.95364e-06	1.25591e-06	8.90285e-07	6.72845e-07	4.74761e-07	3.21648e-07	2.19645e-07	1.49068e-07	7.90197e-08	4.04108e-08	1.2941e-08
3.28152e-05	1.54468e-05	9.04933e-06	6.03585e-06	4.42977e-06	3.42073e-06	2.31098e-06	1.44146e-06	1.0084e-06	7.58222e-07	5.39316e-07	3.68205e-07	2.55967e-07	1.74891e-07	9.92465e-08	5.4084e-08	1.51087e-08
3.14868e-05	1.63111e-05	1.01448e-05	6.96813e-06	5.17649e-06	4.0223e-06	2.72038e-06	1.68895e-06	1.17179e-06	8.75955e-07	6.16812e-07	4.18899e-07	2.8878e-07	1.92911e-07	1.06795e-07	5.60246e-08	1.3521e-08
2.77417e-05	1.54056e-05	1.03316e-05	7.49713e-06	5.77898e-06	4.60436e-06	3.19165e-06	2.01129e-06	1.39673e-06	1.03732e-06	7.30601e-07	4.96232e-07	3.46695e-07	2.34015e-07	1.33169e-07	7.25321e-08	2.53409e-08
2.54026e-05	1.48517e-05	1.05113e-05	7.94856e-06	6.3001e-06	5.12112e-06	3.62863e-06	2.32472e-06	1.61534e-06	1.19767e-06	8.42516e-07	5.71956e-07	3.96691e-07	2.64511e-07	1.46218e-07	7.30776e-08	2.13222e-08
2.4133e-05	1.45583e-05	1.06678e-05	8.29039e-06	6.70807e-06	5.5387e-06	4.00505e-06	2.6178e-06	1.84287e-06	1.37204e-06	9.71646e-07	6.6434e-07	4.64312e-07	3.08075e-07	1.73262e-07	8.88298e-08	2.88706e-08
2.33483e-05	1.44067e-05	1.08128e-05	8.57395e-06	7.04799e-06	5.89779e-06	4.34742e-06	2.90258e-06	2.06888e-06	1.55198e-06	1.10641e-06	7.60768e-07	5.32336e-07	3.5329e-07	1.98326e-07	1.00612e-07	3.38861e-08
2.29284e-05	1.43374e-05	1.09433e-05	8.81497e-06	7.35117e-06	6.22785e-06	4.67839e-06	3.19508e-06	2.31469e-06	1.75337e-06	1.26074e-06	8.71928e-07	6.13542e-07	4.05096e-07	2.27222e-07	1.14008e-07	4.08171e-08
2.26751e-05	1.42637e-05	1.10112e-05	9.00326e-06	7.61165e-06	6.53423e-06	5.01396e-06	3.51985e-06	2.59926e-06	1.99733e-06	1.45729e-06	1.02125e-06	7.26504e-07	4.84034e-07	2.77024e-07	1.45424e-07	5.83713e-08
2.25446e-05	1.42047e-05	1.10784e-05	9.1656e-06	7.84225e-06	6.81146e-06	5.33174e-06	3.84038e-06	2.89387e-06	2.25524e-06	1.66617e-06	1.18127e-06	8.47162e-07	5.66514e-07	3.24239e-07	1.68351e-07	6.45478e-08
2.36965e-05	1.50029e-05	1.16839e-05	9.67566e-06	8.3069e-06	7.24803e-06	5.73219e-06	4.19773e-06	3.21169e-06	2.5354e-06	1.8994e-06	1.3672e-06	9.91821e-07	6.68855e-07	3.89177e-07	2.02036e-07	7.74776e-08
2.73164e-05	1.76991e-05	1.36759e-05	1.12243e-05	9.56157e-06	8.30113e-06	6.54065e-06	4.79316e-06	3.67919e-06	2.91894e-06	2.21015e-06	1.60978e-06	1.17933e-06	8.02412e-07	4.72553e-07	2.46862e-07	9.37973e-08
3.15632e-05	2.19582e-05	1.73981e-05	1.44767e-05	1.24018e-05	1.0802e-05	8.52721e-06	6.24921e-06	4.79555e-06	3.80143e-06	2.88115e-06	2.10393e-06	1.54826e-06	1.0583e-06	6.30718e-07	3.31615e-07	1.34347e-07
3.45898e-05	2.56253e-05	2.11116e-05	1.80809e-05	1.58268e-05	1.40252e-05	1.13433e-05	8.52251e-06	6.63612e-06	5.30527e-06	4.05059e-06	2.97671e-06	2.2014e-06	1.50762e-06	9.06815e-07	4.80607e-07	1.99526e-07
3.52192e-05	2.67389e-05	2.24701e-05	1.9581e-05	1.74087e-05	1.56505e-05	1.29712e-05	1.00625e-05	8.03619e-06	6.55262e-06	5.10596e-06	3.82681e-06	2.87289e-06	1.99304e-06	1.21613e-06	6.52196e-07	2.76343e-07
3.5792e-05	2.71925e-05	2.28471e-05	1.99178e-05	1.77279e-05	1.5965e-05	1.32975e-05	1.04184e-05	8.41758e-06	6.95035e-06	5.50631e-06	4.20946e-06	3.22194e-06	2.28641e-06	1.43592e-06	7.96504e-07	3.56057e-07
3.52737e-05	2.65129e-05	2.21258e-05	1.91842e-05	1.70001e-05	1.52528e-05	1.26364e-05	9.85116e-06	7.94849e-06	6.57538e-06	5.24015e-06	4.04877e-06	3.14375e-06	2.27944e-06	1.47913e-06	8.54687e-07	4.00038e-07
3.38367e-05	2.50313e-05	2.07319e-05	1.78817e-05	1.57823e-05	1.41095e-05	1.16242e-05	8.99928e-06	7.22755e-06	5.96144e-06	4.74527e-06	3.67465e-06	2.86901e-06	2.10808e-06	1.39909e-06	8.37865e-07	4.15222e-07
3.18153e-05	2.31428e-05	1.90631e-05	1.63979e-05	1.44496e-05	1.29033e-05	1.06108e-05	8.1961e-06	6.57146e-06	5.41234e-06	4.29612e-06	3.31854e-06	2.58969e-06	1.90632e-06	1.27282e-06	7.73373e-07	3.93289e-07
2.9438e-05	2.11044e-05	1.73648e-05	1.49209e-05	1.31477e-05	1.17359e-05	9.64377e-06	7.43975e-06	5.95834e-06	4.90105e-06	3.87992e-06	2.98545e-06	2.31744e-06	1.69647e-06	1.12459e-06	6.81795e-07	3.48962e-07
2.79499e-05	1.99175e-05	1.63541e-05	1.40256e-05	1.23292e-05	1.09808e-05	8.97947e-06	6.88224e-06	5.47845e-06	4.48246e-06	3.5242e-06	2.68738e-06	2.06469e-06	1.49058e-06	9.70692e-07	5.80641e-07	2.98586e-07
2.77036e-05	1.97531e-05	1.61487e-05	1.37771e-05	1.20501e-05	1.06774e-05	8.64948e-06	6.54134e-06	5.15148e-06	4.17827e-06	3.25297e-06	2.45585e-06	1.8734e-06	1.34338e-06	8.6899e-07	5.21192e-07	2.70109e-07
2.72716e-05	1.93965e-05	1.57429e-05	1.33218e-05	1.15528e-05	1.01541e-05	8.11134e-06	6.02708e-06	4.68434e-06	3.76518e-06	2.91067e-06	2.18878e-06	1.67005e-06	1.20529e-06	7.88877e-07	4.78202e-07	2.49024e-07
2.5187e-05	1.76394e-05	1.41844e-05	1.1912e-05	1.02685e-05	8.9814e-06	7.12606e-06	5.26303e-06	4.0813e-06	3.28618e-06	2.55426e-06	1.9431e-06	1.50582e-06	1.11161e-06	7.48375e-07	4.68147e-07	2.47518e-07
2.15609e-05	1.48451e-05	1.19481e-05	1.00843e-05	8.74988e-06	7.71134e-06	6.20313e-06	4.67868e-06	3.6971e-06	3.02661e-06	2.4043e-06	1.85848e-06	1.46534e-06	1.10756e-06	7.5894e-07	4.81352e-07	2.56294e-07
1.85314e-05	1.25333e-05	1.02034e-05	8.70207e-06	7.6422e-06	6.80627e-06	5.58653e-06	4.331e-06	3.5077e-06	2.93297e-06	2.37622e-06	1.8801e-06	1.50733e-06	1.15632e-06	8.02275e-07	5.12839e-07	2.77354e-07
1.70542e-05	1.15017e-05	9.44383e-06	8.10885e-06	7.16936e-06	6.42827e-06	5.34014e-06	4.21694e-06	3.47437e-06	2.94762e-06	2.41824e-06	1.94706e-06	1.58148e-06	1.22364e-06	8.6264e-07	5.54884e-07	2.98004e-07
1.7563e-05	1.20613e-05	1.00102e-05	8.64342e-06	7.67594e-06	6.90393e-06	5.76438e-06	4.5796e-06	3.78668e-06	3.22098e-06	2.65822e-06	2.1484e-06	1.75131e-06	1.36007e-06	9.65049e-07	6.27457e-07	3.41347e-07
1.85132e-05	1.32318e-05	1.11406e-05	9.7328e-06	8.70356e-06	7.87577e-06	6.62662e-06	5.3046e-06	4.40417e-06	3.7542e-06	3.10472e-06	2.51396e-06	2.05362e-06	1.59947e-06	1.14201e-06	7.48728e-07	4.11657e-07
2.02633e-05	1.4846e-05	1.25965e-05	1.10737e-05	9.94062e-06	9.02287e-06	7.62481e-06	6.1226e-06	5.08575e-06	4.33159e-06	3.58077e-06	2.90048e-06	2.37173e-06	1.85014e-06	1.3282e-06	8.76918e-07	4.89921e-07
2.35453e-05	1.73586e-05	1.47494e-05	1.29448e-05	1.16084e-05	1.05154e-05	8.85712e-06	7.07378e-06	5.84714e-06	4.95835e-06	4.08096e-06	3.29728e-06	2.69555e-06	2.10586e-06	1.51741e-06	1.00456e-06	5.57426e-07
2.71239e-05	2.03209e-05	1.71585e-05	1.50051e-05	1.33921e-05	1.2087e-05	1.01059e-05	7.98355e-06	6.53413e-06	5.49436e-06	4.48929e-06	3.6041e-06	2.93462e-06	2.28689e-06	1.64617e-06	1.08558e-06	6.0573e-07
3.10488e-05	2.3459e-05	1.97527e-05	1.72227e-05	1.53274e-05	1.37956e-05	1.14808e-05	9.0075e-06	7.32154e-06	6.11597e-06	4.96093e-06	3.9483e-06	3.18937e-06	2.46166e-06	1.7541e-06	1.14378e-06	6.2683e-07
3.24478e-05	2.46735e-05	2.08119e-05	1.81793e-05	1.62085e-05	1.46177e-05	1.22134e-05	9.63965e-06	7.87972e-06	6.61111e-06	5.38793e-06	4.30246e-06	3.47497e-06	2.67268e-06	1.88811e-06	1.21337e-06	6.57033e-07
3.27146e-05	2.46652e-05	2.06871e-05	1.80019e-05	1.6014e-05	1.44217e-05	1.20419e-05	9.52192e-06	7.81588e-06	6.59303e-06	5.40754e-06	4.34889e-06	3.53195e-06	2.72311e-06	1.92259e-06	1.22867e-06	6.58986e-07
3.4023e-05	2.5308e-05	2.09759e-05	1.81044e-05	1.59995e-05	1.43385e-05	1.18899e-05	9.35118e-06	7.66678e-06	6.47329e-06	5.32477e-06	4.29703e-06	3.49918e-06	2.70176e-06	1.90301e-06	1.20754e-06	6.38689e-07
3.5115e-05	2.5781e-05	2.11998e-05	1.8208e-05	1.60386e-05	1.43367e-05	1.18675e-05	9.33086e-06	7.67169e-06	6.4984e-06	5.36086e-06	4.33656e-06	3.53049e-06	2.71922e-06	1.90285e-06	1.19593e-06	6.25016e-07
3.60512e-05	2.61431e-05	2.13645e-05	1.82899e-05	1.60869e-05	1.43749e-05	1.19143e-05	9.41095e-06	7.7724e-06	6.61466e-06	5.48351e-06	4.44913e-06	3.62247e-06	2.7821e-06	1.93393e-06	1.19994e-06	6.20559e-07
3.79922e-05	2.73432e-05	2.22861e-05	1.90796e-05	1.68015e-05	1.50367e-05	1.2505e-05	9.9252e-06	8.23151e-06	7.02588e-06	5.83613e-06	4.74135e-06	3.86029e-06	2.95902e-06	2.0475e-06	1.2648e-06	6.45085e-07
4.35171e-05	3.14934e-05	2.56476e-05	2.1956e-05	1.93289e-05	1.72903e-05	1.43573e-05	1.13539e-05	9.37137e-06	7.95646e-06	6.56981e-06	5.29938e-06	4.28662e-06	3.26101e-06	2.23966e-06	1.37324e-06	6.99496e-07
5.23121e-05	3.83509e-05	3.11899e-05	2.66129e-05	2.33173e-05	2.07558e-05	1.70668e-05	1.32959e-05	1.08207e-05	9.07287e-06	7.39379e-06	5.88335e-06	4.70337e-06	3.53306e-06	2.39572e-06	1.45224e-06	7.34573e-07
5.60472e-05	4.11646e-05	3.35999e-05	2.87051e-05	2.51666e-05	2.2393e-05	1.83769e-05	1.42413e-05	1.15143e-05	9.5917e-06	7.76361e-06	6.13839e-06	4.8857e-06	3.65925e-06	2.48268e-06	1.51415e-06	7.79089e-07
5.41819e-05	4.00737e-05	3.31187e-05	2.84962e-05	2.51175e-05	2.2423e-05	1.84546e-05	1.42844e-05	1.1491e-05	9.50598e-06	7.62461e-06	5.97465e-06	4.72905e-06	3.53698e-06	2.41587e-06	1.50193e-06	7.95606e-07
4.73347e-05	3.45614e-05	2.88119e-05	2.4924e-05	2.20721e-05	1.97637e-05	1.63262e-05	1.26638e-05	1.01819e-05	8.4076e-06	6.72201e-06	5.25608e-06	4.16671e-06	3.14701e-06	2.20303e-06	1.42625e-06	7.92922e-07
4.48163e-05	3.19268e-05	2.65439e-05	2.2909e-05	2.02788e-05	1.81445e-05	1.49872e-05	1.16303e-05	9.35699e-06	7.73444e-06	6.19533e-06	4.85932e-06	3.86853e-06	2.94864e-06	2.09638e-06	1.38724e-06	7.94243e-07
4.48774e-05	3.18223e-05	2.62444e-05	2.2588e-05	1.99672e-05	1.78708e-05	1.47969e-05	1.15643e-05	9.38657e-06	7.83108e-06	6.34122e-06	5.02722e-06	4.02875e-06	3.07353e-06	2.16517e-06	1.40501e-06	7.8511e-07
5.02766e-05	3.66722e-05	3.02184e-05	2.60272e-05	2.30111e-05	2.06225e-05	1.71271e-05	1.34593e-05	1.09842e-05	9.19887e-06	7.46287e-06	5.90514e-06	4.70145e-06	3.52727e-06	2.41095e-06	1.49872e-06	8.03301e-07
5.54044e-05	4.18339e-05	3.47264e-05	3.00467e-05	2.66161e-05	2.3895e-05	1.98784e-05	1.56357e-05	1.27474e-05	1.06497e-05	8.60087e-06	6.75649e-06	5.33026e-06	3.94354e-06	2.64072e-06	1.59651e-06	8.25716e-07
5.83554e-05	4.4827e-05	3.74702e-05	3.25574e-05	2.89152e-05	2.60088e-05	2.16874e-05	1.70924e-05	1.39482e-05	1.16556e-05	9.41972e-06	7.4057e-06	5.84817e-06	4.33191e-06	2.90261e-06	1.74621e-06	8.83352e-07
5.51309e-05	4.27008e-05	3.59406e-05	3.13819e-05	2.79748e-05	2.52378e-05	2.11376e-05	1.67572e-05	1.37548e-05	1.15709e-05	9.44173e-06	7.52182e-06	6.03085e-06	4.55921e-06	3.13088e-06	1.92681e-06	9.90716e-07
5.35298e-05	4.15046e-05	3.50151e-05	3.06121e-05	2.73156e-05	2.46612e-05	2.06735e-05	1.63995e-05	1.34805e-05	1.1351e-05	9.29368e-06	7.45433e-06	6.02642e-06	4.61418e-06	3.23001e-06	2.02948e-06	1.06019e-06
5.75438e-05	4.46146e-05	3.74113e-05	3.25622e-05	2.89295e-05	2.60082e-05	2.16409e-05	1.6982e-05	1.3813e-05	1.1535e-05	9.35073e-06	7.42581e-06	5.94791e-06	4.51427e-06	3.12918e-06	1.94861e-06	1.00666e-06
5.58747e-05	4.31827e-05	3.61279e-05	3.13952e-05	2.78459e-05	2.50025e-05	2.07502e-05	1.62308e-05	1.31688e-05	1.09715e-05	8.86383e-06	6.99681e-06	5.5637e-06	4.16254e-06	2.81786e-06	1.70021e-06	8.47899e-07
4.41857e-05	3.35945e-05	2.81903e-05	2.45408e-05	2.18318e-05	1.96535e-05	1.64031e-05	1.29465e-05	1.05927e-05	8.88966e-06	7.23199e-06	5.73573e-06	4.569e-06	3.41719e-06	2.30466e-06	1.384e-06	6.86615e-07
3.1279e-05	2.33914e-05	1.97659e-05	1.73004e-05	1.54803e-05	1.40082e-05	1.17967e-05	9.4288e-06	7.79108e-06	6.59241e-06	5.40245e-06	4.31036e-06	3.44869e-06	2.59206e-06	1.75848e-06	1.0685e-06	5.39202e-07
2.39818e-05	1.75586e-05	1.49007e-05	1.30713e-05	1.17267e-05	1.0632e-05	8.98048e-06	7.20494e-06	5.97302e-06	5.06868e-06	4.15898e-06	3.32241e-06	2.65978e-06	2.00309e-06	1.36018e-06	8.32225e-07	4.24798e-07
2.02601e-05	1.44426e-05	1.22761e-05	1.0743e-05	9.62857e-06	8.71038e-06	7.32957e-06	5.84666e-06	4.82842e-06	4.08251e-06	3.33292e-06	2.64978e-06	2.11472e-06	1.58945e-06	1.07803e-06	6.61322e-07	3.39182e-07
1.90946e-05	1.32784e-05	1.10819e-05	9.56709e-06	8.47695e-06	7.59223e-06	6.28157e-06	4.90456e-06	3.98326e-06	3.32529e-06	2.68049e-06	2.10591e-06	1.66725e-06	1.24836e-06	8.42608e-07	5.16728e-07	2.62105e-07
1.83647e-05	1.21556e-05	9.85167e-06	8.33288e-06	7.27122e-06	6.4293e-06	5.2129e-06	3.97156e-06	3.16582e-06	2.60767e-06	2.06714e-06	1.60048e-06	1.25411e-06	9.33277e-07	6.25875e-07	3.84013e-07	1.93934e-07
1.80668e-05	1.14831e-05	9.07324e-06	7.55315e-06	6.5121e-06	5.70039e-06	4.54859e-06	3.3937e-06	2.65958e-06	2.15766e-06	1.68098e-06	1.27694e-06	9.84444e-07	7.2268e-07	4.78247e-07	2.94249e-07	1.52559e-07
1.83813e-05	1.14389e-05	8.90894e-06	7.34239e-06	6.27992e-06	5.45978e-06	4.30524e-06	3.15977e-06	2.44038e-06	1.95405e-06	1.49877e-06	1.11635e-06	8.44489e-07	6.08893e-07	3.97141e-07	2.49981e-07	1.28152e-07
1.87673e-05	1.13958e-05	8.72512e-06	7.10955e-06	6.02974e-06	5.20356e-06	4.05576e-06	2.9307e-06	2.23616e-06	1.77057e-06	1.33784e-06	9.79469e-07	7.29645e-07	5.19385e-07	3.27816e-07	2.01632e-07	1.05552e-07
1.86917e-05	1.08727e-05	8.11182e-06	6.50273e-06	5.45688e-06	4.66972e-06	3.59511e-06	2.55847e-06	1.92975e-06	1.51612e-06	1.13309e-06	8.18214e-07	6.0063e-07	4.21149e-07	2.58949e-07	1.53898e-07	7.94559e-08
1.8081e-05	9.95981e-06	7.18169e-06	5.61893e-06	4.63823e-06	3.9172e-06	2.96099e-06	2.07103e-06	1.54742e-06	1.20953e-06	8.97282e-07	6.44271e-07	4.70312e-07	3.30323e-07	1.99869e-07	1.19647e-07	6.50947e-08
1.63612e-05	8.47121e-06	5.98417e-06	4.60979e-06	3.76891e-06	3.1526e-06	2.35291e-06	1.62377e-06	1.20881e-06	9.47264e-07	7.03915e-07	5.07847e-07	3.72941e-07	2.65908e-07	1.63421e-07	1.00194e-07	4.71434e-08
1.37073e-05	6.49128e-06	4.57236e-06	3.52475e-06	2.89879e-06	2.42871e-06	1.81509e-06	1.25215e-06	9.31256e-07	7.31712e-07	5.40846e-07	3.86292e-07	2.848e-07	1.99355e-07	1.17223e-07	6.57842e-08	2.33387e-08
1.15206e-05	4.97722e-06	3.50817e-06	2.70921e-06	2.25167e-06	1.90551e-06	1.4364e-06	1.00515e-06	7.49565e-07	5.94499e-07	4.44218e-07	3.23169e-07	2.40119e-07	1.72511e-07	1.06539e-07	6.21174e-08	2.18519e-08
1.00468e-05	4.04835e-06	2.84693e-06	2.19455e-06	1.83437e-06	1.55076e-06	1.17929e-06	8.30327e-07	6.26234e-07	4.99786e-07	3.77141e-07	2.77494e-07	2.06574e-07	1.51562e-07	9.25945e-08	5.56045e-08	2.34257e-08
8.99073e-06	3.4169e-06	2.39926e-06	1.84158e-06	1.54379e-06	1.30605e-06	9.95466e-07	7.03814e-07	5.34221e-07	4.28951e-07	3.26767e-07	2.4068e-07	1.80727e-07	1.34062e-07	8.35558e-08	5.30505e-08	2.02403e-08
8.24827e-06	2.9552e-06	2.08258e-06	1.58521e-06	1.33295e-06	1.12567e-06	8.60139e-07	6.11423e-07	4.64899e-07	3.75793e-07	2.91776e-07	2.17166e-07	1.64647e-07	1.25063e-07	7.98992e-08	5.10327e-08	1.43577e-08
7.70764e-06	2.64675e-06	1.83963e-06	1.39531e-06	1.1734e-06	9.92115e-07	7.56247e-07	5.36438e-07	4.09278e-07	3.31087e-07	2.51348e-07	1.82604e-07	1.36468e-07	1.03091e-07	6.22575e-08	3.74704e-08	1.46733e-08
7.36891e-06	2.43986e-06	1.67952e-06	1.26819e-06	1.06694e-06	9.02597e-07	6.88975e-07	4.89345e-07	3.74084e-07	3.04929e-07	2.31354e-07	1.67918e-07	1.254e-07	9.19624e-08	5.46838e-08	2.67122e-08	7.38017e-09
7.18743e-06	2.30142e-06	1.56999e-06	1.17507e-06	9.89106e-07	8.33153e-07	6.37641e-07	4.54397e-07	3.48555e-07	2.86391e-07	2.18055e-07	1.57805e-07	1.18637e-07	8.63202e-08	4.55278e-08	2.62588e-08	1.58056e-08
7.13843e-06	2.22018e-06	1.50399e-06	1.1169e-06	9.40356e-07	7.93486e-07	6.09403e-07	4.37232e-07	3.38862e-07	2.81157e-07	2.16803e-07	1.61554e-07	1.21329e-07	9.33076e-08	5.57529e-08	3.62828e-08	1.61327e-08
7.09856e-06	2.15722e-06	1.45269e-06	1.07138e-06	8.98494e-07	7.55718e-07	5.76457e-07	4.13027e-07	3.18447e-07	2.67241e-07	2.06173e-07	1.52839e-07	1.15951e-07	8.90887e-08	5.08413e-08	3.20009e-08	1.23923e-08
7.03873e-06	2.09671e-06	1.39331e-06	1.02238e-06	8.49067e-07	7.12553e-07	5.36017e-07	3.78007e-07	2.89311e-07	2.39591e-07	1.83223e-07	1.31829e-07	9.71841e-08	7.32564e-08	4.07526e-08	2.46833e-08	7.82057e-09
6.9915e-06	2.03192e-06	1.36234e-06	9.94723e-07	8.33052e-07	6.92399e-07	5.22013e-07	3.69686e-07	2.83838e-07	2.36374e-07	1.81959e-07	1.37089e-07	1.03302e-07	7.94252e-08	4.6154e-08	3.08029e-08	1.20013e-08
6.94661e-06	2.00822e-06	1.3491e-06	9.86626e-07	8.25929e-07	6.8742e-07	5.18449e-07	3.65055e-07	2.84838e-07	2.37514e-07	1.80103e-07	1.33031e-07	1.01108e-07	7.95744e-08	4.99433e-08	3.49326e-08	1.28699e-08
6.9473e-06	2.00764e-06	1.34689e-06	9.8067e-07	8.23226e-07	6.84708e-07	5.1428e-07	3.6157e-07	2.7997e-07	2.37722e-07	1.78285e-07	1.293e-07	9.76175e-08	7.85398e-08	5.60998e-08	3.87473e-08	1.73022e-08
6.93515e-06	2.00575e-06	1.33261e-06	9.66568e-07	8.06999e-07	6.66973e-07	4.94787e-07	3.41476e-07	2.62863e-07	2.17266e-07	1.61697e-07	1.1537e-07	8.48213e-08	6.68522e-08	4.00559e-08	2.51467e-08	1.2076e-08
6.90387e-06	2.028e-06	1.35019e-06	9.84285e-07	8.19759e-07	6.78352e-07	5.05566e-07	3.50975e-07	2.72602e-07	2.25924e-07	1.712e-07	1.24647e-07	9.70208e-08	7.98202e-08	5.14506e-08	3.3016e-08	1.51859e-08
6.84667e-06	2.0198e-06	1.35192e-06	9.78517e-07	8.1392e-07	6.70944e-07	4.97116e-07	3.41346e-07	2.64947e-07	2.18619e-07	1.6461e-07	1.20448e-07	9.19886e-08	7.52531e-08	4.67562e-08	3.27029e-08	1.76422e-08
6.84317e-06	2.01932e-06	1.35175e-06	9.71782e-07	8.04906e-07	6.61852e-07	4.9033e-07	3.32141e-07	2.55345e-07	2.12156e-07	1.57936e-07	1.14835e-07	8.65925e-08	7.09663e-08	4.39069e-08	3.1479e-08	1.35863e-08
6.90054e-06	2.03647e-06	1.34713e-06	9.68471e-07	7.99227e-07	6.56073e-07	4.81805e-07	3.29472e-07	2.51857e-07	2.10129e-07	1.57345e-07	1.14307e-07	8.19713e-08	6.85235e-08	4.18671e-08	3.00058e-08	1.34856e-08
7.02824e-06	2.05592e-06	1.3503e-06	9.67074e-07	7.98086e-07	6.56019e-07	4.83694e-07	3.33694e-07	2.58915e-07	2.18081e-07	1.64795e-07	1.20612e-07	9.30748e-08	7.86704e-08	4.73558e-08	3.39209e-08	1.20876e-08
7.27873e-06	2.0348e-06	1.3131e-06	9.24026e-07	7.62396e-07	6.25456e-07	4.59797e-07	3.11853e-07	2.35325e-07	1.93926e-07	1.42568e-07	9.66105e-08	6.92126e-08	5.0792e-08	2.24119e-08	8.81368e-09	-4.8853e-09
7.6292e-06	2.00587e-06	1.29128e-06	9.05303e-07	7.53721e-07	6.20067e-07	4.61031e-07	3.17909e-07	2.42036e-07	2.0167e-07	1.52061e-07	1.11329e-07	8.41832e-08	6.56367e-08	3.64886e-08	1.99063e-08	-2.89592e-09
7.86203e-06	1.94371e-06	1.25584e-06	8.7636e-07	7.41212e-07	6.03835e-07	4.52168e-07	3.08433e-07	2.36843e-07	1.98265e-07	1.47839e-07	1.05157e-07	7.69918e-08	6.00952e-08	3.21439e-08	1.7841e-08	2.06487e-09
7.8832e-06	1.94983e-06	1.26085e-06	8.91003e-07	7.50365e-07	6.15821e-07	4.58061e-07	3.14489e-07	2.41401e-07	2.00305e-07	1.50433e-07	1.08292e-07	7.94344e-08	6.28651e-08	3.60219e-08	2.14041e-08	3.97865e-09
7.73997e-06	2.00596e-06	1.2975e-06	9.16497e-07	7.6543e-07	6.26564e-07	4.64859e-07	3.19647e-07	2.44894e-07	2.03206e-07	1.51973e-07	1.0973e-07	8.06703e-08	6.26904e-08	3.38823e-08	2.17068e-08	8.81368e-10
7.29983e-06	2.057e-06	1.33266e-06	9.46842e-07	7.83126e-07	6.41897e-07	4.70513e-07	3.20256e-07	2.4407e-07	2.01539e-07	1.49577e-07	1.05472e-07	7.84649e-08	6.22356e-08	3.37178e-08	2.36704e-08	2.0271e-09
6.87523e-06	2.08043e-06	1.36488e-06	9.78106e-07	8.05308e-07	6.63847e-07	4.85446e-07	3.30349e-07	2.51423e-07	2.08277e-07	1.54127e-07	1.0903e-07	7.66229e-08	5.73979e-08	2.82646e-08	1.28166e-08	-5.57738e-09
6.64771e-06	2.07014e-06	1.37742e-06	1.00093e-06	8.23358e-07	6.78871e-07	4.98011e-07	3.39964e-07	2.58782e-07	2.1503e-07	1.60338e-07	1.16889e-07	8.54884e-08	6.46891e-08	3.52152e-08	2.53318e-08	6.58475e-09
6.53166e-06	2.04558e-06	1.37945e-06	1.00515e-06	8.28117e-07	6.81553e-07	5.00554e-07	3.432e-07	2.57699e-07	2.13532e-07	1.58374e-07	1.12772e-07	8.16106e-08	6.28384e-08	3.38806e-08	2.04593e-08	3.14758e-10
6.48971e-06	2.04564e-06	1.397e-06	1.02704e-06	8.53411e-07	7.04203e-07	5.19125e-07	3.55639e-07	2.69622e-07	2.22245e-07	1.66847e-07	1.18437e-07	8.63193e-08	6.64644e-08	3.62728e-08	1.98927e-08	-3.52529e-10
6.55501e-06	2.059e-06	1.40974e-06	1.03718e-06	8.60839e-07	7.09465e-07	5.23557e-07	3.56407e-07	2.70201e-07	2.20998e-07	1.64619e-07	1.16146e-07	8.59668e-08	6.73457e-08	3.8879e-08	2.64145e-08	8.57402e-09
6.7933e-06	2.13968e-06	1.44341e-06	1.06747e-06	8.7777e-07	7.29427e-07	5.38792e-07	3.67622e-07	2.76906e-07	2.25788e-07	1.67758e-07	1.18012e-07	8.6246e-08	6.60883e-08	3.91443e-08	2.25121e-08	4.31859e-09
7.24372e-06	2.24641e-06	1.5075e-06	1.10446e-06	9.12545e-07	7.56295e-07	5.58672e-07	3.83033e-07	2.88754e-07	2.36969e-07	1.7676e-07	1.26851e-07	9.33345e-08	7.12127e-08	4.15617e-08	2.61634e-08	2.60627e-09
7.92705e-06	2.37579e-06	1.5746e-06	1.14493e-06	9.45796e-07	7.8098e-07	5.79059e-07	3.96301e-07	3.02498e-07	2.49326e-07	1.87102e-07	1.35504e-07	1.0074e-07	7.67042e-08	4.24568e-08	2.14802e-08	-4.09207e-09
8.76342e-06	2.47692e-06	1.62998e-06	1.17256e-06	9.72602e-07	7.98116e-07	5.9063e-07	4.05379e-07	3.07446e-07	2.5532e-07	1.89897e-07	1.38765e-07	1.04568e-07	8.30374e-08	5.13082e-08	3.05961e-08	1.16592e-08
9.68955e-06	2.56251e-06	1.66247e-06	1.18192e-06	9.87196e-07	8.083e-07	5.98532e-07	4.09098e-07	3.12039e-07	2.55219e-07	1.89661e-07	1.37575e-07	1.0212e-07	7.92184e-08	4.80951e-08	2.58102e-08	7.73047e-09
1.04059e-05	2.66672e-06	1.6906e-06	1.1917e-06	9.9757e-07	8.15619e-07	6.05819e-07	4.11794e-07	3.13366e-07	2.57806e-07	1.92036e-07	1.39321e-07	1.03842e-07	8.16463e-08	5.1682e-08	3.52143e-08	1.88221e-08
1.05041e-05	2.73667e-06	1.71443e-06	1.20144e-06	1.0031e-06	8.19148e-07	6.08871e-07	4.17393e-07	3.18367e-07	2.6074e-07	1.96263e-07	1.44692e-07	1.10118e-07	8.70895e-08	5.798e-08	3.97235e-08	2.41489e-08
9.9585e-06	2.75123e-06	1.72277e-06	1.21471e-06	1.00248e-06	8.20528e-07	6.10989e-07	4.20035e-07	3.22153e-07	2.63781e-07	1.99806e-07	1.46509e-07	1.13696e-07	8.76457e-08	5.55136e-08	3.68034e-08	1.97175e-08
9.20568e-06	2.70149e-06	1.7149e-06	1.21978e-06	1.00839e-06	8.30265e-07	6.19309e-07	4.31381e-07	3.35138e-07	2.79399e-07	2.13437e-07	1.60745e-07	1.27493e-07	1.03671e-07	7.1175e-08	4.87006e-08	2.2915e-08
8.33462e-06	2.53987e-06	1.63825e-06	1.18172e-06	9.76746e-07	8.06945e-07	6.01765e-07	4.18115e-07	3.23891e-07	2.68394e-07	2.02888e-07	1.50551e-07	1.16684e-07	9.40978e-08	6.11245e-08	4.27053e-08	1.76386e-08
7.57083e-06	2.35806e-06	1.56144e-06	1.14126e-06	9.47262e-07	7.85723e-07	5.88959e-07	4.13144e-07	3.20949e-07	2.67216e-07	2.04142e-07	1.52688e-07	1.20974e-07	9.96349e-08	6.81229e-08	4.60657e-08	2.41974e-08
6.97086e-06	2.16532e-06	1.47893e-06	1.09145e-06	9.13637e-07	7.61066e-07	5.73824e-07	4.01992e-07	3.11235e-07	2.57478e-07	1.95828e-07	1.46188e-07	1.12436e-07	8.95609e-08	5.75209e-08	3.84228e-08	2.0911e-08
6.34006e-06	2.01844e-06	1.4062e-06	1.05517e-06	8.90135e-07	7.49188e-07	5.66231e-07	4.01642e-07	3.15482e-07	2.59033e-07	1.97963e-07	1.47481e-07	1.13516e-07	8.60211e-08	5.38434e-08	3.86862e-08	1.78513e-08
5.86086e-06	1.87718e-06	1.33029e-06	1.00145e-06	8.4643e-07	7.12272e-07	5.3793e-07	3.79815e-07	2.95962e-07	2.46425e-07	1.87069e-07	1.35959e-07	1.01868e-07	7.80503e-08	4.67546e-08	2.98102e-08	1.04864e-08
5.514e-06	1.77839e-06	1.28184e-06	9.70077e-07	8.23875e-07	6.93459e-07	5.26725e-07	3.73738e-07	2.86248e-07	2.37846e-07	1.83514e-07	1.33362e-07	9.72331e-08	7.41081e-08	4.17181e-08	2.65742e-08	9.11403e-09
5.27256e-06	1.73951e-06	1.26366e-06	9.64438e-07	8.17933e-07	6.89708e-07	5.2889e-07	3.77452e-07	2.95073e-07	2.43851e-07	1.8855e-07	1.39518e-07	1.06876e-07	8.66588e-08	5.27959e-08	3.67205e-08	1.41872e-08
5.1657e-06	1.73669e-06	1.26294e-06	9.62991e-07	8.15118e-07	6.90647e-07	5.28223e-07	3.79192e-07	2.95003e-07	2.49912e-07	1.93895e-07	1.45707e-07	1.12777e-07	8.72986e-08	5.56521e-08	3.89476e-08	1.35448e-08
5.17041e-06	1.74804e-06	1.27602e-06	9.69475e-07	8.24329e-07	6.92072e-07	5.29392e-07	3.76907e-07	2.96624e-07	2.51485e-07	1.93998e-07	1.46053e-07	1.14219e-07	9.2946e-08	6.28997e-08	4.74926e-08	2.51876e-08
5.28411e-06	1.80258e-06	1.32338e-06	1.00588e-06	8.54911e-07	7.19955e-07	5.49315e-07	3.94195e-07	3.10203e-07	2.60384e-07	1.98419e-07	1.50476e-07	1.16101e-07	9.23245e-08	5.90701e-08	3.94849e-08	1.43364e-08
5.42115e-06	1.84243e-06	1.35472e-06	1.02908e-06	8.72114e-07	7.34725e-07	5.59701e-07	4.00549e-07	3.10941e-07	2.57722e-07	1.98965e-07	1.50643e-07	1.14694e-07	9.22639e-08	6.19037e-08	4.25572e-08	2.10961e-08
5.52473e-06	1.84897e-06	1.3675e-06	1.03478e-06	8.78603e-07	7.38691e-07	5.60441e-07	3.97734e-07	3.13719e-07	2.54802e-07	1.93971e-07	1.43046e-07	1.06545e-07	8.30082e-08	5.13027e-08	3.19572e-08	7.72813e-09
5.60383e-06	1.85343e-06	1.38049e-06	1.04558e-06	8.89327e-07	7.45274e-07	5.65815e-07	4.00164e-07	3.09994e-07	2.5484e-07	1.92272e-07	1.41611e-07	1.07162e-07	8.27816e-08	5.22215e-08	3.43612e-08	1.26369e-08
5.69112e-06	1.88203e-06	1.40664e-06	1.06812e-06	9.08158e-07	7.61831e-07	5.79394e-07	4.11947e-07	3.22371e-07	2.66878e-07	2.03695e-07	1.51979e-07	1.16259e-07	9.25213e-08	5.97971e-08	3.98605e-08	1.90807e-08
5.75266e-06	1.91318e-06	1.42173e-06	1.07675e-06	9.0875e-07	7.61806e-07	5.77619e-07	4.06107e-07	3.17022e-07	2.62926e-07	1.97188e-07	1.43886e-07	1.08418e-07	8.68701e-08	5.48633e-08	4.29442e-08	2.15476e-08
5.83275e-06	1.97028e-06	1.45006e-06	1.08871e-06	9.16946e-07	7.64354e-07	5.77894e-07	4.05216e-07	3.13905e-07	2.58892e-07	1.93533e-07	1.39653e-07	1.03129e-07	7.57419e-08	4.22634e-08	2.94132e-08	1.04337e-08
5.90251e-06	2.00293e-06	1.46437e-06	1.08729e-06	9.14823e-07	7.61522e-07	5.78331e-07	4.07083e-07	3.14229e-07	2.5898e-07	1.98319e-07	1.44277e-07	1.06924e-07	8.22825e-08	5.22289e-08	3.36908e-08	1.04835e-08
5.95627e-06	2.02316e-06	1.45169e-06	1.07419e-06	9.00211e-07	7.51164e-07	5.68338e-07	4.03471e-07	3.08364e-07	2.54034e-07	1.95789e-07	1.43245e-07	1.05515e-07	8.37046e-08	5.05802e-08	3.26462e-08	1.10876e-08
5.97531e-06	2.01013e-06	1.42114e-06	1.04938e-06	8.81057e-07	7.35735e-07	5.56269e-07	3.91301e-07	3.04954e-07	2.50975e-07	1.88112e-07	1.34159e-07	9.99396e-08	7.7563e-08	4.29409e-08	2.76247e-08	1.19938e-08
6.00312e-06	2.0105e-06	1.40836e-06	1.04556e-06	8.80393e-07	7.37491e-07	5.58382e-07	3.93091e-07	3.02731e-07	2.46438e-07	1.90146e-07	1.35716e-07	1.00831e-07	7.79134e-08	4.63629e-08	2.98012e-08	1.09237e-08
6.06607e-06	2.04493e-06	1.42559e-06	1.06008e-06	8.91385e-07	7.45407e-07	5.65577e-07	3.9545e-07	3.03043e-07	2.49396e-07	1.87242e-07	1.35193e-07	1.01857e-07	8.12695e-08	5.23508e-08	2.67417e-08	9.45082e-09
6.30823e-06	2.16901e-06	1.50453e-06	1.10922e-06	9.27061e-07	7.7128e-07	5.73455e-07	3.95676e-07	2.98802e-07	2.43318e-07	1.8202e-07	1.29732e-07	9.6937e-08	7.51535e-08	4.22204e-08	2.66787e-08	4.59327e-09
6.81997e-06	2.42513e-06	1.64251e-06	1.20226e-06	9.87731e-07	8.15007e-07	5.97297e-07	4.03659e-07	3.00725e-07	2.45029e-07	1.80387e-07	1.2702e-07	9.16721e-08	6.92732e-08	3.68576e-08	2.3305e-08	1.04445e-09
7.51589e-06	2.70241e-06	1.81845e-06	1.32277e-06	1.0785e-06	8.83069e-07	6.4011e-07	4.29593e-07	3.21773e-07	2.62024e-07	1.96159e-07	1.40412e-07	1.00018e-07	7.39562e-08	3.51723e-08	1.42199e-08	-9.57642e-09
8.3692e-06	2.92607e-06	1.97096e-06	1.42476e-06	1.15495e-06	9.35971e-07	6.68806e-07	4.32775e-07	3.17905e-07	2.53423e-07	1.83882e-07	1.27303e-07	9.11482e-08	6.6785e-08	2.7761e-08	7.57576e-09	-1.79452e-08
9.48199e-06	3.08127e-06	2.09803e-06	1.4986e-06	1.21586e-06	9.76971e-07	6.89935e-07	4.41256e-07	3.1681e-07	2.5044e-07	1.81176e-07	1.25956e-07	8.77504e-08	6.38402e-08	3.09197e-08	1.07218e-08	-1.40315e-08
1.08308e-05	3.19895e-06	2.20931e-06	1.55922e-06	1.27251e-06	1.00973e-06	7.09322e-07	4.4677e-07	3.16337e-07	2.46093e-07	1.76377e-07	1.21259e-07	8.38472e-08	5.84653e-08	2.77477e-08	8.75846e-09	-9.97911e-09
1.20146e-05	3.36901e-06	2.31073e-06	1.60604e-06	1.30618e-06	1.02686e-06	7.20583e-07	4.50052e-07	3.19234e-07	2.48798e-07	1.79381e-07	1.24563e-07	8.84574e-08	6.65098e-08	3.44441e-08	1.60706e-08	-2.49176e-09
1.25306e-05	3.60472e-06	2.35997e-06	1.60698e-06	1.29063e-06	1.01204e-06	7.08754e-07	4.46666e-07	3.18618e-07	2.51844e-07	1.82251e-07	1.28049e-07	9.25977e-08	6.97063e-08	3.67723e-08	1.77821e-08	-3.32234e-09
1.31189e-05	3.77706e-06	2.32276e-06	1.54386e-06	1.22718e-06	9.58472e-07	6.71575e-07	4.24809e-07	3.03861e-07	2.41292e-07	1.7496e-07	1.22672e-07	8.8216e-08	6.5753e-08	3.21026e-08	1.4107e-08	-6.02789e-09
1.39308e-05	3.86196e-06	2.24581e-06	1.46535e-06	1.16387e-06	9.10936e-07	6.42084e-07	4.11364e-07	2.98351e-07	2.38372e-07	1.74981e-07	1.24453e-07	8.84722e-08	6.79461e-08	3.33879e-08	1.55676e-08	-7.90335e-09
1.47332e-05	3.71184e-06	2.0795e-06	1.34002e-06	1.0772e-06	8.47659e-07	6.06368e-07	3.94614e-07	2.87742e-07	2.30707e-07	1.70186e-07	1.20539e-07	8.76416e-08	6.57564e-08	3.49232e-08	1.61465e-08	-6.54417e-09
1.48105e-05	3.38122e-06	1.89739e-06	1.21794e-06	9.99157e-07	7.86347e-07	5.6649e-07	3.67977e-07	2.72176e-07	2.20021e-07	1.61423e-07	1.12301e-07	7.96919e-08	6.02975e-08	2.8821e-08	1.20066e-08	-5.7642e-09
1.4599e-05	3.10994e-06	1.76722e-06	1.14752e-06	9.56984e-07	7.53304e-07	5.49359e-07	3.5946e-07	2.66896e-07	2.17222e-07	1.59128e-07	1.08133e-07	7.82803e-08	5.50605e-08	2.43399e-08	9.64031e-09	-1.0408e-08
1.3647e-05	2.96452e-06	1.75003e-06	1.1435e-06	9.56202e-07	7.52769e-07	5.47674e-07	3.62943e-07	2.69722e-07	2.22073e-07	1.66696e-07	1.15712e-07	8.39081e-08	6.2865e-08	3.18164e-08	1.43601e-08	-7.22412e-09
1.23389e-05	2.88468e-06	1.76031e-06	1.15595e-06	9.55219e-07	7.55582e-07	5.4731e-07	3.62927e-07	2.73139e-07	2.23475e-07	1.67116e-07	1.20095e-07	9.01276e-08	6.77877e-08	3.65998e-08	1.58834e-08	-9.17512e-09
1.14627e-05	2.77774e-06	1.73087e-06	1.13984e-06	9.38952e-07	7.42253e-07	5.37283e-07	3.5672e-07	2.69944e-07	2.22025e-07	1.68051e-07	1.20283e-07	9.12318e-08	7.15077e-08	4.06188e-08	2.3173e-08	-6.54533e-10
1.1009e-05	2.62029e-06	1.66193e-06	1.0982e-06	9.11064e-07	7.20755e-07	5.24896e-07	3.49087e-07	2.6472e-07	2.17382e-07	1.64317e-07	1.18779e-07	8.79169e-08	6.93014e-08	3.8905e-08	2.21145e-08	-3.14663e-10
1.07408e-05	2.42226e-06	1.57378e-06	1.04334e-06	8.77486e-07	6.9527e-07	5.09088e-07	3.38981e-07	2.57867e-07	2.12603e-07	1.59257e-07	1.17567e-07	8.59222e-08	6.69654e-08	3.57862e-08	1.63889e-08	-5.03499e-09
1.05554e-05	2.24245e-06	1.48153e-06	9.89011e-07	8.38276e-07	6.69755e-07	4.96387e-07	3.35217e-07	2.59642e-07	2.13937e-07	1.60893e-07	1.15503e-07	8.89809e-08	7.02256e-08	4.1224e-08	2.27582e-08	3.29792e-09
1.03066e-05	2.11214e-06	1.40327e-06	9.38229e-07	8.05861e-07	6.44905e-07	4.80727e-07	3.32133e-07	2.54928e-07	2.14205e-07	1.59873e-07	1.17614e-07	8.78295e-08	6.80405e-08	3.76772e-08	2.03807e-08	-4.0283e-10
1.01547e-05	2.06305e-06	1.3404e-06	9.02694e-07	7.79192e-07	6.30967e-07	4.75655e-07	3.31156e-07	2.57125e-07	2.15672e-07	1.65144e-07	1.20405e-07	9.09995e-08	6.98892e-08	3.75755e-08	1.77618e-08	-3.76385e-09
1.03317e-05	2.03092e-06	1.29602e-06	8.62867e-07	7.56993e-07	6.14032e-07	4.66664e-07	3.26863e-07	2.56326e-07	2.155e-07	1.64627e-07	1.19986e-07	9.09308e-08	7.16318e-08	3.9857e-08	2.22197e-08	5.03563e-11
1.04832e-05	2.01302e-06	1.24823e-06	8.3468e-07	7.35076e-07	6.00901e-07	4.59929e-07	3.22721e-07	2.54551e-07	2.11861e-07	1.62563e-07	1.19558e-07	9.02762e-08	7.18836e-08	4.20601e-08	2.43095e-08	1.74988e-09
1.04757e-05	1.98258e-06	1.21695e-06	8.19136e-07	7.25998e-07	5.9504e-07	4.57824e-07	3.24588e-07	2.55823e-07	2.18016e-07	1.66083e-07	1.20735e-07	9.1162e-08	7.18117e-08	4.14327e-08	2.07856e-08	-4.4064e-09
1.02539e-05	1.87837e-06	1.18298e-06	8.0384e-07	7.20043e-07	5.92056e-07	4.56352e-07	3.21956e-07	2.53934e-07	2.15913e-07	1.64925e-07	1.20131e-07	9.05577e-08	6.94448e-08	3.80335e-08	1.87461e-08	-2.90822e-09
9.69559e-06	1.80088e-06	1.18329e-06	8.14939e-07	7.28081e-07	6.00242e-07	4.61991e-07	3.26321e-07	2.56005e-07	2.19608e-07	1.66088e-07	1.21909e-07	9.31913e-08	7.25185e-08	4.0351e-08	1.9716e-08	-3.32376e-09
9.3068e-06	1.8086e-06	1.22741e-06	8.48018e-07	7.47985e-07	6.10143e-07	4.69216e-07	3.28364e-07	2.58411e-07	2.17718e-07	1.65177e-07	1.21009e-07	9.22013e-08	7.25096e-08	3.96731e-08	1.7224e-08	-7.32776e-09
9.38192e-06	1.92702e-06	1.29642e-06	8.96913e-07	7.78466e-07	6.32397e-07	4.78987e-07	3.28738e-07	2.55917e-07	2.10757e-07	1.59793e-07	1.17641e-07	8.77524e-08	7.25059e-08	3.6574e-08	1.32951e-08	-9.05222e-09
9.40858e-06	2.07251e-06	1.37656e-06	9.50959e-07	8.13356e-07	6.62407e-07	4.98905e-07	3.46646e-07	2.70963e-07	2.26053e-07	1.73147e-07	1.2738e-07	9.75272e-08	7.5972e-08	4.34252e-08	2.37712e-08	-1.68715e-09
9.25348e-06	2.14787e-06	1.43297e-06	9.90406e-07	8.38256e-07	6.79963e-07	5.10702e-07	3.5708e-07	2.78072e-07	2.3326e-07	1.79786e-07	1.33993e-07	1.03573e-07	8.23449e-08	5.30332e-08	3.24343e-08	6.04367e-09
9.15089e-06	2.13779e-06	1.44806e-06	1.00098e-06	8.44292e-07	6.83913e-07	5.10149e-07	3.49782e-07	2.6732e-07	2.21889e-07	1.68274e-07	1.23284e-07	9.50162e-08	7.49452e-08	4.56697e-08	2.83311e-08	7.92012e-09
9.04529e-06	2.12707e-06	1.478e-06	1.01258e-06	8.6108e-07	6.95303e-07	5.17212e-07	3.5554e-07	2.72375e-07	2.25787e-07	1.72224e-07	1.25938e-07	9.51901e-08	7.25258e-08	4.22564e-08	2.74616e-08	8.66281e-09
9.10305e-06	2.20336e-06	1.50173e-06	1.03572e-06	8.79445e-07	7.12463e-07	5.32651e-07	3.67294e-07	2.83532e-07	2.35557e-07	1.78919e-07	1.31875e-07	9.95265e-08	7.83217e-08	4.65523e-08	2.75133e-08	3.46278e-09
9.55554e-06	2.2615e-06	1.49228e-06	1.03999e-06	8.81623e-07	7.19729e-07	5.38116e-07	3.69674e-07	2.825e-07	2.34096e-07	1.77357e-07	1.29533e-07	9.5686e-08	7.47331e-08	4.26614e-08	2.52972e-08	5.96857e-09
1.01387e-05	2.32684e-06	1.49562e-06	1.05133e-06	8.98708e-07	7.35513e-07	5.52875e-07	3.83711e-07	2.96723e-07	2.45536e-07	1.88355e-07	1.38502e-07	1.05649e-07	8.28947e-08	5.15778e-08	3.22991e-08	1.16604e-08
1.08824e-05	2.32965e-06	1.48184e-06	1.04485e-06	9.02058e-07	7.40562e-07	5.6072e-07	3.87451e-07	2.98663e-07	2.47727e-07	1.88355e-07	1.36601e-07	1.01619e-07	7.87141e-08	4.66668e-08	2.77911e-08	8.04644e-09
1.20577e-05	2.30735e-06	1.46444e-06	1.03443e-06	9.13817e-07	7.49698e-07	5.73087e-07	3.95318e-07	3.0275e-07	2.5034e-07	1.86773e-07	1.3508e-07	9.94308e-08	7.57316e-08	5.20324e-08	3.12295e-08	7.29109e-09
1.30993e-05	2.44118e-06	1.52557e-06	1.06958e-06	9.49908e-07	7.80933e-07	5.97779e-07	4.11968e-07	3.14567e-07	2.57574e-07	1.92271e-07	1.42456e-07	1.02035e-07	7.90415e-08	4.47906e-08	2.42778e-08	3.97915e-09
1.30565e-05	2.71118e-06	1.68658e-06	1.17336e-06	1.02369e-06	8.40444e-07	6.42872e-07	4.41156e-07	3.36011e-07	2.7684e-07	2.06878e-07	1.55162e-07	1.13091e-07	8.7856e-08	4.84423e-08	3.02969e-08	3.51323e-09
1.2409e-05	2.95536e-06	1.85903e-06	1.29051e-06	1.09665e-06	8.95167e-07	6.7413e-07	4.57488e-07	3.41321e-07	2.7618e-07	2.02173e-07	1.52546e-07	1.09895e-07	8.28716e-08	4.30288e-08	2.66836e-08	7.4422e-09
1.15268e-05	3.25693e-06	2.03931e-06	1.43478e-06	1.18552e-06	9.67915e-07	7.14307e-07	4.81074e-07	3.56448e-07	2.86058e-07	2.12356e-07	1.49382e-07	1.09968e-07	8.1497e-08	4.58609e-08	2.59022e-08	8.47458e-09
1.10959e-05	3.50577e-06	2.22324e-06	1.58395e-06	1.29555e-06	1.05815e-06	7.76885e-07	5.24707e-07	3.91414e-07	3.11653e-07	2.3125e-07	1.70843e-07	1.26442e-07	9.23286e-08	5.36191e-08	3.20355e-08	7.85775e-09
1.07527e-05	3.71495e-06	2.38702e-06	1.71504e-06	1.3897e-06	1.13155e-06	8.26957e-07	5.54323e-07	4.09084e-07	3.24766e-07	2.37137e-07	1.70486e-07	1.26124e-07	9.37366e-08	5.49525e-08	3.5359e-08	1.49596e-08
1.07114e-05	3.9629e-06	2.57296e-06	1.85946e-06	1.49952e-06	1.22179e-06	8.87161e-07	5.90727e-07	4.33954e-07	3.40129e-07	2.49805e-07	1.7779e-07	1.31841e-07	9.98816e-08	6.4636e-08	4.23099e-08	1.87498e-08
1.11295e-05	4.27637e-06	2.77919e-06	2.00209e-06	1.60245e-06	1.30233e-06	9.32164e-07	6.12112e-07	4.40022e-07	3.44595e-07	2.50604e-07	1.76623e-07	1.30358e-07	9.7693e-08	6.22576e-08	3.9931e-08	1.60303e-08
1.21668e-05	4.71905e-06	3.00526e-06	2.14251e-06	1.69886e-06	1.37033e-06	9.7751e-07	6.34098e-07	4.53609e-07	3.50967e-07	2.54873e-07	1.80023e-07	1.31164e-07	9.64716e-08	5.71954e-08	3.37858e-08	8.27331e-09
1.38356e-05	5.41641e-06	3.33197e-06	2.33085e-06	1.81751e-06	1.45073e-06	1.01762e-06	6.51384e-07	4.62702e-07	3.57179e-07	2.57385e-07	1.78873e-07	1.29272e-07	9.51595e-08	5.41088e-08	3.03977e-08	7.59312e-09
1.54126e-05	6.51969e-06	3.91699e-06	2.68135e-06	2.02887e-06	1.58853e-06	1.08122e-06	6.7078e-07	4.69299e-07	3.58598e-07	2.57858e-07	1.79545e-07	1.28431e-07	9.17745e-08	5.17428e-08	2.55755e-08	1.96444e-09
1.6687e-05	7.52132e-06	4.59839e-06	3.12075e-06	2.32136e-06	1.78452e-06	1.18089e-06	7.06027e-07	4.8169e-07	3.62137e-07	2.60452e-07	1.79973e-07	1.28104e-07	9.19634e-08	5.26998e-08	2.96303e-08	6.88813e-09
1.67584e-05	7.79686e-06	4.89345e-06	3.35499e-06	2.49766e-06	1.91364e-06	1.25278e-06	7.4099e-07	5.05818e-07	3.81766e-07	2.69777e-07	1.86312e-07	1.32956e-07	9.68392e-08	5.71465e-08	3.09281e-08	7.89573e-09
1.6182e-05	7.29428e-06	4.64409e-06	3.23379e-06	2.44285e-06	1.89137e-06	1.25906e-06	7.60282e-07	5.23977e-07	3.98199e-07	2.84901e-07	1.98464e-07	1.41028e-07	1.03035e-07	5.87709e-08	3.17718e-08	9.69651e-09
1.49851e-05	6.41989e-06	4.08203e-06	2.87606e-06	2.21757e-06	1.74945e-06	1.20035e-06	7.5131e-07	5.28119e-07	4.04851e-07	2.90548e-07	2.01141e-07	1.4314e-07	1.03146e-07	6.06961e-08	3.68962e-08	1.31844e-08
1.38959e-05	5.7184e-06	3.57265e-06	2.52796e-06	1.98268e-06	1.59587e-06	1.13391e-06	7.41745e-07	5.35663e-07	4.14872e-07	3.02682e-07	2.13751e-07	1.53923e-07	1.10905e-07	6.39718e-08	3.68593e-08	1.15728e-08
1.23946e-05	4.88332e-06	3.04128e-06	2.18655e-06	1.7503e-06	1.43823e-06	1.05259e-06	7.09779e-07	5.21307e-07	4.11361e-07	3.02927e-07	2.12776e-07	1.53163e-07	1.09467e-07	6.35924e-08	3.52717e-08	9.1296e-09
1.05679e-05	3.87304e-06	2.52438e-06	1.87546e-06	1.54954e-06	1.29607e-06	9.77522e-07	6.81161e-07	5.12442e-07	4.05516e-07	3.0233e-07	2.16194e-07	1.5658e-07	1.14595e-07	6.77497e-08	4.05868e-08	1.51366e-08
9.08484e-06	3.1329e-06	2.14703e-06	1.64416e-06	1.3938e-06	1.18258e-06	9.10222e-07	6.46478e-07	4.92709e-07	3.93576e-07	2.96847e-07	2.13176e-07	1.54474e-07	1.1578e-07	6.84102e-08	4.03183e-08	1.42789e-08
7.99725e-06	2.70768e-06	1.92242e-06	1.49853e-06	1.28674e-06	1.10196e-06	8.54912e-07	6.16302e-07	4.75886e-07	3.89805e-07	2.9554e-07	2.1505e-07	1.61244e-07	1.20054e-07	7.42438e-08	4.56972e-08	1.64329e-08
7.24889e-06	2.44976e-06	1.79789e-06	1.41031e-06	1.22024e-06	1.04891e-06	8.19071e-07	5.94475e-07	4.62225e-07	3.79196e-07	2.85691e-07	2.05848e-07	1.52069e-07	1.11536e-07	6.52497e-08	3.84548e-08	9.97255e-09
6.86836e-06	2.34172e-06	1.75012e-06	1.37668e-06	1.19182e-06	1.02427e-06	8.02176e-07	5.83172e-07	4.53711e-07	3.71811e-07	2.81462e-07	2.04548e-07	1.51799e-07	1.10787e-07	6.76959e-08	4.04085e-08	1.45818e-08
6.82743e-06	2.34206e-06	1.74499e-06	1.37469e-06	1.18797e-06	1.02115e-06	7.9727e-07	5.81684e-07	4.54719e-07	3.72633e-07	2.83041e-07	2.0822e-07	1.56291e-07	1.16626e-07	7.43049e-08	4.91211e-08	2.53475e-08
7.07657e-06	2.42209e-06	1.79351e-06	1.41106e-06	1.21727e-06	1.04529e-06	8.16032e-07	5.91858e-07	4.60121e-07	3.75756e-07	2.84703e-07	2.06054e-07	1.51292e-07	1.08631e-07	6.16878e-08	3.28145e-08	1.30956e-08
7.49884e-06	2.52484e-06	1.87352e-06	1.45788e-06	1.25513e-06	1.07147e-06	8.32935e-07	5.98051e-07	4.60651e-07	3.73895e-07	2.80163e-07	2.01579e-07	1.45169e-07	1.04208e-07	5.90798e-08	3.36322e-08	1.47951e-08
8.1175e-06	2.69832e-06	1.98583e-06	1.5337e-06	1.31853e-06	1.12087e-06	8.68783e-07	6.25639e-07	4.7872e-07	3.86776e-07	2.89896e-07	2.09537e-07	1.52409e-07	1.10076e-07	6.33232e-08	3.53824e-08	1.20376e-08
8.90982e-06	2.91245e-06	2.10689e-06	1.61488e-06	1.38403e-06	1.17265e-06	9.08683e-07	6.4555e-07	4.92785e-07	3.97716e-07	2.98277e-07	2.15108e-07	1.58444e-07	1.16085e-07	6.86386e-08	4.21829e-08	1.47074e-08
9.96387e-06	3.12667e-06	2.21542e-06	1.68573e-06	1.439e-06	1.21337e-06	9.30543e-07	6.52992e-07	4.95127e-07	3.95626e-07	2.94462e-07	2.09517e-07	1.51292e-07	1.08731e-07	6.14486e-08	3.54714e-08	1.19497e-08
1.09635e-05	3.30877e-06	2.3129e-06	1.75021e-06	1.49221e-06	1.25293e-06	9.56229e-07	6.66419e-07	5.0204e-07	4.00207e-07	2.98587e-07	2.12821e-07	1.55388e-07	1.11341e-07	6.50641e-08	3.85574e-08	1.43929e-08
1.19269e-05	3.40145e-06	2.37154e-06	1.78556e-06	1.52761e-06	1.27845e-06	9.75018e-07	6.79355e-07	5.09431e-07	4.0419e-07	2.98459e-07	2.1198e-07	1.5324e-07	1.09421e-07	6.04649e-08	2.83563e-08	5.54031e-09
1.26949e-05	3.53382e-06	2.41524e-06	1.80896e-06	1.54599e-06	1.29082e-06	9.81905e-07	6.80976e-07	5.11018e-07	4.05105e-07	2.98902e-07	2.1165e-07	1.5399e-07	1.11806e-07	6.53411e-08	3.80663e-08	1.79439e-08
1.27648e-05	3.70717e-06	2.48063e-06	1.84383e-06	1.56274e-06	1.30385e-06	9.8912e-07	6.86433e-07	5.17416e-07	4.12545e-07	3.05155e-07	2.18242e-07	1.58213e-07	1.16783e-07	7.16139e-08	4.58747e-08	1.8637e-08
1.22358e-05	3.76706e-06	2.51607e-06	1.85479e-06	1.55374e-06	1.29363e-06	9.73405e-07	6.81618e-07	5.13083e-07	4.00899e-07	3.02982e-07	2.18236e-07	1.60916e-07	1.11857e-07	6.49382e-08	3.73234e-08	9.64565e-09
1.14586e-05	3.69485e-06	2.47858e-06	1.81975e-06	1.51619e-06	1.25629e-06	9.46093e-07	6.53814e-07	4.88806e-07	3.85914e-07	2.88652e-07	2.06916e-07	1.49948e-07	1.09628e-07	6.64115e-08	4.05596e-08	1.71758e-08
1.06335e-05	3.58107e-06	2.41432e-06	1.77883e-06	1.47638e-06	1.22422e-06	9.18705e-07	6.33591e-07	4.71277e-07	3.72529e-07	2.75606e-07	1.95155e-07	1.4165e-07	1.02816e-07	5.7068e-08	2.9831e-08	4.50802e-09
9.98857e-06	3.41634e-06	2.30764e-06	1.70873e-06	1.42184e-06	1.18191e-06	8.84308e-07	6.10139e-07	4.56597e-07	3.62109e-07	2.68692e-07	1.92979e-07	1.40094e-07	1.01715e-07	5.9659e-08	3.52943e-08	1.12065e-08
9.41853e-06	3.21431e-06	2.18212e-06	1.61806e-06	1.35209e-06	1.12245e-06	8.44695e-07	5.84527e-07	4.37319e-07	3.46974e-07	2.58506e-07	1.85839e-07	1.32967e-07	9.40215e-08	5.28847e-08	2.96155e-08	2.11161e-08
8.79778e-06	3.03309e-06	2.0572e-06	1.53113e-06	1.27151e-06	1.05767e-06	7.96092e-07	5.49195e-07	4.11468e-07	3.29736e-07	2.44151e-07	1.7428e-07	1.27817e-07	9.40341e-08	5.65363e-08	3.58483e-08	2.10658e-08
8.362e-06	2.89116e-06	1.97229e-06	1.46692e-06	1.22191e-06	1.01979e-06	7.67653e-07	5.3513e-07	4.07479e-07	3.27865e-07	2.49761e-07	1.87006e-07	1.42168e-07	1.03538e-07	6.6759e-08	4.56308e-08	2.42005e-08
7.80419e-06	2.77154e-06	1.88936e-06	1.41316e-06	1.17169e-06	9.79841e-07	7.37761e-07	5.11999e-07	3.91967e-07	3.173e-07	2.39562e-07	1.73029e-07	1.28356e-07	9.77588e-08	6.30068e-08	4.15387e-08	1.25031e-08
7.30439e-06	2.65761e-06	1.81647e-06	1.36098e-06	1.12926e-06	9.43515e-07	7.07668e-07	4.92559e-07	3.74075e-07	3.00919e-07	2.25863e-07	1.62478e-07	1.19592e-07	8.88189e-08	5.2619e-08	3.22967e-08	9.3931e-09
7.00885e-06	2.55051e-06	1.7602e-06	1.31633e-06	1.09355e-06	9.13729e-07	6.86946e-07	4.7988e-07	3.65796e-07	2.9753e-07	2.22011e-07	1.61588e-07	1.20064e-07	9.06401e-08	5.42783e-08	3.00791e-08	6.58491e-09
6.81896e-06	2.49101e-06	1.72093e-06	1.28857e-06	1.06999e-06	8.9626e-07	6.71443e-07	4.68308e-07	3.53488e-07	2.84299e-07	2.14493e-07	1.55037e-07	1.1409e-07	8.48275e-08	4.7658e-08	2.35205e-08	-5.28834e-10
6.7462e-06	2.4597e-06	1.69663e-06	1.26882e-06	1.05182e-06	8.7806e-07	6.58025e-07	4.5597e-07	3.43435e-07	2.77574e-07	2.05102e-07	1.46115e-07	1.06895e-07	7.85657e-08	4.40673e-08	2.37837e-08	2.74476e-09
6.75946e-06	2.47074e-06	1.70003e-06	1.26964e-06	1.04966e-06	8.78044e-07	6.57727e-07	4.5772e-07	3.45496e-07	2.78449e-07	2.10974e-07	1.55927e-07	1.14137e-07	8.71295e-08	5.18874e-08	3.19181e-08	1.08534e-08
6.82794e-06	2.49708e-06	1.70797e-06	1.27058e-06	1.04849e-06	8.72239e-07	6.50223e-07	4.47068e-07	3.37866e-07	2.74962e-07	2.04578e-07	1.50084e-07	1.14062e-07	8.79353e-08	5.64831e-08	3.92083e-08	2.09891e-08
6.96035e-06	2.55044e-06	1.75183e-06	1.29169e-06	1.07057e-06	8.89061e-07	6.6464e-07	4.59847e-07	3.48619e-07	2.87427e-07	2.16388e-07	1.59175e-07	1.21578e-07	9.21533e-08	5.70245e-08	3.68538e-08	1.63431e-08
7.06084e-06	2.59936e-06	1.76309e-06	1.29113e-06	1.06104e-06	8.78233e-07	6.47188e-07	4.42749e-07	3.29543e-07	2.65267e-07	1.97703e-07	1.49039e-07	1.1182e-07	7.64901e-08	4.13991e-08	2.2903e-08	1.79547e-08
7.12209e-06	2.64452e-06	1.79864e-06	1.33068e-06	1.09318e-06	9.06925e-07	6.74566e-07	4.6686e-07	3.51435e-07	2.85142e-07	2.15601e-07	1.58587e-07	1.19239e-07	9.1035e-08	5.58298e-08	3.48653e-08	1.08537e-08
7.15206e-06	2.65651e-06	1.80583e-06	1.33092e-06	1.09003e-06	9.00604e-07	6.67791e-07	4.57492e-07	3.41262e-07	2.75636e-07	2.03891e-07	1.45467e-07	1.0622e-07	7.8683e-08	4.56812e-08	3.35684e-08	1.74263e-08
7.2615e-06	2.70531e-06	1.83567e-06	1.3585e-06	1.11145e-06	9.19779e-07	6.81974e-07	4.69264e-07	3.53308e-07	2.81913e-07	2.08089e-07	1.52371e-07	1.11461e-07	8.05233e-08	4.54557e-08	2.66438e-08	9.82145e-09
7.36223e-06	2.75744e-06	1.88476e-06	1.39934e-06	1.1494e-06	9.55777e-07	7.12715e-07	4.95605e-07	3.73577e-07	3.02219e-07	2.25962e-07	1.63884e-07	1.21701e-07	9.06618e-08	5.44978e-08	3.44263e-08	1.89886e-08
7.46729e-06	2.82781e-06	1.94232e-06	1.45603e-06	1.20394e-06	1.00434e-06	7.54974e-07	5.26405e-07	3.86068e-07	3.08817e-07	2.30143e-07	1.71452e-07	1.27065e-07	9.3218e-08	6.13352e-08	3.92364e-08	2.27536e-08
7.61279e-06	2.91226e-06	2.01937e-06	1.50948e-06	1.25244e-06	1.04726e-06	7.86063e-07	5.46615e-07	4.12083e-07	3.30676e-07	2.47381e-07	1.79082e-07	1.34217e-07	1.02649e-07	6.51506e-08	4.77737e-08	2.67452e-08
7.8052e-06	3.02679e-06	2.0917e-06	1.57513e-06	1.30754e-06	1.09465e-06	8.22421e-07	5.72805e-07	4.34347e-07	3.47478e-07	2.61238e-07	1.90322e-07	1.4221e-07	1.08225e-07	6.96442e-08	4.71556e-08	2.38485e-08
7.93596e-06	3.11251e-06	2.15408e-06	1.63088e-06	1.35568e-06	1.13445e-06	8.53792e-07	5.93762e-07	4.4715e-07	3.56272e-07	2.65885e-07	1.93757e-07	1.43728e-07	1.07248e-07	6.66381e-08	4.37454e-08	2.11172e-08
8.09399e-06	3.18917e-06	2.24016e-06	1.69883e-06	1.4158e-06	1.18484e-06	8.9663e-07	6.25784e-07	4.70723e-07	3.75022e-07	2.81059e-07	2.03188e-07	1.50956e-07	1.11794e-07	6.87788e-08	4.20203e-08	1.45818e-08
8.37074e-06	3.35373e-06	2.35853e-06	1.80388e-06	1.50504e-06	1.26675e-06	9.58711e-07	6.6921e-07	5.05049e-07	4.05271e-07	3.02332e-07	2.1779e-07	1.61756e-07	1.20618e-07	7.39272e-08	4.60109e-08	1.52614e-08
8.65592e-06	3.53279e-06	2.50559e-06	1.92909e-06	1.61151e-06	1.35899e-06	1.03061e-06	7.21874e-07	5.45158e-07	4.3113e-07	3.20375e-07	2.31243e-07	1.68807e-07	1.23473e-07	7.63506e-08	4.69966e-08	2.06523e-08
8.7684e-06	3.70293e-06	2.64721e-06	2.0682e-06	1.73295e-06	1.4716e-06	1.12114e-06	7.908e-07	5.96963e-07	4.74966e-07	3.52088e-07	2.53891e-07	1.87226e-07	1.36894e-07	8.46346e-08	5.23598e-08	2.33718e-08
8.89274e-06	3.81387e-06	2.77905e-06	2.18074e-06	1.84035e-06	1.56751e-06	1.20186e-06	8.52063e-07	6.45948e-07	5.12567e-07	3.8231e-07	2.78887e-07	2.04239e-07	1.48013e-07	9.18879e-08	5.60998e-08	2.33466e-08
9.043e-06	3.93369e-06	2.87735e-06	2.26181e-06	1.91066e-06	1.62856e-06	1.24756e-06	8.84627e-07	6.66826e-07	5.26004e-07	3.8435e-07	2.8065e-07	2.01355e-07	1.45381e-07	8.76946e-08	5.9248e-08	3.43525e-08
9.3304e-06	4.14787e-06	3.03522e-06	2.3865e-06	2.01326e-06	1.71759e-06	1.32389e-06	9.4589e-07	7.19362e-07	5.72143e-07	4.21548e-07	3.07787e-07	2.26276e-07	1.63086e-07	9.96701e-08	5.83791e-08	2.57518e-08
9.72011e-06	4.40251e-06	3.21053e-06	2.51539e-06	2.11559e-06	1.80273e-06	1.37812e-06	9.77749e-07	7.37546e-07	5.82544e-07	4.35262e-07	3.12799e-07	2.27233e-07	1.60668e-07	9.65597e-08	5.18436e-08	2.04881e-08
1.02043e-05	4.70347e-06	3.42238e-06	2.68068e-06	2.24666e-06	1.90529e-06	1.45638e-06	1.02993e-06	7.76243e-07	6.14e-07	4.58885e-07	3.31172e-07	2.41349e-07	1.72178e-07	9.87256e-08	4.85065e-08	4.20591e-09
1.07428e-05	4.96927e-06	3.59766e-06	2.8081e-06	2.34409e-06	1.98114e-06	1.5066e-06	1.05936e-06	7.9255e-07	6.23797e-07	4.66088e-07	3.34219e-07	2.44484e-07	1.73223e-07	1.02529e-07	5.79132e-08	2.85347e-08
1.13123e-05	5.2008e-06	3.74459e-06	2.91218e-06	2.42524e-06	2.04935e-06	1.55555e-06	1.08622e-06	8.04299e-07	6.28054e-07	4.67008e-07	3.33338e-07	2.40757e-07	1.68375e-07	9.87382e-08	5.74095e-08	2.81192e-08
1.17359e-05	5.35108e-06	3.83822e-06	2.98217e-06	2.4854e-06	2.09763e-06	1.59042e-06	1.11026e-06	8.26521e-07	6.48457e-07	4.83806e-07	3.42199e-07	2.51719e-07	1.77194e-07	1.05365e-07	6.08236e-08	3.01096e-08
1.19517e-05	5.41112e-06	3.87077e-06	3.00665e-06	2.50252e-06	2.11312e-06	1.60695e-06	1.12374e-06	8.39806e-07	6.62637e-07	4.95668e-07	3.58582e-07	2.64123e-07	1.89649e-07	1.17617e-07	7.39831e-08	3.89623e-08
1.18832e-05	5.38786e-06	3.84533e-06	2.98559e-06	2.48614e-06	2.09882e-06	1.59188e-06	1.11114e-06	8.36167e-07	6.59375e-07	4.91966e-07	3.52588e-07	2.58595e-07	1.88226e-07	1.13537e-07	6.542e-08	2.64954e-08
1.15518e-05	5.25143e-06	3.7464e-06	2.90677e-06	2.422e-06	2.04429e-06	1.55113e-06	1.0862e-06	8.13021e-07	6.39302e-07	4.7698e-07	3.4473e-07	2.51706e-07	1.79385e-07	1.07782e-07	6.16799e-08	2.63695e-08
1.1141e-05	5.07947e-06	3.63308e-06	2.82006e-06	2.35218e-06	1.99476e-06	1.52189e-06	1.0761e-06	8.11094e-07	6.43861e-07	4.8514e-07	3.56819e-07	2.66037e-07	1.95353e-07	1.16169e-07	6.78252e-08	2.89132e-08
1.07167e-05	4.88224e-06	3.49356e-06	2.71e-06	2.25904e-06	1.90992e-06	1.45589e-06	1.02917e-06	7.77038e-07	6.15794e-07	4.62913e-07	3.37787e-07	2.49018e-07	1.80146e-07	1.07193e-07	5.94524e-08	2.56271e-08
1.04229e-05	4.74034e-06	3.38584e-06	2.62306e-06	2.18756e-06	1.85017e-06	1.41118e-06	1.00058e-06	7.57455e-07	6.01551e-07	4.55181e-07	3.31931e-07	2.44698e-07	1.72199e-07	1.00871e-07	5.46041e-08	1.6963e-08
1.02642e-05	4.65356e-06	3.31918e-06	2.5707e-06	2.14375e-06	1.81466e-06	1.38443e-06	9.86323e-07	7.5437e-07	6.02123e-07	4.60329e-07	3.37703e-07	2.52934e-07	1.86792e-07	1.17689e-07	7.0475e-08	2.86258e-08
1.02498e-05	4.61261e-06	3.27624e-06	2.52422e-06	2.10137e-06	1.7761e-06	1.35593e-06	9.64323e-07	7.40334e-07	5.95018e-07	4.51679e-07	3.3471e-07	2.52185e-07	1.92152e-07	1.24134e-07	8.04095e-08	4.21001e-08
1.03314e-05	4.62881e-06	3.27327e-06	2.51811e-06	2.096e-06	1.77194e-06	1.35628e-06	9.70568e-07	7.47922e-07	6.04781e-07	4.614e-07	3.44932e-07	2.59999e-07	1.94562e-07	1.21858e-07	7.27545e-08	2.47469e-08
1.04228e-05	4.62203e-06	3.24471e-06	2.4836e-06	2.06001e-06	1.73641e-06	1.32526e-06	9.44423e-07	7.25152e-07	5.82313e-07	4.41439e-07	3.28283e-07	2.45768e-07	1.79298e-07	1.15687e-07	7.31323e-08	3.37011e-08
1.05164e-05	4.64488e-06	3.24244e-06	2.47975e-06	2.05415e-06	1.73154e-06	1.32295e-06	9.46139e-07	7.28944e-07	5.88442e-07	4.53153e-07	3.38354e-07	2.54949e-07	1.86115e-07	1.17583e-07	7.24486e-08	3.73766e-08
1.05456e-05	4.62902e-06	3.22085e-06	2.4661e-06	2.04195e-06	1.7212e-06	1.31554e-06	9.40622e-07	7.26028e-07	5.86543e-07	4.49236e-07	3.35302e-07	2.52941e-07	1.84558e-07	1.14211e-07	6.72367e-08	2.76302e-08
1.0496e-05	4.5726e-06	3.19379e-06	2.43997e-06	2.02747e-06	1.70985e-06	1.31099e-06	9.41678e-07	7.27079e-07	5.89353e-07	4.51652e-07	3.36406e-07	2.54937e-07	1.8654e-07	1.1478e-07	6.83089e-08	3.2618e-08
1.03398e-05	4.50506e-06	3.15485e-06	2.41421e-06	2.00681e-06	1.69549e-06	1.30306e-06	9.38517e-07	7.24535e-07	5.89819e-07	4.52307e-07	3.36507e-07	2.551e-07	1.86603e-07	1.15372e-07	7.40517e-08	3.3487e-08
1.00629e-05	4.39656e-06	3.09917e-06	2.37474e-06	1.97872e-06	1.67573e-06	1.29421e-06	9.36437e-07	7.24692e-07	5.87517e-07	4.55177e-07	3.40243e-07	2.58784e-07	1.86834e-07	1.15627e-07	6.34241e-08	2.28458e-08
9.70332e-06	4.25154e-06	3.01631e-06	2.32067e-06	1.9396e-06	1.64525e-06	1.27375e-06	9.24074e-07	7.16508e-07	5.82034e-07	4.50331e-07	3.37972e-07	2.56253e-07	1.8748e-07	1.16855e-07	6.78538e-08	2.82724e-08
9.28624e-06	4.0605e-06	2.89819e-06	2.23833e-06	1.88169e-06	1.59966e-06	1.24101e-06	9.02421e-07	7.00008e-07	5.69318e-07	4.38175e-07	3.25647e-07	2.44641e-07	1.72212e-07	1.03599e-07	5.38148e-08	2.38281e-08
8.92399e-06	3.89349e-06	2.7949e-06	2.16671e-06	1.82099e-06	1.55111e-06	1.20685e-06	8.829e-07	6.85789e-07	5.57996e-07	4.31135e-07	3.21931e-07	2.40724e-07	1.73812e-07	1.04456e-07	5.78575e-08	2.58684e-08
8.59632e-06	3.74776e-06	2.70036e-06	2.09778e-06	1.76552e-06	1.50728e-06	1.17619e-06	8.61099e-07	6.70449e-07	5.45289e-07	4.21274e-07	3.14085e-07	2.34339e-07	1.68346e-07	9.80076e-08	5.28198e-08	1.29846e-08
8.28378e-06	3.59171e-06	2.59076e-06	2.01219e-06	1.69575e-06	1.44714e-06	1.12795e-06	8.2312e-07	6.39943e-07	5.20843e-07	4.05055e-07	3.01534e-07	2.25908e-07	1.61163e-07	9.58264e-08	5.52869e-08	2.07546e-08
8.05073e-06	3.49325e-06	2.52825e-06	1.96947e-06	1.65672e-06	1.41673e-06	1.10787e-06	8.14027e-07	6.40106e-07	5.24256e-07	4.08304e-07	3.06231e-07	2.32003e-07	1.69462e-07	1.03748e-07	5.98962e-08	2.34371e-08
7.86977e-06	3.40207e-06	2.46503e-06	1.91768e-06	1.62034e-06	1.38572e-06	1.08602e-06	7.99987e-07	6.27708e-07	5.14106e-07	4.02305e-07	3.04547e-07	2.33577e-07	1.71851e-07	1.09962e-07	6.83123e-08	3.69144e-08
7.7414e-06	3.32914e-06	2.40098e-06	1.87212e-06	1.57476e-06	1.34623e-06	1.04763e-06	7.67688e-07	5.99972e-07	4.90013e-07	3.76351e-07	2.79174e-07	2.07841e-07	1.49744e-07	8.85368e-08	4.84119e-08	2.06166e-08
7.63091e-06	3.29194e-06	2.37853e-06	1.84598e-06	1.55365e-06	1.32795e-06	1.03775e-06	7.58753e-07	5.85743e-07	4.7864e-07	3.70365e-07	2.75252e-07	2.05504e-07	1.4927e-07	8.87531e-08	5.11713e-08	2.46851e-08
7.65336e-06	3.28394e-06	2.38948e-06	1.84806e-06	1.55368e-06	1.32074e-06	1.02515e-06	7.46725e-07	5.82154e-07	4.7398e-07	3.59181e-07	2.69924e-07	2.02519e-07	1.46902e-07	9.05416e-08	5.48741e-08	3.09068e-08
7.69585e-06	3.31961e-06	2.41049e-06	1.86761e-06	1.57015e-06	1.33611e-06	1.03754e-06	7.53797e-07	5.8656e-07	4.766e-07	3.66704e-07	2.72852e-07	2.05738e-07	1.50853e-07	9.51487e-08	5.80464e-08	2.71026e-08
7.75609e-06	3.34687e-06	2.41796e-06	1.87245e-06	1.57015e-06	1.33163e-06	1.02763e-06	7.43004e-07	5.7436e-07	4.63173e-07	3.53145e-07	2.56707e-07	1.90672e-07	1.36326e-07	7.96368e-08	4.36409e-08	1.77334e-08
7.82048e-06	3.37723e-06	2.43542e-06	1.87874e-06	1.57485e-06	1.33321e-06	1.0251e-06	7.38199e-07	5.71159e-07	4.61562e-07	3.51776e-07	2.55164e-07	1.89496e-07	1.37557e-07	8.33627e-08	5e-08	2.42191e-08
7.91304e-06	3.41049e-06	2.45372e-06	1.88117e-06	1.57165e-06	1.32752e-06	1.01736e-06	7.28841e-07	5.62292e-07	4.5461e-07	3.44194e-07	2.5505e-07	1.91411e-07	1.38489e-07	9.03023e-08	5.55542e-08	2.11461e-08
7.96211e-06	3.44569e-06	2.44992e-06	1.89394e-06	1.56616e-06	1.33061e-06	1.0201e-06	7.31347e-07	5.60935e-07	4.52113e-07	3.46201e-07	2.57255e-07	1.92957e-07	1.41644e-07	8.91481e-08	5.46375e-08	2.14872e-08
7.98539e-06	3.43602e-06	2.45004e-06	1.87485e-06	1.55605e-06	1.31163e-06	1.00116e-06	7.13822e-07	5.43339e-07	4.37492e-07	3.33245e-07	2.46681e-07	1.83644e-07	1.35406e-07	8.36545e-08	5.27721e-08	2.21164e-08
8.00073e-06	3.42723e-06	2.44332e-06	1.86372e-06	1.54953e-06	1.30292e-06	9.90693e-07	7.01196e-07	5.32645e-07	4.26335e-07	3.217e-07	2.35617e-07	1.73892e-07	1.24332e-07	7.3136e-08	4.14484e-08	1.4194e-08
7.98382e-06	3.43484e-06	2.45377e-06	1.8744e-06	1.55987e-06	1.31288e-06	9.98955e-07	7.09547e-07	5.4461e-07	4.40919e-07	3.37985e-07	2.53665e-07	1.91738e-07	1.42456e-07	9.34509e-08	5.90428e-08	2.26574e-08
7.90526e-06	3.40114e-06	2.43478e-06	1.85542e-06	1.53938e-06	1.2888e-06	9.82972e-07	6.87322e-07	5.27583e-07	4.15376e-07	3.12615e-07	2.27902e-07	1.67851e-07	1.21552e-07	7.00018e-08	4.18776e-08	1.40306e-08
7.90371e-06	3.41686e-06	2.43827e-06	1.85762e-06	1.54023e-06	1.29139e-06	9.79974e-07	6.9037e-07	5.22557e-07	4.20464e-07	3.1866e-07	2.30295e-07	1.72523e-07	1.29537e-07	7.81128e-08	5.18275e-08	3.45978e-08
7.97763e-06	3.4695e-06	2.4747e-06	1.89252e-06	1.56854e-06	1.31906e-06	1.00301e-06	7.07758e-07	5.37317e-07	4.29484e-07	3.23476e-07	2.37708e-07	1.7762e-07	1.3136e-07	7.78212e-08	4.45718e-08	1.52141e-08
8.02027e-06	3.48031e-06	2.48601e-06	1.89638e-06	1.57335e-06	1.31998e-06	9.99269e-07	7.03247e-07	5.29699e-07	4.17855e-07	3.14814e-07	2.28034e-07	1.66898e-07	1.19452e-07	7.11371e-08	4.0657e-08	1.90438e-08
8.01752e-06	3.47521e-06	2.48282e-06	1.89419e-06	1.56938e-06	1.31547e-06	9.95642e-07	6.98166e-07	5.25844e-07	4.18613e-07	3.12514e-07	2.25169e-07	1.64677e-07	1.1625e-07	6.78103e-08	3.57692e-08	1.7746e-08
7.98451e-06	3.45101e-06	2.45834e-06	1.87715e-06	1.5573e-06	1.31077e-06	9.89231e-07	6.92453e-07	5.22885e-07	4.1749e-07	3.11817e-07	2.24193e-07	1.61066e-07	1.13343e-07	6.73712e-08	3.45106e-08	1.24062e-08
7.91742e-06	3.40538e-06	2.43458e-06	1.85814e-06	1.54377e-06	1.29746e-06	9.85491e-07	6.95668e-07	5.22607e-07	4.15831e-07	3.15768e-07	2.30705e-07	1.67809e-07	1.24937e-07	7.25063e-08	4.96222e-08	2.4131e-08
7.83624e-06	3.35861e-06	2.40322e-06	1.83778e-06	1.5284e-06	1.28548e-06	9.74508e-07	6.87025e-07	5.19787e-07	4.15613e-07	3.12774e-07	2.2651e-07	1.66532e-07	1.20334e-07	6.64643e-08	4.10222e-08	1.68396e-08
7.71669e-06	3.29495e-06	2.36083e-06	1.80738e-06	1.50514e-06	1.26421e-06	9.60929e-07	6.78326e-07	5.14422e-07	4.13595e-07	3.10452e-07	2.26415e-07	1.67229e-07	1.22566e-07	7.16553e-08	4.7195e-08	2.57198e-08
7.56693e-06	3.22143e-06	2.30905e-06	1.76475e-06	1.46865e-06	1.23329e-06	9.37226e-07	6.61053e-07	5.01612e-07	4.00373e-07	3.00028e-07	2.16434e-07	1.59769e-07	1.14943e-07	7.52557e-08	4.55942e-08	2.19407e-08
7.41822e-06	3.16192e-06	2.26053e-06	1.73371e-06	1.43818e-06	1.21213e-06	9.19114e-07	6.49516e-07	4.93929e-07	3.93748e-07	2.94675e-07	2.12215e-07	1.56368e-07	1.07587e-07	6.83158e-08	3.39816e-08	8.86695e-09
7.31031e-06	3.09037e-06	2.22551e-06	1.70027e-06	1.41535e-06	1.19095e-06	9.07252e-07	6.3984e-07	4.84269e-07	3.87226e-07	2.92287e-07	2.08469e-07	1.50218e-07	1.06111e-07	5.85783e-08	2.40812e-08	2.33003e-09
7.18242e-06	3.03956e-06	2.19534e-06	1.68154e-06	1.40331e-06	1.18452e-06	9.09263e-07	6.47379e-07	4.89231e-07	3.95143e-07	2.97592e-07	2.18291e-07	1.59685e-07	1.15374e-07	7.20332e-08	3.79626e-08	8.81679e-09
7.09255e-06	2.98812e-06	2.15353e-06	1.65209e-06	1.38179e-06	1.16493e-06	8.90476e-07	6.3193e-07	4.77581e-07	3.83964e-07	2.87048e-07	2.07751e-07	1.50407e-07	1.06388e-07	6.6173e-08	3.75702e-08	1.65243e-08
7.06111e-06	2.96952e-06	2.14845e-06	1.64656e-06	1.37836e-06	1.16131e-06	8.90914e-07	6.35725e-07	4.87153e-07	3.94012e-07	2.99108e-07	2.20213e-07	1.63938e-07	1.20611e-07	7.45755e-08	5.06827e-08	2.4573e-08
7.05711e-06	2.96094e-06	2.13565e-06	1.63677e-06	1.36632e-06	1.15351e-06	8.84503e-07	6.33659e-07	4.82027e-07	3.90926e-07	2.93327e-07	2.1389e-07	1.60739e-07	1.1818e-07	7.36183e-08	4.86674e-08	2.8276e-08
7.10704e-06	2.97931e-06	2.15285e-06	1.64989e-06	1.37115e-06	1.16906e-06	8.97194e-07	6.42155e-07	4.97481e-07	4.02421e-07	3.06341e-07	2.26912e-07	1.7173e-07	1.28539e-07	8.34971e-08	5.64541e-08	3.36306e-08
7.1256e-06	2.98246e-06	2.14853e-06	1.64896e-06	1.37869e-06	1.16823e-06	8.95879e-07	6.43379e-07	4.93098e-07	3.97302e-07	3.00423e-07	2.21404e-07	1.64639e-07	1.21023e-07	7.4347e-08	4.68652e-08	2.21164e-08
7.14494e-06	2.96564e-06	2.14837e-06	1.65069e-06	1.38478e-06	1.17377e-06	9.05008e-07	6.51645e-07	4.94231e-07	3.97426e-07	3.02219e-07	2.19671e-07	1.62653e-07	1.1784e-07	7.23714e-08	4.75213e-08	2.83767e-08
7.1615e-06	2.967e-06	2.14943e-06	1.6501e-06	1.38877e-06	1.17718e-06	9.09918e-07	6.56825e-07	5.0364e-07	4.03721e-07	3.07945e-07	2.26088e-07	1.66033e-07	1.19518e-07	7.0698e-08	4.36935e-08	2.00141e-08
7.13962e-06	2.94325e-06	2.13958e-06	1.64176e-06	1.3856e-06	1.17493e-06	9.07048e-07	6.57061e-07	5.08615e-07	4.12313e-07	3.13479e-07	2.30037e-07	1.71092e-07	1.26883e-07	7.95632e-08	5.0393e-08	2.54925e-08
7.07278e-06	2.91133e-06	2.11039e-06	1.6199e-06	1.36333e-06	1.15562e-06	8.92385e-07	6.41535e-07	4.94068e-07	4.00471e-07	3.00652e-07	2.17334e-07	1.60251e-07	1.17049e-07	7.24614e-08	4.49026e-08	2.39061e-08
6.95313e-06	2.85824e-06	2.07568e-06	1.59427e-06	1.34433e-06	1.14328e-06	8.84573e-07	6.35618e-07	4.90339e-07	3.99839e-07	3.01277e-07	2.1618e-07	1.62623e-07	1.19937e-07	7.44407e-08	4.75741e-08	2.71816e-08
6.80255e-06	2.79927e-06	2.04102e-06	1.57141e-06	1.3246e-06	1.12453e-06	8.72185e-07	6.28105e-07	4.851e-07	3.9638e-07	2.98113e-07	2.14003e-07	1.61834e-07	1.20006e-07	7.68301e-08	4.72442e-08	1.9006e-08
6.68754e-06	2.74209e-06	2.00788e-06	1.54685e-06	1.30932e-06	1.11332e-06	8.66819e-07	6.27311e-07	4.85289e-07	3.9473e-07	2.98201e-07	2.18701e-07	1.62225e-07	1.18998e-07	7.9664e-08	4.29996e-08	1.94846e-08
6.57882e-06	2.67985e-06	1.96345e-06	1.51097e-06	1.27945e-06	1.08434e-06	8.47092e-07	6.04416e-07	4.71106e-07	3.80205e-07	2.76595e-07	2.05293e-07	1.49734e-07	1.04504e-07	7.12019e-08	3.94866e-08	1.23687e-08
6.50224e-06	2.64191e-06	1.93482e-06	1.50117e-06	1.26777e-06	1.08328e-06	8.38581e-07	6.05572e-07	4.71774e-07	3.81417e-07	2.80077e-07	2.02176e-07	1.46997e-07	1.11278e-07	6.59605e-08	3.7949e-08	1.87289e-08
6.48859e-06	2.63422e-06	1.93143e-06	1.49856e-06	1.27192e-06	1.08644e-06	8.47104e-07	6.15916e-07	4.76396e-07	3.85583e-07	2.92906e-07	2.14399e-07	1.61712e-07	1.18674e-07	7.41492e-08	4.68549e-08	2.26843e-08
6.53815e-06	2.65886e-06	1.94513e-06	1.50903e-06	1.28216e-06	1.09613e-06	8.53751e-07	6.19219e-07	4.78209e-07	3.86676e-07	2.93317e-07	2.13762e-07	1.68178e-07	1.21687e-07	7.64435e-08	4.75741e-08	2.14253e-08
6.58949e-06	2.66419e-06	1.94892e-06	1.50581e-06	1.27439e-06	1.08698e-06	8.40991e-07	6.11426e-07	4.60012e-07	3.69569e-07	2.83206e-07	2.08166e-07	1.55545e-07	1.15053e-07	5.89058e-08	3.43963e-08	2.00257e-08
6.67857e-06	2.67611e-06	1.97369e-06	1.51993e-06	1.28952e-06	1.09837e-06	8.50467e-07	6.0929e-07	4.63612e-07	3.69902e-07	2.72136e-07	1.92848e-07	1.37479e-07	9.56873e-08	5.11122e-08	2.49011e-08	7.46908e-09
6.72593e-06	2.68842e-06	1.98141e-06	1.5316e-06	1.30045e-06	1.10647e-06	8.55905e-07	6.10742e-07	4.64543e-07	3.70088e-07	2.7402e-07	1.93458e-07	1.38263e-07	9.64329e-08	5.02695e-08	2.5796e-08	7.16697e-09
6.75592e-06	2.69507e-06	1.98917e-06	1.54005e-06	1.30957e-06	1.1152e-06	8.63072e-07	6.18677e-07	4.73033e-07	3.78741e-07	2.8227e-07	2.01784e-07	1.47446e-07	1.05603e-07	6.04469e-08	3.54318e-08	7.54484e-09
6.75009e-06	2.68593e-06	1.98478e-06	1.5374e-06	1.30871e-06	1.11472e-06	8.6339e-07	6.16608e-07	4.72076e-07	3.7858e-07	2.84291e-07	2.06401e-07	1.45653e-07	1.04844e-07	6.29519e-08	3.85168e-08	1.55931e-08
6.71011e-06	2.65258e-06	1.95783e-06	1.51219e-06	1.28586e-06	1.09407e-06	8.4542e-07	6.01365e-07	4.55174e-07	3.64766e-07	2.71034e-07	1.93889e-07	1.41947e-07	9.93879e-08	5.96e-08	3.55685e-08	1.96483e-08
6.66744e-06	2.63304e-06	1.94637e-06	1.50525e-06	1.28048e-06	1.08962e-06	8.42024e-07	5.9831e-07	4.4963e-07	3.56321e-07	2.62999e-07	1.85535e-07	1.30404e-07	9.08782e-08	5.00176e-08	2.82648e-08	1.19156e-08
6.62116e-06	2.6026e-06	1.92675e-06	1.49941e-06	1.27746e-06	1.08511e-06	8.32271e-07	5.8935e-07	4.45362e-07	3.54993e-07	2.5757e-07	1.80866e-07	1.27475e-07	9.26369e-08	5.50154e-08	3.64628e-08	2.28727e-08
6.60914e-06	2.58912e-06	1.92428e-06	1.48774e-06	1.26846e-06	1.07979e-06	8.35105e-07	5.9134e-07	4.48599e-07	3.56252e-07	2.59409e-07	1.82138e-07	1.29528e-07	9.36319e-08	5.4499e-08	3.32133e-08	2.03285e-08
6.60198e-06	2.5695e-06	1.91322e-06	1.4847e-06	1.26977e-06	1.07916e-06	8.36469e-07	5.93579e-07	4.48878e-07	3.57704e-07	2.59566e-07	1.81579e-07	1.28215e-07	8.92592e-08	4.60087e-08	2.61593e-08	1.48492e-08
6.61429e-06	2.56543e-06	1.91152e-06	1.48429e-06	1.27279e-06	1.08642e-06	8.41247e-07	5.94755e-07	4.51294e-07	3.55883e-07	2.60624e-07	1.78943e-07	1.254e-07	8.69083e-08	4.92858e-08	3.10855e-08	2.17271e-08
6.6738e-06	2.58954e-06	1.93747e-06	1.50995e-06	1.29432e-06	1.10624e-06	8.5656e-07	6.10553e-07	4.61885e-07	3.66284e-07	2.66778e-07	1.86706e-07	1.31877e-07	9.40901e-08	5.76003e-08	4.04197e-08	2.46372e-08
6.7536e-06	2.61161e-06	1.95675e-06	1.52901e-06	1.31038e-06	1.11717e-06	8.63973e-07	6.1187e-07	4.57794e-07	3.56114e-07	2.58199e-07	1.77238e-07	1.21454e-07	8.30269e-08	4.66018e-08	2.8276e-08	1.7356e-08
6.88962e-06	2.6721e-06	2.01534e-06	1.57483e-06	1.34649e-06	1.15424e-06	8.97552e-07	6.36594e-07	4.74117e-07	3.67915e-07	2.69107e-07	1.88208e-07	1.33596e-07	9.48159e-08	5.44108e-08	3.69162e-08	1.98877e-08
7.06037e-06	2.73302e-06	2.06223e-06	1.61051e-06	1.38138e-06	1.17654e-06	9.11177e-07	6.40892e-07	4.76459e-07	3.67055e-07	2.6536e-07	1.8383e-07	1.29985e-07	9.21732e-08	5.08351e-08	3.18286e-08	1.83137e-08
7.22073e-06	2.79541e-06	2.10842e-06	1.64491e-06	1.4127e-06	1.20223e-06	9.24606e-07	6.45788e-07	4.77102e-07	3.68507e-07	2.62998e-07	1.80916e-07	1.27324e-07	9.3846e-08	5.66023e-08	3.56315e-08	1.64114e-08
7.35973e-06	2.84075e-06	2.14413e-06	1.673e-06	1.43233e-06	1.21429e-06	9.27051e-07	6.39802e-07	4.68752e-07	3.59279e-07	2.55926e-07	1.74652e-07	1.21325e-07	8.47125e-08	4.8301e-08	2.76959e-08	8.65261e-09
7.4542e-06	2.86889e-06	2.15813e-06	1.68524e-06	1.43477e-06	1.21326e-06	9.1885e-07	6.26052e-07	4.54179e-07	3.49186e-07	2.47254e-07	1.67162e-07	1.16706e-07	8.20822e-08	4.60854e-08	2.74573e-08	9.79898e-09
7.522e-06	2.88395e-06	2.17912e-06	1.69661e-06	1.4445e-06	1.21458e-06	9.15699e-07	6.23082e-07	4.53586e-07	3.50845e-07	2.51354e-07	1.73099e-07	1.2346e-07	8.88606e-08	5.23969e-08	2.90072e-08	7.129e-09
7.55119e-06	2.89048e-06	2.16194e-06	1.67018e-06	1.4154e-06	1.18151e-06	8.81313e-07	5.924e-07	4.25914e-07	3.25012e-07	2.30823e-07	1.59458e-07	1.11029e-07	7.55977e-08	4.2837e-08	2.44351e-08	1.0366e-08
7.51904e-06	2.86028e-06	2.13326e-06	1.63389e-06	1.38124e-06	1.14155e-06	8.47633e-07	5.62839e-07	4.10699e-07	3.15389e-07	2.2542e-07	1.56725e-07	1.12074e-07	8.36587e-08	5.31022e-08	3.664e-08	1.63362e-08
7.42112e-06	2.80966e-06	2.08005e-06	1.58293e-06	1.32217e-06	1.09268e-06	8.03779e-07	5.31364e-07	3.84053e-07	2.94936e-07	2.11273e-07	1.48117e-07	1.08389e-07	8.00857e-08	4.93261e-08	2.81396e-08	1.52034e-08
7.29331e-06	2.7415e-06	2.0131e-06	1.51761e-06	1.26006e-06	1.03636e-06	7.57501e-07	4.95289e-07	3.531e-07	2.65814e-07	1.88301e-07	1.2705e-07	9.2866e-08	6.60251e-08	2.99015e-08	1.36786e-08	1.06935e-08
7.14954e-06	2.65832e-06	1.92705e-06	1.43856e-06	1.18181e-06	9.70276e-07	7.07e-07	4.64205e-07	3.35029e-07	2.53111e-07	1.81168e-07	1.24817e-07	8.73218e-08	6.33155e-08	3.5027e-08	2.23311e-08	1.48622e-08
