6.63387e-06	2.64409e-06	2.00676e-06	1.56803e-06	1.2662e-06	1.04647e-06	8.02155e-07	5.22152e-07	3.73351e-07	2.81752e-07	2.25017e-07	1.42338e-07	1.31229e-07	8.3547e-08	6.56679e-08	3.11248e-08	7.99818e-09
6.97428e-06	2.74073e-06	2.07127e-06	1.60333e-06	1.29181e-06	1.06401e-06	8.13296e-07	5.24007e-07	3.73301e-07	2.87086e-07	2.25025e-07	1.45125e-07	1.28008e-07	8.47197e-08	6.30091e-08	2.62104e-08	2.51021e-09
7.2744e-06	2.84748e-06	2.12717e-06	1.63926e-06	1.30977e-06	1.07278e-06	8.18771e-07	5.24501e-07	3.78722e-07	2.82119e-07	2.23543e-07	1.46901e-07	1.2766e-07	8.69496e-08	6.44377e-08	2.8774e-08	7.65081e-09
7.58223e-06	2.92544e-06	2.1643e-06	1.65936e-06	1.32405e-06	1.07787e-06	8.1727e-07	5.23621e-07	3.80775e-07	2.87908e-07	2.21078e-07	1.49068e-07	1.27477e-07	8.64979e-08	6.28505e-08	2.86012e-08	6.26235e-09
7.88875e-06	2.9562e-06	2.17642e-06	1.65246e-06	1.32268e-06	1.07699e-06	8.15513e-07	5.18827e-07	3.72753e-07	2.85056e-07	2.22181e-07	1.42561e-07	1.29503e-07	8.45195e-08	6.00983e-08	2.58365e-08	3.44487e-09
8.0828e-06	2.93638e-06	2.15016e-06	1.62047e-06	1.29701e-06	1.05569e-06	7.91526e-07	5.05595e-07	3.62121e-07	2.79763e-07	2.15417e-07	1.40856e-07	1.22416e-07	8.25589e-08	5.78967e-08	2.44085e-08	2.5904e-09
8.10338e-06	2.87411e-06	2.10152e-06	1.57849e-06	1.25826e-06	1.01662e-06	7.63079e-07	4.86393e-07	3.53185e-07	2.69742e-07	2.07638e-07	1.36146e-07	1.14568e-07	7.78208e-08	5.57885e-08	2.01896e-08	2.57711e-09
8.17789e-06	2.83573e-06	2.06229e-06	1.53888e-06	1.22524e-06	9.89184e-07	7.50608e-07	4.77594e-07	3.50274e-07	2.65803e-07	2.12619e-07	1.38029e-07	1.24917e-07	7.87021e-08	6.17038e-08	2.6145e-08	3.89905e-09
8.34561e-06	2.84594e-06	2.06474e-06	1.53397e-06	1.22228e-06	9.8921e-07	7.52063e-07	4.76978e-07	3.43963e-07	2.62693e-07	2.13498e-07	1.38985e-07	1.19635e-07	7.77983e-08	5.8115e-08	2.27546e-08	1.73597e-09
8.49514e-06	2.87188e-06	2.08129e-06	1.54591e-06	1.23507e-06	9.99159e-07	7.58974e-07	4.85257e-07	3.46937e-07	2.66546e-07	2.14265e-07	1.39336e-07	1.21922e-07	8.07382e-08	5.75423e-08	2.38369e-08	3.76582e-09
8.53091e-06	2.87798e-06	2.08596e-06	1.55236e-06	1.23849e-06	1.00039e-06	7.58226e-07	4.84497e-07	3.52647e-07	2.72687e-07	2.11356e-07	1.41104e-07	1.23598e-07	8.15618e-08	6.06639e-08	2.28875e-08	-1.0282e-09
8.51271e-06	2.84893e-06	2.06361e-06	1.53484e-06	1.22406e-06	9.88476e-07	7.5253e-07	4.81626e-07	3.50928e-07	2.70624e-07	2.10936e-07	1.38897e-07	1.24075e-07	8.27881e-08	6.0876e-08	2.62785e-08	4.23287e-09
8.40699e-06	2.78509e-06	2.00753e-06	1.49412e-06	1.19145e-06	9.6217e-07	7.28862e-07	4.64026e-07	3.40709e-07	2.6533e-07	2.03464e-07	1.36697e-07	1.17589e-07	8.08808e-08	5.8514e-08	2.52911e-08	4.687e-09
8.2379e-06	2.66911e-06	1.91824e-06	1.41323e-06	1.12644e-06	9.08303e-07	6.96413e-07	4.4206e-07	3.19891e-07	2.49693e-07	1.96507e-07	1.28672e-07	1.14918e-07	7.80632e-08	5.54161e-08	2.53178e-08	5.23448e-09
8.10007e-06	2.54549e-06	1.8244e-06	1.33803e-06	1.06823e-06	8.56683e-07	6.55067e-07	4.21298e-07	3.11203e-07	2.37014e-07	1.8833e-07	1.26813e-07	1.1342e-07	7.55241e-08	5.83122e-08	2.60515e-08	6.1824e-09
7.90505e-06	2.39212e-06	1.70782e-06	1.25177e-06	9.97062e-07	8.0251e-07	6.17693e-07	3.96355e-07	2.92803e-07	2.23848e-07	1.82e-07	1.18534e-07	1.0876e-07	7.34143e-08	5.59754e-08	2.14848e-08	4.70023e-09
7.76471e-06	2.2278e-06	1.59226e-06	1.16706e-06	9.35629e-07	7.5484e-07	5.86709e-07	3.82501e-07	2.83053e-07	2.20605e-07	1.81229e-07	1.18421e-07	1.11745e-07	7.55067e-08	5.63196e-08	2.29124e-08	2.02954e-09
7.63382e-06	2.05115e-06	1.47229e-06	1.0766e-06	8.69105e-07	7.04882e-07	5.52716e-07	3.57475e-07	2.65275e-07	2.09462e-07	1.69965e-07	1.12615e-07	1.06073e-07	7.36661e-08	5.50259e-08	2.53565e-08	4.49981e-09
7.48157e-06	1.87883e-06	1.35558e-06	9.92149e-07	8.07309e-07	6.54636e-07	5.2063e-07	3.35216e-07	2.49706e-07	2.01437e-07	1.63248e-07	1.07301e-07	1.02614e-07	6.93933e-08	5.14474e-08	2.17513e-08	1.66907e-09
7.22951e-06	1.71148e-06	1.24814e-06	9.19856e-07	7.54026e-07	6.10762e-07	4.92763e-07	3.18307e-07	2.41247e-07	1.94499e-07	1.58886e-07	1.07905e-07	1.01896e-07	7.09441e-08	5.35452e-08	2.17252e-08	4.66017e-09
6.92142e-06	1.53004e-06	1.14619e-06	8.47652e-07	6.94944e-07	5.61826e-07	4.63105e-07	3.04668e-07	2.29583e-07	1.81832e-07	1.56661e-07	1.02954e-07	1.01431e-07	6.85424e-08	5.62707e-08	2.49706e-08	6.12915e-09
6.56452e-06	1.37482e-06	1.06107e-06	7.84677e-07	6.51338e-07	5.36386e-07	4.40194e-07	2.92341e-07	2.16739e-07	1.77068e-07	1.5254e-07	1.00945e-07	1.01279e-07	6.88859e-08	5.61075e-08	2.33937e-08	3.47167e-09
6.10077e-06	1.22739e-06	9.64629e-07	7.23682e-07	5.98582e-07	4.88397e-07	4.12554e-07	2.68119e-07	2.01277e-07	1.62487e-07	1.42151e-07	8.96357e-08	9.70464e-08	6.38386e-08	5.24622e-08	2.20584e-08	3.6586e-09
5.67965e-06	1.09936e-06	8.88233e-07	6.67544e-07	5.51063e-07	4.4891e-07	3.87712e-07	2.53125e-07	1.94611e-07	1.58624e-07	1.37899e-07	8.94135e-08	9.7786e-08	6.50438e-08	5.3827e-08	2.1846e-08	4.01934e-09
5.29348e-06	1.01705e-06	8.27467e-07	6.29149e-07	5.16558e-07	4.22513e-07	3.6623e-07	2.42102e-07	1.89611e-07	1.51783e-07	1.33703e-07	8.97049e-08	9.6368e-08	6.64975e-08	5.50007e-08	2.23661e-08	3.52517e-09
5.02968e-06	9.28921e-07	7.70524e-07	5.83338e-07	4.79583e-07	3.91745e-07	3.42351e-07	2.28154e-07	1.77558e-07	1.41625e-07	1.26576e-07	8.40455e-08	8.5955e-08	6.02767e-08	4.8646e-08	1.79602e-08	-1.01485e-09
4.80015e-06	8.30752e-07	7.0924e-07	5.42863e-07	4.56269e-07	3.72907e-07	3.22753e-07	2.13834e-07	1.69809e-07	1.39471e-07	1.24943e-07	8.24409e-08	8.7061e-08	6.27587e-08	4.95927e-08	2.17786e-08	-1.25517e-09
4.53e-06	7.43471e-07	6.4796e-07	4.9526e-07	4.13489e-07	3.39302e-07	2.99858e-07	1.96683e-07	1.59082e-07	1.3406e-07	1.1598e-07	7.9381e-08	8.33333e-08	6.17155e-08	5.06863e-08	2.09502e-08	4.32623e-09
4.30778e-06	6.60208e-07	5.90987e-07	4.54707e-07	3.79023e-07	3.14354e-07	2.80411e-07	1.87422e-07	1.52263e-07	1.26572e-07	1.1354e-07	7.44826e-08	8.11323e-08	6.21044e-08	5.15423e-08	2.30071e-08	8.49246e-09
4.1586e-06	6.10792e-07	5.60063e-07	4.2836e-07	3.59724e-07	2.97231e-07	2.68281e-07	1.77425e-07	1.4308e-07	1.22316e-07	1.12675e-07	7.29222e-08	8.3685e-08	6.39355e-08	5.49621e-08	2.84024e-08	1.0736e-08
4.03009e-06	5.57704e-07	5.19391e-07	3.99696e-07	3.34219e-07	2.74044e-07	2.51128e-07	1.65848e-07	1.38511e-07	1.16076e-07	1.07222e-07	7.21802e-08	8.38519e-08	6.09893e-08	5.06263e-08	2.73363e-08	9.92228e-09
3.92688e-06	5.33316e-07	4.97102e-07	3.84467e-07	3.17755e-07	2.56169e-07	2.4124e-07	1.60386e-07	1.39248e-07	1.10298e-07	1.04489e-07	6.92501e-08	7.93184e-08	5.96758e-08	5.01683e-08	2.42495e-08	7.41107e-09
3.86006e-06	5.00628e-07	4.70089e-07	3.66961e-07	3.02091e-07	2.47743e-07	2.38316e-07	1.56554e-07	1.3193e-07	1.1186e-07	1.05277e-07	6.9891e-08	8.50069e-08	6.18524e-08	5.0195e-08	2.39024e-08	3.4852e-09
3.83699e-06	4.69595e-07	4.45066e-07	3.45533e-07	2.85125e-07	2.37001e-07	2.29924e-07	1.55521e-07	1.28068e-07	1.04807e-07	1.08052e-07	7.04233e-08	8.18934e-08	6.28388e-08	5.49873e-08	3.03111e-08	1.15503e-08
3.78195e-06	4.49124e-07	4.28961e-07	3.35221e-07	2.76359e-07	2.28301e-07	2.2129e-07	1.44563e-07	1.18564e-07	1.0465e-07	1.03955e-07	6.59118e-08	7.86508e-08	5.77529e-08	5.06623e-08	2.33682e-08	6.16921e-09
3.76029e-06	4.19001e-07	4.06142e-07	3.14688e-07	2.6396e-07	2.19469e-07	2.08145e-07	1.35091e-07	1.12018e-07	9.98798e-08	9.46855e-08	6.17572e-08	7.19989e-08	5.33048e-08	4.71892e-08	2.04567e-08	4.37976e-09
3.73886e-06	3.96582e-07	3.92442e-07	3.01429e-07	2.52664e-07	2.09307e-07	2.00547e-07	1.34357e-07	1.10976e-07	9.65683e-08	9.43117e-08	6.36934e-08	7.34143e-08	5.31847e-08	4.67753e-08	1.92816e-08	3.03111e-09
3.70973e-06	3.74933e-07	3.7472e-07	2.87109e-07	2.41961e-07	1.98617e-07	1.93275e-07	1.28231e-07	1.05731e-07	9.32192e-08	9.03349e-08	5.98894e-08	7.66611e-08	5.25718e-08	4.65495e-08	2.12184e-08	4.56682e-09
3.6912e-06	3.67266e-07	3.69909e-07	2.83107e-07	2.34104e-07	1.92712e-07	1.91911e-07	1.29249e-07	1.07645e-07	9.31583e-08	9.06348e-08	5.65466e-08	7.37576e-08	5.2354e-08	4.5985e-08	1.95476e-08	3.68521e-09
3.67487e-06	3.58743e-07	3.67649e-07	2.83368e-07	2.35085e-07	1.90381e-07	1.88405e-07	1.21255e-07	1.02761e-07	8.89815e-08	8.72456e-08	5.65882e-08	6.82983e-08	5.08198e-08	4.62399e-08	1.83998e-08	4.76686e-09
3.69979e-06	3.59291e-07	3.70654e-07	2.86479e-07	2.30612e-07	1.86909e-07	1.85587e-07	1.16207e-07	9.92095e-08	8.7299e-08	8.65246e-08	5.51995e-08	6.9193e-08	5.07397e-08	4.31955e-08	1.8026e-08	1.34861e-09
3.74666e-06	3.53713e-07	3.66758e-07	2.81625e-07	2.33276e-07	1.89762e-07	1.92339e-07	1.19796e-07	1.04414e-07	9.18899e-08	8.93663e-08	6.0165e-08	7.14209e-08	5.78685e-08	4.41691e-08	2.19377e-08	2.55027e-09
3.76762e-06	3.49294e-07	3.60696e-07	2.72852e-07	2.24691e-07	1.82017e-07	1.79601e-07	1.12679e-07	9.80052e-08	8.57879e-08	7.95658e-08	5.33821e-08	6.45446e-08	5.06583e-08	4.19259e-08	1.7438e-08	1.2017e-10
3.74694e-06	3.44986e-07	3.52263e-07	2.69115e-07	2.22847e-07	1.80932e-07	1.79463e-07	1.12432e-07	9.4779e-08	8.44706e-08	8.20136e-08	5.39591e-08	6.83803e-08	5.24903e-08	4.57738e-08	2.16584e-08	4.90052e-09
3.71902e-06	3.30422e-07	3.41051e-07	2.55929e-07	2.1284e-07	1.72849e-07	1.76027e-07	1.11694e-07	9.18656e-08	8.05426e-08	8.05827e-08	5.07798e-08	6.99541e-08	5.14741e-08	4.40635e-08	1.99888e-08	4.40635e-09
3.71626e-06	3.23657e-07	3.31468e-07	2.48104e-07	2.06041e-07	1.66075e-07	1.66061e-07	1.03915e-07	9.07622e-08	8.04535e-08	7.51789e-08	5.35867e-08	6.29073e-08	5.02884e-08	4.28774e-08	1.88281e-08	1.28191e-09
3.70625e-06	3.24659e-07	3.27877e-07	2.43584e-07	2.031e-07	1.66088e-07	1.66702e-07	1.06364e-07	8.92995e-08	8.14618e-08	8.15953e-08	5.52114e-08	6.57329e-08	5.04713e-08	4.42225e-08	1.72377e-08	2.81732e-09
3.69271e-06	3.16945e-07	3.19362e-07	2.37602e-07	1.97997e-07	1.59768e-07	1.63146e-07	9.91855e-08	8.69008e-08	8.08386e-08	7.96502e-08	5.53211e-08	6.72987e-08	5.02871e-08	4.6575e-08	2.38216e-08	4.7937e-09
3.68671e-06	3.16563e-07	3.1922e-07	2.34391e-07	1.95081e-07	1.57173e-07	1.58468e-07	9.57646e-08	8.34001e-08	7.56289e-08	7.49746e-08	5.01122e-08	6.92864e-08	5.07798e-08	4.31555e-08	2.09502e-08	4.71345e-09
3.70267e-06	3.06209e-07	3.15716e-07	2.33596e-07	1.96635e-07	1.59554e-07	1.6372e-07	1.00267e-07	8.81293e-08	8.11724e-08	8.21739e-08	5.59354e-08	7.08105e-08	5.34918e-08	4.55869e-08	2.16584e-08	6.08893e-09
3.7088e-06	2.96435e-07	3.06289e-07	2.23688e-07	1.86433e-07	1.48738e-07	1.57698e-07	9.61811e-08	8.42436e-08	7.49366e-08	7.84217e-08	5.08613e-08	6.62171e-08	4.73094e-08	3.98985e-08	1.7292e-08	-7.61116e-10
3.69698e-06	2.83809e-07	3.0086e-07	2.23308e-07	1.8548e-07	1.42365e-07	1.48227e-07	9.26267e-08	8.35336e-08	7.06083e-08	7.35593e-08	4.95246e-08	6.19559e-08	4.79758e-08	3.8669e-08	1.69978e-08	1.60231e-09
3.69977e-06	2.72659e-07	2.85451e-07	2.07953e-07	1.72422e-07	1.33178e-07	1.42579e-07	9.25733e-08	7.82594e-08	6.77509e-08	7.57357e-08	4.9084e-08	6.18758e-08	4.81894e-08	4.19003e-08	1.86936e-08	3.00433e-09
3.66302e-06	2.63399e-07	2.78287e-07	2.01365e-07	1.66128e-07	1.31172e-07	1.43149e-07	9.0114e-08	7.36508e-08	6.45179e-08	7.8511e-08	4.59583e-08	6.26619e-08	4.59316e-08	4.18592e-08	1.85996e-08	2.123e-09
3.62853e-06	2.62498e-07	2.7294e-07	1.94427e-07	1.60698e-07	1.29386e-07	1.36356e-07	8.43214e-08	7.79923e-08	6.81515e-08	7.26379e-08	4.95647e-08	6.00999e-08	4.72948e-08	3.9617e-08	1.97484e-08	3.9123e-09
3.61119e-06	2.54746e-07	2.57363e-07	1.82849e-07	1.49857e-07	1.19923e-07	1.29469e-07	8.17912e-08	7.4034e-08	6.8106e-08	7.40474e-08	4.68237e-08	6.50351e-08	4.4327e-08	4.07354e-08	1.713e-08	3.67166e-09
3.59699e-06	2.54934e-07	2.59834e-07	1.82858e-07	1.48396e-07	1.15657e-07	1.26686e-07	8.14217e-08	7.53198e-08	6.90175e-08	7.21286e-08	4.91628e-08	6.37434e-08	4.96435e-08	4.17256e-08	1.74513e-08	3.52498e-09
3.57639e-06	2.46655e-07	2.50794e-07	1.76636e-07	1.44524e-07	1.13961e-07	1.26272e-07	8.11013e-08	7.24758e-08	6.47715e-08	6.92312e-08	4.76941e-08	6.34897e-08	4.9777e-08	4.246e-08	1.73712e-08	6.91644e-09
3.54945e-06	2.45801e-07	2.44772e-07	1.71719e-07	1.36066e-07	1.07865e-07	1.23848e-07	7.7073e-08	6.62171e-08	6.58966e-08	7.27868e-08	4.11403e-08	6.32528e-08	4.82975e-08	3.98718e-08	1.69048e-08	5.82187e-09
3.08876e-06	2.65091e-07	2.60352e-07	1.92394e-07	1.46688e-07	1.11942e-07	1.15266e-07	6.32325e-08	5.55837e-08	4.39437e-08	5.56238e-08	3.43327e-08	5.36348e-08	3.71893e-08	3.96722e-08	1.82743e-08	3.56409e-09
3.07879e-06	2.74976e-07	2.76271e-07	2.11008e-07	1.61603e-07	1.26375e-07	1.28698e-07	6.38082e-08	5.52915e-08	5.42637e-08	5.75742e-08	3.50812e-08	5.34761e-08	4.1235e-08	3.91526e-08	2.00235e-08	6.11384e-09
3.09431e-06	2.91462e-07	2.92036e-07	2.27267e-07	1.74298e-07	1.3313e-07	1.29779e-07	6.43021e-08	5.56119e-08	5.59723e-08	5.76143e-08	3.59889e-08	5.2595e-08	3.99802e-08	3.9246e-08	1.63525e-08	3.25716e-09
3.11317e-06	3.14841e-07	3.03935e-07	2.31973e-07	1.7735e-07	1.35062e-07	1.32712e-07	6.87588e-08	5.71188e-08	5.07248e-08	5.72924e-08	3.46397e-08	5.32344e-08	3.85375e-08	4.05665e-08	1.69528e-08	4.29826e-09
3.14683e-06	3.44893e-07	3.22561e-07	2.48051e-07	1.88211e-07	1.4846e-07	1.40838e-07	7.88884e-08	6.40584e-08	5.56757e-08	6.14555e-08	3.71483e-08	5.45144e-08	4.04053e-08	3.93507e-08	2.06765e-08	4.60516e-09
3.17731e-06	3.58869e-07	3.33974e-07	2.53951e-07	1.97154e-07	1.5735e-07	1.47018e-07	8.20919e-08	6.61674e-08	5.68503e-08	6.42052e-08	3.63474e-08	5.43809e-08	4.06455e-08	3.61205e-08	1.77532e-08	3.37712e-09
3.19395e-06	3.69747e-07	3.45787e-07	2.63802e-07	2.03334e-07	1.61341e-07	1.49754e-07	8.49351e-08	6.83165e-08	5.56223e-08	6.09483e-08	3.50526e-08	5.42341e-08	3.99247e-08	3.74419e-08	1.58711e-08	-7.34156e-10
3.19238e-06	3.62717e-07	3.42815e-07	2.63248e-07	2.11017e-07	1.66275e-07	1.54676e-07	8.21298e-08	6.50578e-08	6.14405e-08	5.95451e-08	3.10606e-08	5.13228e-08	3.48114e-08	3.36768e-08	1.1546e-08	-1.42823e-09
3.19549e-06	3.93617e-07	3.69164e-07	2.85405e-07	2.23738e-07	1.77447e-07	1.66382e-07	9.06591e-08	7.29865e-08	6.66195e-08	6.90755e-08	3.62663e-08	5.0869e-08	4.00972e-08	4.06845e-08	1.83e-08	7.80854e-09
3.23711e-06	4.42589e-07	4.00675e-07	3.03967e-07	2.40977e-07	1.99036e-07	1.8159e-07	1.04584e-07	8.66304e-08	6.79695e-08	7.36558e-08	4.04853e-08	5.58359e-08	4.47034e-08	4.01383e-08	1.76865e-08	3.83096e-09
3.29818e-06	5.09357e-07	4.5471e-07	3.46659e-07	2.73499e-07	2.22924e-07	1.9839e-07	1.17221e-07	9.24878e-08	7.39609e-08	7.35604e-08	3.98569e-08	6.1881e-08	4.69447e-08	4.26466e-08	2.32654e-08	8.82298e-09
3.36671e-06	5.91834e-07	5.17192e-07	4.03241e-07	3.21618e-07	2.63261e-07	2.30492e-07	1.41194e-07	1.09506e-07	8.97782e-08	8.24501e-08	5.11226e-08	6.56851e-08	4.67711e-08	4.18191e-08	1.7646e-08	1.49497e-09
3.39188e-06	6.35665e-07	5.57608e-07	4.41618e-07	3.6276e-07	3.00414e-07	2.60545e-07	1.5921e-07	1.24359e-07	1.02042e-07	9.44074e-08	6.20796e-08	6.79391e-08	5.11612e-08	4.54218e-08	2.10358e-08	2.7229e-09
3.38201e-06	6.55593e-07	5.81273e-07	4.67512e-07	3.84183e-07	3.2213e-07	2.80059e-07	1.79859e-07	1.3441e-07	1.15296e-07	1.02496e-07	6.56567e-08	7.55206e-08	5.48719e-08	4.47277e-08	2.35718e-08	8.82274e-09
3.38938e-06	6.727e-07	5.98876e-07	4.88214e-07	4.05101e-07	3.45052e-07	3.03315e-07	1.97205e-07	1.47847e-07	1.29041e-07	1.16134e-07	6.81375e-08	8.48215e-08	5.9008e-08	4.78765e-08	2.33176e-08	6.33993e-09
3.42209e-06	6.85148e-07	6.23312e-07	5.05739e-07	4.24724e-07	3.6214e-07	3.10328e-07	2.07237e-07	1.64367e-07	1.39194e-07	1.17185e-07	8.31776e-08	8.30442e-08	6.00876e-08	5.22663e-08	2.28765e-08	8.58203e-09
3.45335e-06	7.05926e-07	6.34997e-07	5.20008e-07	4.3465e-07	3.69087e-07	3.24052e-07	2.17258e-07	1.73785e-07	1.45021e-07	1.21663e-07	8.15136e-08	8.68526e-08	6.01575e-08	5.05206e-08	2.31046e-08	9.75707e-09
3.51164e-06	7.52696e-07	6.73789e-07	5.49477e-07	4.61801e-07	3.90743e-07	3.45403e-07	2.39122e-07	1.95345e-07	1.59722e-07	1.39995e-07	9.57237e-08	9.77791e-08	6.98708e-08	5.99541e-08	2.80818e-08	1.00368e-08
3.60678e-06	8.02341e-07	7.02531e-07	5.74824e-07	4.84811e-07	4.18982e-07	3.71253e-07	2.56493e-07	2.04026e-07	1.68268e-07	1.5061e-07	1.03695e-07	1.08046e-07	7.32629e-08	5.98489e-08	2.66544e-08	6.82043e-09
3.71871e-06	8.76765e-07	7.57401e-07	6.2481e-07	5.2859e-07	4.59518e-07	3.98067e-07	2.78009e-07	2.23779e-07	1.84045e-07	1.63864e-07	1.15093e-07	1.154e-07	8.37538e-08	6.53613e-08	3.3288e-08	9.94367e-09
3.86042e-06	9.70611e-07	8.28244e-07	6.84382e-07	5.80466e-07	5.00414e-07	4.29877e-07	2.99709e-07	2.44601e-07	2.06497e-07	1.77041e-07	1.24056e-07	1.19878e-07	8.75531e-08	6.65056e-08	3.04167e-08	8.51507e-09
4.0424e-06	1.10647e-06	9.26125e-07	7.62906e-07	6.41597e-07	5.54135e-07	4.75388e-07	3.36061e-07	2.71769e-07	2.26803e-07	1.97894e-07	1.40235e-07	1.38741e-07	1.01169e-07	7.86931e-08	3.85591e-08	1.1545e-08
4.27727e-06	1.26266e-06	1.0456e-06	8.53509e-07	7.16947e-07	6.16195e-07	5.22903e-07	3.72754e-07	2.99189e-07	2.49273e-07	2.11088e-07	1.51162e-07	1.44783e-07	1.04904e-07	8.0773e-08	4.18947e-08	1.28794e-08
4.60577e-06	1.45891e-06	1.19707e-06	9.69583e-07	8.14016e-07	6.97795e-07	5.87006e-07	4.18907e-07	3.33716e-07	2.79195e-07	2.37701e-07	1.73905e-07	1.62507e-07	1.16422e-07	8.88076e-08	4.95689e-08	1.67499e-08
4.92972e-06	1.6945e-06	1.36181e-06	1.10102e-06	9.20573e-07	7.87705e-07	6.49578e-07	4.61935e-07	3.62741e-07	3.00651e-07	2.54885e-07	1.79222e-07	1.70012e-07	1.20429e-07	8.88901e-08	4.53927e-08	1.54557e-08
5.29886e-06	1.95389e-06	1.53252e-06	1.24223e-06	1.03341e-06	8.83782e-07	7.21252e-07	5.05645e-07	3.95179e-07	3.2686e-07	2.70273e-07	1.944e-07	1.78985e-07	1.25694e-07	9.28758e-08	4.91539e-08	1.92718e-08
5.73541e-06	2.21304e-06	1.72448e-06	1.38735e-06	1.15169e-06	9.80074e-07	7.96965e-07	5.54813e-07	4.34551e-07	3.56676e-07	2.95283e-07	2.11857e-07	1.94093e-07	1.36478e-07	1.0067e-07	5.42521e-08	1.67361e-08
6.1699e-06	2.43928e-06	1.88476e-06	1.4981e-06	1.23958e-06	1.05148e-06	8.45145e-07	5.88605e-07	4.6135e-07	3.72851e-07	3.03972e-07	2.18917e-07	1.94146e-07	1.38573e-07	1.01204e-07	4.96877e-08	1.7737e-08
6.53337e-06	2.64199e-06	2.0157e-06	1.59301e-06	1.3127e-06	1.10993e-06	8.94512e-07	6.29725e-07	4.86894e-07	3.97635e-07	3.24525e-07	2.31129e-07	2.08053e-07	1.48569e-07	1.10119e-07	5.65877e-08	2.42233e-08
6.77745e-06	2.77471e-06	2.10248e-06	1.65059e-06	1.36538e-06	1.14947e-06	9.23862e-07	6.50687e-07	5.05552e-07	4.08875e-07	3.36247e-07	2.44668e-07	2.12692e-07	1.51942e-07	1.06486e-07	5.57053e-08	2.16335e-08
6.90417e-06	2.85258e-06	2.13561e-06	1.68199e-06	1.38229e-06	1.17413e-06	9.36259e-07	6.58592e-07	5.14881e-07	4.22686e-07	3.43303e-07	2.50227e-07	2.18063e-07	1.55349e-07	1.09892e-07	5.83227e-08	2.20879e-08
6.96805e-06	2.86257e-06	2.13618e-06	1.68439e-06	1.3844e-06	1.17757e-06	9.53542e-07	6.72339e-07	5.22128e-07	4.26289e-07	3.51911e-07	2.55739e-07	2.21599e-07	1.58672e-07	1.13015e-07	5.99242e-08	2.30888e-08
7.00456e-06	2.86365e-06	2.14164e-06	1.68826e-06	1.39442e-06	1.18293e-06	9.54558e-07	6.79768e-07	5.3219e-07	4.27866e-07	3.53757e-07	2.56132e-07	2.24062e-07	1.59856e-07	1.16749e-07	6.38863e-08	2.86e-08
7.04592e-06	2.87704e-06	2.16438e-06	1.71161e-06	1.42476e-06	1.21381e-06	9.7211e-07	6.81795e-07	5.34509e-07	4.35785e-07	3.48818e-07	2.52135e-07	2.19454e-07	1.55933e-07	1.11775e-07	5.76358e-08	2.36468e-08
7.10104e-06	2.9348e-06	2.22013e-06	1.75896e-06	1.46206e-06	1.24303e-06	9.96717e-07	7.01364e-07	5.43972e-07	4.36344e-07	3.49334e-07	2.55785e-07	2.16684e-07	1.55617e-07	1.10284e-07	5.60226e-08	2.02311e-08
7.18944e-06	3.0239e-06	2.3154e-06	1.83526e-06	1.52258e-06	1.29002e-06	1.02568e-06	7.13209e-07	5.47547e-07	4.38614e-07	3.51166e-07	2.55712e-07	2.13369e-07	1.50048e-07	1.08893e-07	5.82364e-08	2.00171e-08
7.31793e-06	3.13878e-06	2.41144e-06	1.91509e-06	1.58084e-06	1.33252e-06	1.04557e-06	7.2313e-07	5.4971e-07	4.38025e-07	3.46999e-07	2.47818e-07	2.11306e-07	1.45488e-07	1.06641e-07	5.34604e-08	2.17258e-08
7.51005e-06	3.2781e-06	2.50564e-06	1.98584e-06	1.63691e-06	1.38039e-06	1.07946e-06	7.39838e-07	5.57851e-07	4.40521e-07	3.51069e-07	2.48939e-07	2.11546e-07	1.49518e-07	1.08455e-07	5.56223e-08	2.15523e-08
7.80487e-06	3.43093e-06	2.6167e-06	2.06151e-06	1.69502e-06	1.42045e-06	1.10291e-06	7.42447e-07	5.49482e-07	4.34891e-07	3.47176e-07	2.43261e-07	2.09112e-07	1.46085e-07	1.04996e-07	5.38593e-08	2.14717e-08
8.14192e-06	3.58631e-06	2.71545e-06	2.12708e-06	1.74512e-06	1.45915e-06	1.12145e-06	7.54337e-07	5.61439e-07	4.4143e-07	3.45802e-07	2.44929e-07	2.07631e-07	1.47179e-07	1.03515e-07	5.46066e-08	1.97769e-08
8.34064e-06	3.6523e-06	2.7529e-06	2.14809e-06	1.7558e-06	1.45631e-06	1.11577e-06	7.44635e-07	5.50697e-07	4.30207e-07	3.36834e-07	2.36722e-07	2.01439e-07	1.38825e-07	9.78835e-08	5.17108e-08	1.92031e-08
8.40469e-06	3.65213e-06	2.74587e-06	2.13639e-06	1.74296e-06	1.45033e-06	1.10894e-06	7.39878e-07	5.56807e-07	4.38256e-07	3.35611e-07	2.43201e-07	2.04249e-07	1.46001e-07	1.04219e-07	5.51523e-08	2.06037e-08
8.33841e-06	3.58128e-06	2.67823e-06	2.0832e-06	1.70239e-06	1.41733e-06	1.0947e-06	7.3418e-07	5.44237e-07	4.34706e-07	3.41883e-07	2.41319e-07	2.10841e-07	1.46855e-07	1.06368e-07	5.59396e-08	2.18314e-08
8.24169e-06	3.49361e-06	2.60629e-06	2.02259e-06	1.65178e-06	1.37451e-06	1.06607e-06	7.20155e-07	5.3615e-07	4.21615e-07	3.36438e-07	2.35595e-07	2.06664e-07	1.43452e-07	1.05954e-07	5.5299e-08	2.50874e-08
8.19861e-06	3.43135e-06	2.55953e-06	1.9886e-06	1.61709e-06	1.34557e-06	1.04508e-06	7.06125e-07	5.30731e-07	4.20977e-07	3.34908e-07	2.3711e-07	2.02429e-07	1.42314e-07	1.04217e-07	5.47772e-08	2.11769e-08
8.24355e-06	3.40822e-06	2.53357e-06	1.95887e-06	1.60042e-06	1.33346e-06	1.03392e-06	7.00806e-07	5.25087e-07	4.20307e-07	3.34757e-07	2.36195e-07	2.03942e-07	1.41824e-07	1.03833e-07	5.3671e-08	1.86287e-08
8.3667e-06	3.45789e-06	2.5544e-06	1.97096e-06	1.60379e-06	1.33573e-06	1.03508e-06	6.96896e-07	5.25181e-07	4.21015e-07	3.31154e-07	2.35475e-07	2.02341e-07	1.42117e-07	1.03405e-07	4.96544e-08	1.60399e-08
8.59611e-06	3.5453e-06	2.60533e-06	1.9964e-06	1.62228e-06	1.34665e-06	1.04937e-06	7.15321e-07	5.39536e-07	4.33951e-07	3.45031e-07	2.44436e-07	2.09957e-07	1.50059e-07	1.09642e-07	5.73762e-08	2.57392e-08
8.80928e-06	3.63795e-06	2.66205e-06	2.03002e-06	1.65e-06	1.37029e-06	1.06604e-06	7.29631e-07	5.50546e-07	4.35243e-07	3.45454e-07	2.4507e-07	2.04438e-07	1.44458e-07	1.02933e-07	5.09994e-08	1.67063e-08
9.10693e-06	3.75895e-06	2.73572e-06	2.09061e-06	1.70447e-06	1.41958e-06	1.10685e-06	7.61135e-07	5.69917e-07	4.54447e-07	3.61994e-07	2.52995e-07	2.11726e-07	1.47279e-07	1.02567e-07	5.18507e-08	1.76394e-08
9.57438e-06	3.91289e-06	2.85826e-06	2.18214e-06	1.78645e-06	1.48903e-06	1.1641e-06	8.01075e-07	6.0602e-07	4.74649e-07	3.71698e-07	2.59673e-07	2.1188e-07	1.47275e-07	9.86417e-08	4.80333e-08	1.57576e-08
1.01344e-05	4.14516e-06	3.01968e-06	2.31324e-06	1.90404e-06	1.5926e-06	1.24209e-06	8.49278e-07	6.3475e-07	4.98319e-07	3.83223e-07	2.66325e-07	2.11792e-07	1.44024e-07	9.36808e-08	4.171e-08	1.36632e-08
1.07508e-05	4.42172e-06	3.23193e-06	2.48167e-06	2.04581e-06	1.70806e-06	1.32862e-06	9.0672e-07	6.69602e-07	5.17413e-07	3.99154e-07	2.65311e-07	2.17743e-07	1.39634e-07	9.36941e-08	3.99354e-08	1.36365e-08
1.12322e-05	4.72914e-06	3.49282e-06	2.68986e-06	2.21311e-06	1.83996e-06	1.41032e-06	9.52019e-07	7.06816e-07	5.35812e-07	4.0285e-07	2.7756e-07	2.16329e-07	1.41048e-07	9.11189e-08	3.63328e-08	7.16516e-09
1.165e-05	5.04338e-06	3.75368e-06	2.88165e-06	2.35958e-06	1.95173e-06	1.47933e-06	9.78771e-07	7.05922e-07	5.35706e-07	3.9814e-07	2.64817e-07	2.12353e-07	1.3427e-07	8.58885e-08	3.7467e-08	1.08211e-08
1.20435e-05	5.43606e-06	4.02027e-06	3.07852e-06	2.49309e-06	2.04691e-06	1.52671e-06	9.97158e-07	7.12793e-07	5.34812e-07	3.93457e-07	2.62002e-07	2.04187e-07	1.31201e-07	8.67425e-08	3.82275e-08	1.12748e-08
1.25197e-05	5.8059e-06	4.25107e-06	3.21889e-06	2.58314e-06	2.10091e-06	1.54629e-06	9.93756e-07	7.04254e-07	5.19281e-07	3.81275e-07	2.49606e-07	1.92232e-07	1.22502e-07	8.16588e-08	3.29837e-08	1.07544e-08
1.2847e-05	6.0148e-06	4.3545e-06	3.2666e-06	2.59917e-06	2.10284e-06	1.53934e-06	9.77036e-07	6.81616e-07	5.05618e-07	3.71891e-07	2.35322e-07	1.8327e-07	1.15927e-07	7.57766e-08	3.02893e-08	5.71093e-09
1.30266e-05	6.05022e-06	4.29941e-06	3.19292e-06	2.52482e-06	2.03409e-06	1.48305e-06	9.37287e-07	6.53928e-07	4.79531e-07	3.54024e-07	2.21445e-07	1.77573e-07	1.08174e-07	7.43222e-08	2.9969e-08	5.55081e-09
1.30271e-05	5.89881e-06	4.10116e-06	3.00067e-06	2.35267e-06	1.88261e-06	1.36529e-06	8.59743e-07	6.02444e-07	4.33834e-07	3.19301e-07	2.01086e-07	1.53987e-07	9.38918e-08	6.55655e-08	2.84597e-08	6.76469e-09
1.24199e-05	5.37543e-06	3.68447e-06	2.67533e-06	2.09639e-06	1.67826e-06	1.22235e-06	7.67679e-07	5.36145e-07	3.90164e-07	2.84491e-07	1.77216e-07	1.437e-07	8.71271e-08	6.02818e-08	2.57912e-08	5.23029e-09
1.07762e-05	4.47021e-06	3.12421e-06	2.29697e-06	1.80309e-06	1.44265e-06	1.05941e-06	6.57536e-07	4.63655e-07	3.34405e-07	2.43315e-07	1.51171e-07	1.27488e-07	8.03891e-08	5.86407e-08	2.67919e-08	8.9929e-09
9.83107e-06	3.98208e-06	2.80277e-06	2.05783e-06	1.61657e-06	1.28948e-06	9.39732e-07	5.81617e-07	4.04227e-07	2.86092e-07	2.09519e-07	1.28396e-07	1.08449e-07	6.93281e-08	5.19293e-08	2.32161e-08	5.80402e-09
9.20357e-06	3.71019e-06	2.59457e-06	1.89377e-06	1.48111e-06	1.17718e-06	8.44959e-07	5.05617e-07	3.40169e-07	2.48746e-07	1.80125e-07	1.07194e-07	9.48925e-08	5.80936e-08	4.31899e-08	1.71986e-08	4.54982e-09
8.11466e-06	3.21794e-06	2.29269e-06	1.67381e-06	1.28933e-06	1.0176e-06	7.44363e-07	4.32792e-07	2.90983e-07	2.06509e-07	1.53377e-07	9.30003e-08	8.37937e-08	5.33851e-08	3.93884e-08	1.50642e-08	7.59213e-09
7.01452e-06	2.65037e-06	1.92926e-06	1.4108e-06	1.08135e-06	8.54139e-07	6.31731e-07	3.55993e-07	2.47745e-07	1.75295e-07	1.37068e-07	7.97086e-08	7.4585e-08	4.96611e-08	3.86401e-08	1.57442e-08	4.10952e-09
6.33604e-06	2.2053e-06	1.59271e-06	1.17016e-06	9.11517e-07	7.19901e-07	5.23709e-07	3.06449e-07	2.10161e-07	1.5686e-07	1.24026e-07	7.7036e-08	7.16992e-08	5.38611e-08	4.68433e-08	2.23476e-08	7.805e-09
5.8198e-06	1.80249e-06	1.28745e-06	9.39932e-07	7.34082e-07	5.83311e-07	4.34395e-07	2.53562e-07	1.74107e-07	1.32879e-07	1.08502e-07	6.7807e-08	7.44916e-08	4.99146e-08	4.48711e-08	2.00806e-08	5.4838e-09
5.04088e-06	1.36563e-06	9.96344e-07	7.33983e-07	5.76691e-07	4.57959e-07	3.52515e-07	2.09887e-07	1.44656e-07	1.11448e-07	9.47031e-08	5.81721e-08	6.40961e-08	4.63909e-08	4.1521e-08	1.59306e-08	3.0954e-09
4.1505e-06	9.58787e-07	7.4952e-07	5.62934e-07	4.45538e-07	3.56228e-07	2.88531e-07	1.69255e-07	1.24253e-07	9.94236e-08	8.63353e-08	5.25003e-08	6.45613e-08	4.59094e-08	4.12664e-08	1.82517e-08	1.89455e-09
3.66994e-06	7.4934e-07	6.05278e-07	4.53158e-07	3.56218e-07	2.82533e-07	2.34197e-07	1.34362e-07	1.09907e-07	8.24906e-08	7.37252e-08	4.5081e-08	5.78488e-08	4.15722e-08	3.77298e-08	1.73173e-08	3.98911e-09
3.35464e-06	6.76428e-07	5.27897e-07	3.97684e-07	3.08429e-07	2.49019e-07	2.09195e-07	1.19633e-07	9.08824e-08	7.8288e-08	7.09902e-08	4.23593e-08	5.78488e-08	4.39203e-08	3.90506e-08	2.05059e-08	5.89695e-09
3.13378e-06	6.01769e-07	4.65886e-07	3.56045e-07	2.75836e-07	2.24097e-07	1.92465e-07	1.08306e-07	8.02225e-08	7.56464e-08	6.8522e-08	3.7463e-08	5.49404e-08	3.61955e-08	3.60221e-08	1.43288e-08	2.49486e-09
2.94034e-06	5.31603e-07	4.2691e-07	3.27833e-07	2.46818e-07	1.99408e-07	1.76169e-07	1.06227e-07	8.18281e-08	6.60601e-08	6.78877e-08	4.02337e-08	5.72023e-08	3.88864e-08	3.96067e-08	1.7022e-08	4.38889e-09
2.76829e-06	4.65288e-07	3.79602e-07	2.91849e-07	2.21105e-07	1.78388e-07	1.61019e-07	8.91275e-08	7.32124e-08	6.34072e-08	5.63767e-08	3.36179e-08	4.48372e-08	3.5579e-08	3.37247e-08	1.41942e-08	1.50747e-09
2.63038e-06	4.13111e-07	3.40004e-07	2.67403e-07	2.03981e-07	1.65493e-07	1.53126e-07	8.49943e-08	6.74778e-08	5.80592e-08	5.66851e-08	2.99101e-08	5.07751e-08	3.57e-08	3.57267e-08	1.61824e-08	4.80269e-09
2.53446e-06	3.60729e-07	3.05408e-07	2.39108e-07	1.846e-07	1.51543e-07	1.45901e-07	8.48163e-08	6.49929e-08	5.31736e-08	5.8563e-08	3.22964e-08	5.12793e-08	3.4871e-08	3.47376e-08	1.39404e-08	3.3617e-09
2.42199e-06	3.23542e-07	2.87618e-07	2.30564e-07	1.78792e-07	1.47524e-07	1.43789e-07	8.15191e-08	6.56448e-08	5.82146e-08	5.7641e-08	3.58572e-08	5.75743e-08	4.24737e-08	4.20202e-08	1.69281e-08	5.46929e-09
2.31557e-06	2.89198e-07	2.63693e-07	2.14751e-07	1.62127e-07	1.3174e-07	1.30072e-07	7.18059e-08	6.03474e-08	5.38911e-08	5.40245e-08	3.34418e-08	5.49849e-08	4.14588e-08	4.25526e-08	1.99957e-08	8.41715e-09
2.24973e-06	2.53888e-07	2.29385e-07	1.9069e-07	1.39629e-07	1.14699e-07	1.17274e-07	6.57596e-08	5.24343e-08	4.84594e-08	5.47552e-08	2.74243e-08	4.92464e-08	3.34801e-08	3.6548e-08	1.36054e-08	4.28171e-09
2.21436e-06	2.30553e-07	2.132e-07	1.74852e-07	1.31863e-07	1.05413e-07	1.11802e-07	6.39439e-08	4.70842e-08	4.23625e-08	5.41669e-08	2.51827e-08	4.85781e-08	3.32658e-08	3.57867e-08	1.31116e-08	4.2816e-09
2.45693e-06	3.67296e-07	2.96597e-07	2.30605e-07	1.77428e-07	1.43878e-07	1.34411e-07	7.02056e-08	5.38976e-08	5.27509e-08	5.00307e-08	2.67221e-08	4.45769e-08	3.14025e-08	2.84823e-08	1.02008e-08	-1.73347e-10
2.55438e-06	4.16498e-07	3.31809e-07	2.46773e-07	1.8614e-07	1.52683e-07	1.34134e-07	7.54614e-08	5.91396e-08	4.54582e-08	4.63249e-08	2.88164e-08	3.7844e-08	2.98832e-08	2.54427e-08	1.02411e-08	-5.3339e-10
2.66876e-06	4.63664e-07	3.58415e-07	2.66741e-07	1.98216e-07	1.58799e-07	1.42745e-07	7.96197e-08	6.2125e-08	4.76171e-08	4.93906e-08	2.41086e-08	3.97498e-08	3.01757e-08	2.61488e-08	6.77388e-09	-1.46678e-10
2.81499e-06	5.01013e-07	3.88735e-07	2.8039e-07	2.1581e-07	1.70338e-07	1.49816e-07	8.21154e-08	6.9034e-08	5.44591e-08	4.91386e-08	3.12833e-08	4.13244e-08	3.00965e-08	2.56294e-08	8.10753e-09	1.81353e-09
2.9864e-06	5.21789e-07	3.96762e-07	2.90018e-07	2.22037e-07	1.80926e-07	1.54376e-07	8.53158e-08	6.43669e-08	5.09388e-08	5.06587e-08	2.69495e-08	3.99243e-08	2.59361e-08	2.68695e-08	7.84084e-09	-5.3339e-11
3.31916e-06	5.45641e-07	4.20678e-07	3.09568e-07	2.45167e-07	1.96272e-07	1.67698e-07	9.25758e-08	6.57351e-08	6.00816e-08	6.0695e-08	2.96675e-08	4.8468e-08	3.21209e-08	3.32676e-08	1.24003e-08	3.93344e-09
3.66565e-06	5.87765e-07	4.4321e-07	3.15283e-07	2.5312e-07	2.00117e-07	1.67809e-07	9.17649e-08	6.51901e-08	5.68697e-08	5.20961e-08	2.52413e-08	3.93754e-08	2.60947e-08	2.65881e-08	1.04939e-08	-1.85343e-09
3.88345e-06	6.96512e-07	5.04867e-07	3.6169e-07	2.91928e-07	2.22993e-07	1.87098e-07	9.93226e-08	7.26953e-08	5.06013e-08	5.0348e-08	2.5854e-08	3.93477e-08	2.4974e-08	2.54407e-08	7.82688e-09	-4.40012e-10
4.00316e-06	8.19991e-07	5.89318e-07	4.21282e-07	3.29791e-07	2.57113e-07	2.02888e-07	1.08677e-07	7.48913e-08	5.46252e-08	5.03453e-08	2.74526e-08	3.23858e-08	2.45993e-08	2.34794e-08	7.30647e-09	-6.93315e-10
4.04979e-06	9.01013e-07	6.68107e-07	4.7672e-07	3.75867e-07	2.87427e-07	2.16933e-07	1.16427e-07	8.06667e-08	6.268e-08	4.93733e-08	2.91867e-08	3.752e-08	2.812e-08	2.80133e-08	1.076e-08	8.53333e-10
4.00681e-06	9.34842e-07	7.20687e-07	5.19306e-07	4.02896e-07	3.11098e-07	2.35994e-07	1.2509e-07	8.49044e-08	6.3185e-08	5.59585e-08	3.17458e-08	4.33722e-08	2.84526e-08	2.62526e-08	6.61316e-09	-2.06661e-09
3.92875e-06	9.62188e-07	7.59166e-07	5.42746e-07	4.22429e-07	3.21085e-07	2.43007e-07	1.26077e-07	8.65844e-08	6.36516e-08	5.41319e-08	2.71059e-08	4.13589e-08	2.59593e-08	2.31994e-08	4.38655e-09	-2.14661e-09
3.96992e-06	1.02117e-06	7.92931e-07	5.65463e-07	4.3555e-07	3.34356e-07	2.52707e-07	1.36699e-07	9.4315e-08	6.93563e-08	6.43566e-08	3.75847e-08	4.54242e-08	3.32116e-08	3.0505e-08	8.97285e-09	-3.57314e-09
4.05336e-06	1.08567e-06	7.9343e-07	5.65675e-07	4.31952e-07	3.35213e-07	2.53353e-07	1.33536e-07	8.75663e-08	6.84745e-08	6.79812e-08	3.22241e-08	4.63696e-08	2.94243e-08	3.02376e-08	1.08658e-08	1.79986e-09
4.02224e-06	1.09534e-06	7.57613e-07	5.41771e-07	4.11898e-07	3.22703e-07	2.4888e-07	1.33953e-07	8.69954e-08	7.02896e-08	6.14367e-08	3.1665e-08	4.24911e-08	2.85051e-08	2.63319e-08	8.14623e-09	2.87985e-09
3.82781e-06	1.02675e-06	7.06416e-07	5.11053e-07	3.93459e-07	3.10863e-07	2.43334e-07	1.36739e-07	9.73548e-08	7.58093e-08	6.65031e-08	3.51981e-08	4.72775e-08	2.93984e-08	2.77985e-08	8.22623e-09	5.5997e-10
3.50719e-06	9.47123e-07	6.58672e-07	4.87041e-07	3.75113e-07	3.00424e-07	2.36827e-07	1.35219e-07	9.72348e-08	7.38094e-08	6.39833e-08	3.41715e-08	4.49176e-08	2.86518e-08	2.88385e-08	8.10623e-09	3.39982e-09
3.39043e-06	9.60321e-07	6.68649e-07	4.97627e-07	3.8147e-07	3.08458e-07	2.46553e-07	1.45769e-07	1.12104e-07	8.09712e-08	6.94781e-08	3.5959e-08	4.71187e-08	2.98525e-08	2.83326e-08	6.90648e-09	4.37322e-09
3.32462e-06	1.01373e-06	7.00499e-07	5.2889e-07	4.0157e-07	3.23765e-07	2.62532e-07	1.5961e-07	1.16694e-07	9.11103e-08	7.62585e-08	4.51152e-08	5.6194e-08	3.96224e-08	3.58362e-08	1.43585e-08	3.10634e-09
3.15455e-06	9.90227e-07	7.00509e-07	5.33692e-07	4.03765e-07	3.30022e-07	2.69172e-07	1.53312e-07	1.15807e-07	9.15818e-08	7.70226e-08	4.31177e-08	5.89302e-08	3.68914e-08	3.65314e-08	1.26927e-08	1.55992e-09
3.05888e-06	9.49351e-07	6.80466e-07	5.21972e-07	4.02768e-07	3.29694e-07	2.75325e-07	1.59467e-07	1.14644e-07	9.51391e-08	8.07669e-08	4.31832e-08	5.95952e-08	3.48105e-08	3.49039e-08	1.04392e-08	-7.73271e-10
3.07284e-06	9.29263e-07	6.68951e-07	5.11958e-07	4.00307e-07	3.30623e-07	2.70977e-07	1.62138e-07	1.12972e-07	9.37208e-08	8.08692e-08	4.43274e-08	5.74323e-08	3.50087e-08	3.19824e-08	1.11718e-08	7.06572e-10
3.17763e-06	9.26155e-07	6.71048e-07	5.12825e-07	3.99131e-07	3.27952e-07	2.62652e-07	1.56943e-07	1.14974e-07	9.75763e-08	7.97782e-08	4.56885e-08	5.76472e-08	3.54496e-08	3.32231e-08	1.38519e-08	1.39985e-09
3.379e-06	9.3912e-07	6.74747e-07	5.08707e-07	4.0324e-07	3.30973e-07	2.5956e-07	1.58e-07	1.13907e-07	8.328e-08	7.73733e-08	4.27733e-08	5.26267e-08	3.26267e-08	2.86e-08	1.128e-08	-8.4e-10
3.63559e-06	9.86361e-07	7.00245e-07	5.23477e-07	4.1013e-07	3.32511e-07	2.56373e-07	1.56543e-07	1.208e-07	9.12436e-08	7.40721e-08	4.7115e-08	5.00613e-08	3.35698e-08	2.99835e-08	9.77229e-09	3.99957e-10
3.94182e-06	1.02037e-06	7.18562e-07	5.25639e-07	4.12458e-07	3.31036e-07	2.61533e-07	1.58925e-07	1.2034e-07	8.98219e-08	7.24495e-08	4.63575e-08	4.75841e-08	3.51181e-08	2.77585e-08	8.65287e-09	3.86646e-10
4.29822e-06	1.02896e-06	7.27701e-07	5.24253e-07	4.17656e-07	3.32538e-07	2.64246e-07	1.55183e-07	1.14877e-07	8.97976e-08	7.03848e-08	4.22522e-08	4.67321e-08	3.29591e-08	2.51327e-08	6.66649e-09	-2.25327e-09
4.5926e-06	1.03492e-06	7.45047e-07	5.22613e-07	4.18242e-07	3.32631e-07	2.65006e-07	1.54703e-07	1.1205e-07	8.5651e-08	7.34114e-08	4.14922e-08	4.69454e-08	3.15725e-08	2.59326e-08	6.94648e-09	-4.03989e-09
4.82115e-06	1.0388e-06	7.5442e-07	5.33572e-07	4.35575e-07	3.44777e-07	2.75006e-07	1.59342e-07	1.1569e-07	8.89976e-08	7.5238e-08	4.26389e-08	5.1292e-08	3.58524e-08	2.95592e-08	1.05864e-08	-9.99973e-10
4.87299e-06	1.07077e-06	7.77726e-07	5.47732e-07	4.47641e-07	3.53377e-07	2.77899e-07	1.57929e-07	1.13744e-07	8.9131e-08	6.91582e-08	3.84256e-08	4.62388e-08	3.07992e-08	2.47327e-08	6.81315e-09	-3.51991e-09
4.84412e-06	1.14184e-06	8.09178e-07	5.72945e-07	4.59001e-07	3.6011e-07	2.83499e-07	1.64262e-07	1.1437e-07	8.62644e-08	7.20247e-08	4.08922e-08	5.30919e-08	3.16125e-08	2.54793e-08	1.00131e-08	-1.86662e-09
4.84118e-06	1.22304e-06	8.45448e-07	5.98208e-07	4.68935e-07	3.70594e-07	2.87771e-07	1.63725e-07	1.20434e-07	9.15951e-08	7.77959e-08	4.03845e-08	5.41571e-08	3.22649e-08	2.63319e-08	9.25284e-09	-4.26644e-10
4.79528e-06	1.29292e-06	8.71394e-07	6.12767e-07	4.78108e-07	3.78766e-07	2.88638e-07	1.63685e-07	1.18447e-07	8.93286e-08	7.42227e-08	4.64909e-08	4.68108e-08	3.55581e-08	2.63986e-08	8.10623e-09	-1.73324e-09
4.73192e-06	1.33265e-06	8.91846e-07	6.2938e-07	4.87321e-07	3.85606e-07	2.94051e-07	1.72644e-07	1.25713e-07	9.32884e-08	7.81558e-08	4.90907e-08	5.19306e-08	3.55314e-08	3.10783e-08	1.00128e-08	-1.39993e-09
4.73987e-06	1.34216e-06	9.00259e-07	6.39913e-07	4.94547e-07	3.86353e-07	2.97904e-07	1.73204e-07	1.20247e-07	9.31817e-08	7.99024e-08	4.63842e-08	5.44504e-08	3.66914e-08	3.1145e-08	1.2106e-08	-5.33305e-10
4.813e-06	1.35558e-06	9.07869e-07	6.37703e-07	4.9676e-07	3.92616e-07	3.02565e-07	1.78075e-07	1.23703e-07	9.23442e-08	8.12778e-08	4.39722e-08	5.22519e-08	3.45857e-08	2.93859e-08	9.51975e-09	-1.87995e-09
4.88491e-06	1.38889e-06	9.21004e-07	6.53872e-07	5.0524e-07	4.02872e-07	3.13943e-07	1.8587e-07	1.2994e-07	9.93414e-08	8.38222e-08	4.82374e-08	5.45971e-08	3.99979e-08	3.32516e-08	1.22527e-08	-3.19983e-10
4.93962e-06	1.42985e-06	9.48567e-07	6.73883e-07	5.2165e-07	4.16504e-07	3.20024e-07	1.93148e-07	1.33116e-07	1.0176e-07	8.92948e-08	4.59405e-08	5.90988e-08	3.64751e-08	2.93428e-08	1.07719e-08	-4.79936e-10
4.89172e-06	1.44793e-06	9.66057e-07	6.8822e-07	5.37023e-07	4.24648e-07	3.24419e-07	1.95686e-07	1.34439e-07	1.03696e-07	8.55642e-08	4.65417e-08	5.35943e-08	3.34098e-08	2.58639e-08	1.01589e-08	2.18643e-09
4.76141e-06	1.43884e-06	9.78468e-07	7.07663e-07	5.52356e-07	4.45951e-07	3.41586e-07	2.09237e-07	1.42749e-07	1.14977e-07	8.91662e-08	5.12492e-08	5.77954e-08	3.68237e-08	2.88244e-08	7.73271e-09	-7.99936e-11
4.54622e-06	1.41959e-06	9.90227e-07	7.26668e-07	5.66863e-07	4.59815e-07	3.50608e-07	2.15962e-07	1.53512e-07	1.19207e-07	9.3835e-08	5.6037e-08	5.97301e-08	3.88646e-08	3.2065e-08	9.41283e-09	-3.78646e-09
4.41984e-06	1.41518e-06	9.99547e-07	7.36655e-07	5.75312e-07	4.60498e-07	3.52282e-07	2.11284e-07	1.55637e-07	1.21267e-07	8.81106e-08	5.60474e-08	5.87004e-08	4.18489e-08	3.24232e-08	1.49184e-08	3.37297e-09
4.40934e-06	1.4297e-06	1.01607e-06	7.5356e-07	5.87942e-07	4.71788e-07	3.57474e-07	2.10682e-07	1.59911e-07	1.24487e-07	9.09152e-08	5.65703e-08	5.37438e-08	3.7678e-08	2.99051e-08	1.29993e-08	7.19962e-10
4.45963e-06	1.45157e-06	1.02645e-06	7.54846e-07	5.89695e-07	4.77363e-07	3.61792e-07	2.23557e-07	1.64151e-07	1.20397e-07	9.67071e-08	6.2645e-08	5.7619e-08	4.13012e-08	3.05826e-08	1.05053e-08	-1.57312e-09
4.55773e-06	1.47812e-06	1.03668e-06	7.56193e-07	5.86904e-07	4.68921e-07	3.61604e-07	2.20367e-07	1.57969e-07	1.23517e-07	9.48241e-08	5.58652e-08	5.72651e-08	3.44124e-08	2.44393e-08	3.6799e-09	-3.38658e-09
4.78579e-06	1.52899e-06	1.04804e-06	7.63673e-07	5.96597e-07	4.82307e-07	3.66857e-07	2.23381e-07	1.54503e-07	1.3013e-07	9.67708e-08	5.86118e-08	5.99984e-08	3.91856e-08	3.00659e-08	7.22647e-09	-6.39983e-10
4.89921e-06	1.56741e-06	1.06219e-06	7.72264e-07	5.97256e-07	4.78882e-07	3.65721e-07	2.20163e-07	1.53037e-07	1.21507e-07	8.80839e-08	5.11012e-08	5.14745e-08	3.48629e-08	2.31709e-08	3.89292e-09	-8.97238e-09
4.88433e-06	1.58086e-06	1.08696e-06	7.90105e-07	6.13101e-07	4.84587e-07	3.69487e-07	2.25401e-07	1.64538e-07	1.28433e-07	9.62082e-08	6.04234e-08	5.91568e-08	4.04912e-08	2.87585e-08	8.51955e-09	-3.74647e-09
4.83224e-06	1.57494e-06	1.11055e-06	8.10002e-07	6.38976e-07	5.0264e-07	3.81369e-07	2.30408e-07	1.67427e-07	1.24817e-07	9.88454e-08	5.91419e-08	6.07018e-08	3.95568e-08	2.97043e-08	9.49257e-09	-3.3864e-09
4.82511e-06	1.60851e-06	1.14793e-06	8.46216e-07	6.65436e-07	5.32237e-07	3.99904e-07	2.40841e-07	1.65702e-07	1.2272e-07	9.90028e-08	5.49408e-08	5.9287e-08	3.59028e-08	2.58639e-08	6.87927e-09	-4.70616e-09
4.85028e-06	1.68785e-06	1.20533e-06	8.89782e-07	6.96571e-07	5.57009e-07	4.1682e-07	2.4926e-07	1.75599e-07	1.32816e-07	1.02805e-07	6.19684e-08	6.2395e-08	4.11434e-08	3.12775e-08	1.17591e-08	-4.45298e-09
4.9574e-06	1.7821e-06	1.25351e-06	9.22591e-07	7.13402e-07	5.68423e-07	4.21591e-07	2.49453e-07	1.75337e-07	1.29686e-07	1.00915e-07	6.02635e-08	5.79836e-08	3.90113e-08	3.11317e-08	1.01328e-08	-1.35993e-09
5.30767e-06	1.91504e-06	1.32786e-06	9.63977e-07	7.46094e-07	5.91444e-07	4.36447e-07	2.55533e-07	1.77168e-07	1.31133e-07	1.01016e-07	5.72739e-08	6.28333e-08	3.98358e-08	2.97435e-08	9.6923e-09	-6.93259e-10
5.95763e-06	2.14456e-06	1.44115e-06	1.01985e-06	7.79484e-07	6.16084e-07	4.47351e-07	2.57913e-07	1.83319e-07	1.37896e-07	1.07858e-07	6.53548e-08	6.86745e-08	4.45564e-08	3.63704e-08	1.22257e-08	7.0661e-10
6.99444e-06	2.37881e-06	1.52348e-06	1.04454e-06	7.90838e-07	6.12367e-07	4.46856e-07	2.5648e-07	1.78111e-07	1.3262e-07	1.03234e-07	6.30766e-08	6.71164e-08	4.25844e-08	3.44915e-08	1.23593e-08	6.66631e-10
7.98704e-06	2.4623e-06	1.49275e-06	9.82308e-07	7.40594e-07	5.67755e-07	4.16447e-07	2.37248e-07	1.64254e-07	1.2119e-07	9.83255e-08	5.55956e-08	6.11151e-08	4.05434e-08	3.07042e-08	1.03325e-08	-3.3464e-09
8.85824e-06	2.47158e-06	1.36838e-06	8.60784e-07	6.46655e-07	4.91894e-07	3.75183e-07	2.15236e-07	1.50215e-07	1.18937e-07	1.01405e-07	5.55022e-08	6.2595e-08	4.48897e-08	3.45306e-08	1.20124e-08	1.26657e-09
9.08759e-06	2.81313e-06	1.53965e-06	9.65245e-07	7.05026e-07	5.33102e-07	3.98654e-07	2.2869e-07	1.66231e-07	1.2697e-07	9.92268e-08	6.21917e-08	6.50313e-08	4.64738e-08	3.62618e-08	1.34649e-08	8.26556e-10
7.89438e-06	2.90085e-06	1.72754e-06	1.14148e-06	8.34511e-07	6.35439e-07	4.61124e-07	2.62772e-07	1.81674e-07	1.37119e-07	1.09268e-07	6.238e-08	6.88993e-08	4.33954e-08	3.67294e-08	1.36919e-08	-5.73272e-10
6.54448e-06	2.56278e-06	1.69366e-06	1.17718e-06	8.84092e-07	6.83714e-07	4.96107e-07	2.8585e-07	1.97512e-07	1.48557e-07	1.19814e-07	6.42865e-08	7.05391e-08	4.60484e-08	3.74227e-08	1.2812e-08	3.4663e-10
5.32415e-06	2.1529e-06	1.51367e-06	1.1096e-06	8.53349e-07	6.77994e-07	4.99027e-07	3.00648e-07	2.09178e-07	1.53624e-07	1.24707e-07	6.95926e-08	7.45121e-08	4.52218e-08	3.7916e-08	1.40785e-08	9.33234e-11
4.48871e-06	1.7943e-06	1.31659e-06	9.99027e-07	7.8273e-07	6.34039e-07	4.78429e-07	2.91542e-07	2.01578e-07	1.51117e-07	1.17761e-07	6.82461e-08	6.84727e-08	4.55018e-08	3.78626e-08	1.16254e-08	3.62628e-09
3.93949e-06	1.52696e-06	1.14709e-06	8.92012e-07	7.08591e-07	5.80978e-07	4.45113e-07	2.75611e-07	1.9178e-07	1.47984e-07	1.13001e-07	6.09935e-08	6.73262e-08	4.57285e-08	3.7076e-08	1.38519e-08	1.26653e-09
3.7075e-06	1.34126e-06	1.03104e-06	8.02394e-07	6.44211e-07	5.27344e-07	4.12596e-07	2.59052e-07	1.8514e-07	1.34919e-07	1.05362e-07	5.75139e-08	6.13135e-08	4.12089e-08	2.82103e-08	6.31933e-09	-4.3862e-09
3.51408e-06	1.22546e-06	9.40111e-07	7.40567e-07	5.92833e-07	4.90427e-07	3.88169e-07	2.43621e-07	1.78879e-07	1.31843e-07	1.04952e-07	6.75413e-08	6.53548e-08	4.5303e-08	3.44506e-08	1.2039e-08	-3.22641e-09
3.5042e-06	1.17483e-06	8.91195e-07	6.97931e-07	5.57555e-07	4.59897e-07	3.63758e-07	2.29995e-07	1.6864e-07	1.28243e-07	9.91521e-08	6.40615e-08	6.14218e-08	4.225e-08	3.31174e-08	1.15591e-08	4.133e-10
3.60649e-06	1.17827e-06	8.78096e-07	6.76283e-07	5.38288e-07	4.47834e-07	3.4646e-07	2.22224e-07	1.62085e-07	1.22824e-07	9.82402e-08	5.91788e-08	6.36715e-08	3.80883e-08	2.79963e-08	7.53233e-09	-4.65271e-09
3.82489e-06	1.1834e-06	8.78276e-07	6.63894e-07	5.32024e-07	4.36298e-07	3.43573e-07	2.14903e-07	1.54068e-07	1.19177e-07	9.44724e-08	5.88353e-08	5.96752e-08	4.00235e-08	2.73845e-08	9.1726e-09	-2.49313e-09
4.03213e-06	1.20193e-06	8.7981e-07	6.60001e-07	5.26651e-07	4.26059e-07	3.34453e-07	2.04184e-07	1.44642e-07	1.11151e-07	9.02194e-08	5.12226e-08	5.38357e-08	3.36906e-08	2.43714e-08	5.02626e-09	-7.4794e-09
4.17561e-06	1.20263e-06	8.84532e-07	6.56837e-07	5.24704e-07	4.27048e-07	3.33138e-07	2.06858e-07	1.47531e-07	1.15201e-07	9.10969e-08	5.69806e-08	5.9167e-08	3.94225e-08	3.13967e-08	8.50576e-09	-2.10644e-09
4.2469e-06	1.20125e-06	8.83442e-07	6.50887e-07	5.2585e-07	4.23823e-07	3.31556e-07	2.04613e-07	1.51446e-07	1.17731e-07	9.16411e-08	6.09919e-08	6.33249e-08	4.31276e-08	3.17024e-08	1.16651e-08	-2.93294e-10
4.32683e-06	1.1985e-06	8.71494e-07	6.33692e-07	5.13905e-07	4.10423e-07	3.20512e-07	1.94726e-07	1.46758e-07	1.10028e-07	8.75773e-08	5.53541e-08	5.6714e-08	3.87425e-08	2.85969e-08	1.2212e-08	-5.5994e-10
4.32065e-06	1.19015e-06	8.62668e-07	6.31346e-07	5.09306e-07	4.12489e-07	3.25872e-07	1.93873e-07	1.35866e-07	1.12721e-07	8.84839e-08	4.99413e-08	5.74205e-08	3.68094e-08	2.8397e-08	1.40918e-08	4.79949e-10
4.30066e-06	1.20089e-06	8.83132e-07	6.47704e-07	5.16798e-07	4.16169e-07	3.25325e-07	1.9034e-07	1.33186e-07	1.10162e-07	8.28978e-08	5.11812e-08	5.21011e-08	3.85426e-08	2.84503e-08	1.15054e-08	6.66596e-11
4.32914e-06	1.2251e-06	9.10772e-07	6.66858e-07	5.31929e-07	4.26077e-07	3.30823e-07	1.99093e-07	1.42154e-07	1.08666e-07	8.56952e-08	5.33929e-08	5.38328e-08	3.85949e-08	2.9996e-08	1.37715e-08	2.82629e-09
4.35777e-06	1.27372e-06	9.40103e-07	6.87663e-07	5.46899e-07	4.36623e-07	3.35226e-07	2.02034e-07	1.41151e-07	1.0661e-07	8.47064e-08	5.11118e-08	5.26716e-08	3.76873e-08	2.97952e-08	1.09049e-08	1.93302e-09
4.34534e-06	1.33496e-06	9.70111e-07	7.14806e-07	5.67936e-07	4.56554e-07	3.49744e-07	2.13686e-07	1.49603e-07	1.12822e-07	8.97456e-08	5.54578e-08	5.98971e-08	4.08735e-08	3.60476e-08	1.15448e-08	9.59846e-10
4.37083e-06	1.38624e-06	9.96827e-07	7.33957e-07	5.78181e-07	4.64022e-07	3.51116e-07	2.13069e-07	1.49724e-07	1.12293e-07	8.91386e-08	5.4307e-08	5.68797e-08	3.8764e-08	3.20456e-08	1.5183e-08	1.61295e-09
4.44966e-06	1.40903e-06	1.01366e-06	7.46068e-07	5.88941e-07	4.69513e-07	3.53671e-07	2.13208e-07	1.50528e-07	1.11456e-07	8.77946e-08	5.24155e-08	5.51616e-08	3.64456e-08	2.95804e-08	1.55833e-08	4.33241e-09
4.53643e-06	1.4308e-06	1.03604e-06	7.58671e-07	6.00496e-07	4.80978e-07	3.6242e-07	2.12629e-07	1.49377e-07	1.11293e-07	8.4833e-08	5.1521e-08	5.07212e-08	3.79909e-08	3.03527e-08	1.14373e-08	1.2397e-09
4.72666e-06	1.48212e-06	1.07328e-06	7.84793e-07	6.19348e-07	4.93815e-07	3.72521e-07	2.19353e-07	1.51808e-07	1.14176e-07	8.55551e-08	5.24688e-08	5.29354e-08	3.86451e-08	2.98336e-08	1.2664e-08	2.70609e-09
5.22144e-06	1.62041e-06	1.15388e-06	8.3136e-07	6.60988e-07	5.26607e-07	3.92506e-07	2.31931e-07	1.54523e-07	1.21597e-07	8.7539e-08	5.05745e-08	5.47602e-08	3.97105e-08	3.11659e-08	1.31169e-08	2.02618e-09
5.75762e-06	1.81572e-06	1.25576e-06	9.01096e-07	7.09019e-07	5.60676e-07	4.11226e-07	2.3825e-07	1.62032e-07	1.20458e-07	8.49617e-08	5.04519e-08	5.47839e-08	3.60028e-08	3.16574e-08	1.36627e-08	-1.73283e-10
6.07013e-06	1.9674e-06	1.35741e-06	9.7494e-07	7.63703e-07	6.00493e-07	4.35017e-07	2.52466e-07	1.66489e-07	1.21608e-07	9.07091e-08	4.97467e-08	5.33591e-08	3.77099e-08	2.97521e-08	1.08504e-08	1.70621e-09
6.03959e-06	2.06923e-06	1.44768e-06	1.04571e-06	8.16107e-07	6.40919e-07	4.63197e-07	2.65162e-07	1.77948e-07	1.29175e-07	9.28394e-08	5.31044e-08	5.21714e-08	3.48298e-08	2.69388e-08	9.69049e-09	-3.57229e-09
6.12567e-06	2.17518e-06	1.52931e-06	1.10821e-06	8.62791e-07	6.7825e-07	4.87271e-07	2.77018e-07	1.82968e-07	1.32731e-07	9.96081e-08	5.86479e-08	5.94876e-08	3.41891e-08	2.87241e-08	1.00768e-08	-9.73022e-10
6.40465e-06	2.27418e-06	1.58264e-06	1.13555e-06	8.88162e-07	6.96966e-07	5.04158e-07	2.89279e-07	1.86837e-07	1.40934e-07	1.03855e-07	5.68854e-08	5.92712e-08	3.95586e-08	3.16149e-08	1.45146e-08	4.41169e-09
6.51857e-06	2.34585e-06	1.62652e-06	1.15971e-06	9.0849e-07	7.09809e-07	5.12368e-07	2.93083e-07	1.92816e-07	1.47194e-07	1.03359e-07	5.97494e-08	6.14554e-08	4.09703e-08	2.92683e-08	1.14488e-08	-1.3328e-11
6.56729e-06	2.38845e-06	1.63026e-06	1.1554e-06	8.93099e-07	6.97023e-07	5.01733e-07	2.87051e-07	1.94597e-07	1.40927e-07	1.00291e-07	6.07607e-08	6.41993e-08	3.93832e-08	3.33991e-08	1.29945e-08	2.35899e-09
6.47804e-06	2.35671e-06	1.57585e-06	1.10975e-06	8.53289e-07	6.66676e-07	4.80155e-07	2.75669e-07	1.84561e-07	1.36435e-07	1.01037e-07	5.6176e-08	5.78553e-08	3.79838e-08	2.90276e-08	1.03689e-08	2.23904e-09
6.10806e-06	2.22021e-06	1.46771e-06	1.04062e-06	7.97772e-07	6.23304e-07	4.53341e-07	2.63481e-07	1.78319e-07	1.29781e-07	1.01234e-07	5.71741e-08	5.69608e-08	4.00085e-08	3.35848e-08	1.38471e-08	5.31759e-09
5.63963e-06	1.98666e-06	1.3311e-06	9.51209e-07	7.32095e-07	5.74593e-07	4.23088e-07	2.5739e-07	1.76627e-07	1.31047e-07	1.00208e-07	6.45707e-08	6.63566e-08	4.51662e-08	3.70632e-08	1.66058e-08	7.02348e-09
5.12509e-06	1.74596e-06	1.19564e-06	8.62279e-07	6.70465e-07	5.33157e-07	3.97902e-07	2.40445e-07	1.71038e-07	1.27805e-07	9.80596e-08	6.13439e-08	6.16104e-08	4.17933e-08	3.66891e-08	1.74583e-08	9.40882e-09
4.67345e-06	1.55395e-06	1.08431e-06	7.90714e-07	6.21488e-07	5.0088e-07	3.83283e-07	2.33248e-07	1.64015e-07	1.24634e-07	9.56607e-08	5.7679e-08	6.07575e-08	4.05672e-08	3.19047e-08	1.35668e-08	4.53116e-09
4.33653e-06	1.43861e-06	1.01915e-06	7.51046e-07	5.90176e-07	4.8209e-07	3.77175e-07	2.29965e-07	1.64881e-07	1.25663e-07	1.00357e-07	6.10725e-08	6.82018e-08	4.2243e-08	3.73258e-08	1.80699e-08	9.15487e-09
4.13985e-06	1.3379e-06	9.60299e-07	7.10872e-07	5.66115e-07	4.61405e-07	3.60694e-07	2.19974e-07	1.57205e-07	1.20289e-07	9.49411e-08	5.61331e-08	6.56218e-08	3.66891e-08	2.85596e-08	1.25406e-08	1.39933e-09
3.93952e-06	1.23563e-06	9.1427e-07	6.81641e-07	5.48522e-07	4.50385e-07	3.53421e-07	2.1705e-07	1.58213e-07	1.22898e-07	9.65777e-08	5.56651e-08	5.88768e-08	4.06194e-08	3.0891e-08	1.32599e-08	3.91801e-09
3.7253e-06	1.15124e-06	8.72591e-07	6.61936e-07	5.38498e-07	4.42526e-07	3.46886e-07	2.16745e-07	1.56952e-07	1.26702e-07	1.00077e-07	6.18054e-08	6.29381e-08	4.20431e-08	3.59532e-08	1.52581e-08	5.09048e-09
3.50201e-06	1.09408e-06	8.38113e-07	6.47948e-07	5.19536e-07	4.27385e-07	3.44856e-07	2.20389e-07	1.60794e-07	1.24334e-07	1.03731e-07	5.97281e-08	6.87233e-08	4.51359e-08	4.10048e-08	1.61247e-08	6.79638e-09
3.45504e-06	1.07513e-06	8.22939e-07	6.36524e-07	5.115e-07	4.22363e-07	3.44047e-07	2.12081e-07	1.54913e-07	1.22145e-07	9.99174e-08	5.97799e-08	6.66827e-08	4.56944e-08	4.32558e-08	2.06018e-08	1.06074e-08
3.54769e-06	1.14065e-06	8.50674e-07	6.5323e-07	5.22507e-07	4.29135e-07	3.45038e-07	2.18605e-07	1.57041e-07	1.20263e-07	1.0206e-07	6.19237e-08	6.89995e-08	4.63861e-08	4.07628e-08	2.1534e-08	1.23394e-08
3.753e-06	1.23816e-06	9.00221e-07	6.79077e-07	5.38723e-07	4.4065e-07	3.51718e-07	2.19439e-07	1.65045e-07	1.26029e-07	1.00125e-07	6.65325e-08	6.4707e-08	5.02492e-08	4.22674e-08	2.39586e-08	1.21925e-08
4.03622e-06	1.35328e-06	9.78012e-07	7.30218e-07	5.72453e-07	4.64686e-07	3.67488e-07	2.27699e-07	1.65307e-07	1.29821e-07	1.04235e-07	6.10858e-08	6.80819e-08	4.94123e-08	4.16433e-08	1.87762e-08	6.87615e-09
4.26225e-06	1.47732e-06	1.04896e-06	7.84427e-07	6.11271e-07	4.93111e-07	3.85384e-07	2.32363e-07	1.66467e-07	1.30194e-07	1.0678e-07	5.99131e-08	6.98276e-08	4.76133e-08	4.26561e-08	1.61776e-08	5.51691e-09
4.54838e-06	1.60872e-06	1.13849e-06	8.42026e-07	6.52257e-07	5.24093e-07	4.09067e-07	2.46242e-07	1.79428e-07	1.37426e-07	1.15239e-07	6.22168e-08	7.63952e-08	5.34753e-08	4.84516e-08	2.66244e-08	1.68301e-08
4.96653e-06	1.81914e-06	1.26351e-06	9.2859e-07	7.16401e-07	5.69238e-07	4.40663e-07	2.62266e-07	1.91083e-07	1.45244e-07	1.17115e-07	6.72521e-08	8.10436e-08	5.71783e-08	5.18215e-08	2.93287e-08	1.55771e-08
5.56226e-06	2.10929e-06	1.42064e-06	1.02685e-06	7.84562e-07	6.22138e-07	4.68949e-07	2.79378e-07	1.9157e-07	1.43341e-07	1.16874e-07	6.73925e-08	7.66811e-08	5.22002e-08	4.56968e-08	2.31083e-08	9.4752e-09
5.85836e-06	2.33153e-06	1.56478e-06	1.12342e-06	8.60345e-07	6.78833e-07	4.93417e-07	2.92783e-07	1.99675e-07	1.51022e-07	1.19826e-07	6.99875e-08	7.30657e-08	5.10647e-08	3.99376e-08	1.86162e-08	6.91613e-09
5.81374e-06	2.41004e-06	1.64418e-06	1.18187e-06	9.03124e-07	7.10663e-07	5.06783e-07	3.03768e-07	2.11156e-07	1.54816e-07	1.15426e-07	7.56623e-08	6.91594e-08	5.02905e-08	3.72182e-08	1.8669e-08	6.38292e-09
5.64171e-06	2.35996e-06	1.63702e-06	1.18488e-06	9.12209e-07	7.25367e-07	5.26972e-07	3.19928e-07	2.19637e-07	1.56312e-07	1.21252e-07	7.97287e-08	7.64105e-08	5.34767e-08	4.06972e-08	2.30671e-08	9.26148e-09
5.52173e-06	2.25658e-06	1.57645e-06	1.15695e-06	9.00616e-07	7.1504e-07	5.20415e-07	3.19115e-07	2.17625e-07	1.57752e-07	1.22425e-07	7.87026e-08	7.10269e-08	5.01053e-08	3.62464e-08	1.41921e-08	2.79843e-09
5.47524e-06	2.14834e-06	1.50648e-06	1.11288e-06	8.77022e-07	7.03417e-07	5.16778e-07	3.13428e-07	2.16837e-07	1.65623e-07	1.20899e-07	8.33711e-08	7.09907e-08	4.98414e-08	3.56619e-08	1.94168e-08	6.54335e-09
5.39482e-06	2.05149e-06	1.45057e-06	1.0748e-06	8.52909e-07	6.89187e-07	5.08302e-07	3.17156e-07	2.26566e-07	1.67813e-07	1.21785e-07	8.82306e-08	7.18131e-08	5.03851e-08	3.84585e-08	1.96956e-08	7.70235e-09
5.31571e-06	1.94654e-06	1.38958e-06	1.03074e-06	8.26932e-07	6.70709e-07	5.0649e-07	3.11141e-07	2.20269e-07	1.70802e-07	1.27159e-07	7.96242e-08	7.65858e-08	4.94403e-08	3.94057e-08	1.98294e-08	8.70203e-09
5.2787e-06	1.89627e-06	1.35325e-06	1.00494e-06	8.12407e-07	6.63646e-07	5.10648e-07	3.16165e-07	2.2412e-07	1.74227e-07	1.35488e-07	8.32489e-08	8.30357e-08	5.38779e-08	3.89126e-08	1.92964e-08	6.31663e-09
5.21383e-06	1.87839e-06	1.34088e-06	9.98228e-07	8.04741e-07	6.54056e-07	5.00493e-07	3.15788e-07	2.31518e-07	1.701e-07	1.33375e-07	8.81616e-08	7.68749e-08	5.6247e-08	4.07228e-08	1.9362e-08	1.50578e-09
5.25157e-06	1.92513e-06	1.34652e-06	9.98787e-07	7.97671e-07	6.49468e-07	4.94723e-07	3.16446e-07	2.31165e-07	1.68776e-07	1.33505e-07	9.21568e-08	7.8232e-08	5.65387e-08	3.92426e-08	1.99744e-08	6.48935e-09
5.29686e-06	1.95548e-06	1.34222e-06	9.85569e-07	7.79914e-07	6.34301e-07	4.87768e-07	3.04339e-07	2.21192e-07	1.70891e-07	1.32089e-07	8.64513e-08	7.74571e-08	5.66171e-08	4.15867e-08	2.15329e-08	9.76708e-09
5.10567e-06	1.9225e-06	1.31547e-06	9.6678e-07	7.62666e-07	6.18754e-07	4.71164e-07	3.01495e-07	2.14202e-07	1.65165e-07	1.28001e-07	8.42283e-08	7.73792e-08	5.34605e-08	4.05085e-08	1.92415e-08	8.02175e-09
4.79198e-06	1.87896e-06	1.29856e-06	9.57841e-07	7.5992e-07	6.18454e-07	4.68528e-07	2.95483e-07	2.07781e-07	1.66356e-07	1.26556e-07	7.90939e-08	7.75616e-08	5.01399e-08	3.73218e-08	1.91606e-08	7.68821e-09
4.66078e-06	1.87149e-06	1.31433e-06	9.72326e-07	7.68281e-07	6.21836e-07	4.6589e-07	2.97434e-07	2.10214e-07	1.56558e-07	1.17119e-07	7.54011e-08	7.06444e-08	4.58749e-08	3.35367e-08	1.60289e-08	6.80861e-09
4.49856e-06	1.85686e-06	1.32403e-06	9.89501e-07	7.82524e-07	6.33361e-07	4.73099e-07	3.01911e-07	2.11453e-07	1.55199e-07	1.21676e-07	7.77727e-08	7.27895e-08	4.93924e-08	3.75073e-08	1.86671e-08	1.04061e-08
4.37771e-06	1.79699e-06	1.30289e-06	9.78867e-07	7.77908e-07	6.33604e-07	4.74124e-07	2.99134e-07	2.07355e-07	1.56456e-07	1.18881e-07	7.81213e-08	6.98068e-08	4.96336e-08	3.78281e-08	2.11992e-08	1.01133e-08
4.29208e-06	1.72231e-06	1.26745e-06	9.60869e-07	7.63403e-07	6.19737e-07	4.5963e-07	2.87012e-07	2.03408e-07	1.5242e-07	1.15047e-07	7.73822e-08	6.8269e-08	4.84438e-08	3.54802e-08	2.13307e-08	8.8334e-09
4.15143e-06	1.58227e-06	1.2089e-06	9.25322e-07	7.42579e-07	6.0732e-07	4.56792e-07	2.80964e-07	2.0029e-07	1.53339e-07	1.13755e-07	7.50373e-08	6.68035e-08	5.07088e-08	3.71722e-08	1.81598e-08	5.50256e-09
4.17331e-06	1.46949e-06	1.13508e-06	8.75326e-07	7.08487e-07	5.81095e-07	4.48535e-07	2.79963e-07	2.01905e-07	1.49267e-07	1.14921e-07	7.26086e-08	7.081e-08	5.38902e-08	4.21929e-08	2.06102e-08	1.12976e-08
4.32963e-06	1.44956e-06	1.0757e-06	8.27396e-07	6.7696e-07	5.60776e-07	4.39583e-07	2.77477e-07	1.98263e-07	1.55658e-07	1.18009e-07	7.29797e-08	7.24601e-08	5.47014e-08	4.20053e-08	2.09827e-08	8.96592e-09
4.44852e-06	1.46467e-06	1.04907e-06	7.98076e-07	6.56892e-07	5.45978e-07	4.29428e-07	2.74748e-07	1.9349e-07	1.53028e-07	1.18961e-07	7.62477e-08	7.29436e-08	4.88023e-08	3.79173e-08	1.79328e-08	7.67407e-09
4.35292e-06	1.49003e-06	1.05406e-06	7.97775e-07	6.48188e-07	5.39448e-07	4.22515e-07	2.72915e-07	1.93872e-07	1.48961e-07	1.18718e-07	7.75113e-08	6.97842e-08	4.80016e-08	3.63176e-08	1.84786e-08	1.14042e-08
4.26592e-06	1.51687e-06	1.08601e-06	8.16703e-07	6.5592e-07	5.42177e-07	4.14313e-07	2.64827e-07	1.90651e-07	1.45116e-07	1.1305e-07	7.11127e-08	6.6783e-08	4.82522e-08	3.65155e-08	1.70654e-08	7.67345e-09
4.2453e-06	1.54496e-06	1.10583e-06	8.3435e-07	6.6553e-07	5.45216e-07	4.19586e-07	2.63116e-07	1.95025e-07	1.49077e-07	1.14332e-07	7.44318e-08	7.29397e-08	5.21302e-08	3.93541e-08	2.06496e-08	8.64619e-09
4.2394e-06	1.52751e-06	1.10687e-06	8.32649e-07	6.65872e-07	5.4299e-07	4.16938e-07	2.67065e-07	1.94328e-07	1.47234e-07	1.14302e-07	7.41234e-08	7.01535e-08	5.02638e-08	3.84339e-08	2.03826e-08	9.61846e-09
4.16299e-06	1.48084e-06	1.08617e-06	8.18821e-07	6.54255e-07	5.32745e-07	4.15832e-07	2.59126e-07	1.87214e-07	1.45876e-07	1.13117e-07	7.41101e-08	6.82617e-08	5.18224e-08	3.99259e-08	2.25541e-08	1.27358e-08
4.11958e-06	1.44842e-06	1.05522e-06	7.92105e-07	6.30625e-07	5.12057e-07	3.96379e-07	2.54456e-07	1.78519e-07	1.38672e-07	1.08737e-07	6.79438e-08	6.54925e-08	4.34308e-08	3.25464e-08	1.68661e-08	7.16741e-09
4.14347e-06	1.44116e-06	1.03001e-06	7.74079e-07	6.17683e-07	5.02598e-07	3.91669e-07	2.497e-07	1.82812e-07	1.40849e-07	1.0973e-07	6.96987e-08	6.45432e-08	4.82109e-08	3.71673e-08	2.18341e-08	1.1763e-08
4.10119e-06	1.42876e-06	1.0081e-06	7.55189e-07	6.04268e-07	4.94871e-07	3.85341e-07	2.45357e-07	1.78017e-07	1.42701e-07	1.09437e-07	6.96321e-08	6.46764e-08	4.83708e-08	3.49959e-08	2.01423e-08	5.18211e-09
4.00445e-06	1.41322e-06	9.92687e-07	7.47336e-07	6.03008e-07	4.9976e-07	3.83632e-07	2.41355e-07	1.8044e-07	1.46952e-07	1.10587e-07	7.84847e-08	7.02126e-08	5.11109e-08	3.97485e-08	2.28847e-08	6.54039e-09
3.93132e-06	1.40097e-06	9.70946e-07	7.26794e-07	5.82925e-07	4.81404e-07	3.69585e-07	2.358e-07	1.7628e-07	1.36689e-07	1.01801e-07	7.33468e-08	6.52608e-08	4.97016e-08	3.41157e-08	1.67848e-08	4.4493e-09
3.81197e-06	1.36176e-06	9.36003e-07	6.94056e-07	5.50449e-07	4.54973e-07	3.49732e-07	2.29811e-07	1.65921e-07	1.24024e-07	9.83401e-08	6.61285e-08	5.94011e-08	4.34418e-08	3.4423e-08	1.80375e-08	9.16527e-09
3.58992e-06	1.29988e-06	8.94205e-07	6.69202e-07	5.28493e-07	4.35141e-07	3.31131e-07	2.16638e-07	1.63248e-07	1.2511e-07	9.64833e-08	6.783e-08	6.26882e-08	4.84082e-08	3.67257e-08	2.23658e-08	1.30012e-08
3.3436e-06	1.19716e-06	8.26407e-07	6.22522e-07	4.90809e-07	4.05504e-07	3.08704e-07	2.01566e-07	1.51481e-07	1.21004e-07	9.11791e-08	6.63363e-08	5.83307e-08	4.4051e-08	3.23423e-08	1.87287e-08	8.12553e-09
3.11279e-06	1.08613e-06	7.64173e-07	5.78778e-07	4.63302e-07	3.84751e-07	2.9477e-07	1.98476e-07	1.44395e-07	1.20231e-07	8.62505e-08	6.47379e-08	6.03021e-08	4.78874e-08	3.68313e-08	2.02339e-08	1.17487e-08
2.86115e-06	9.93646e-07	7.20948e-07	5.51471e-07	4.39352e-07	3.68859e-07	2.84593e-07	1.85688e-07	1.36029e-07	1.1461e-07	8.57843e-08	6.05019e-08	5.58131e-08	4.20929e-08	3.0877e-08	1.52787e-08	7.96569e-09
2.68583e-06	9.27978e-07	6.92637e-07	5.41666e-07	4.34771e-07	3.61284e-07	2.85905e-07	1.85963e-07	1.40395e-07	1.11477e-07	9.16562e-08	6.38037e-08	6.03804e-08	4.61811e-08	3.60578e-08	1.71031e-08	8.59152e-09
2.56079e-06	8.50032e-07	6.5423e-07	5.15504e-07	4.18536e-07	3.50698e-07	2.81208e-07	1.8424e-07	1.39885e-07	1.12606e-07	9.11476e-08	6.10448e-08	5.96329e-08	4.29032e-08	3.51777e-08	1.91006e-08	9.97656e-09
2.47576e-06	7.93356e-07	6.21943e-07	4.9687e-07	4.03498e-07	3.41561e-07	2.79011e-07	1.85479e-07	1.42243e-07	1.10595e-07	8.80441e-08	6.49742e-08	5.65294e-08	4.55272e-08	3.67361e-08	2.08988e-08	9.75012e-09
2.40954e-06	7.37959e-07	5.99046e-07	4.84416e-07	4.00408e-07	3.40282e-07	2.78238e-07	1.87024e-07	1.42243e-07	1.15616e-07	9.61026e-08	6.56402e-08	6.0512e-08	4.48612e-08	3.85609e-08	1.86478e-08	8.15174e-09
2.3667e-06	6.706e-07	5.69929e-07	4.64649e-07	3.78936e-07	3.26136e-07	2.73536e-07	1.80897e-07	1.41283e-07	1.12313e-07	8.98157e-08	5.99792e-08	5.96862e-08	4.31429e-08	3.42719e-08	1.56108e-08	4.36891e-09
2.34253e-06	6.38273e-07	5.47578e-07	4.48439e-07	3.79096e-07	3.23779e-07	2.73496e-07	1.79711e-07	1.37114e-07	1.06878e-07	8.97357e-08	5.59034e-08	6.14178e-08	4.43551e-08	3.3899e-08	1.69162e-08	7.76546e-09
2.32632e-06	6.37474e-07	5.40093e-07	4.48958e-07	3.79003e-07	3.2246e-07	2.70419e-07	1.81949e-07	1.38646e-07	1.07731e-07	8.61527e-08	5.70489e-08	5.37189e-08	3.89872e-08	2.91038e-08	1.49848e-08	6.02057e-09
2.32556e-06	6.62609e-07	5.51348e-07	4.5394e-07	3.84277e-07	3.2932e-07	2.72391e-07	1.82895e-07	1.42482e-07	1.16256e-07	8.68453e-08	6.01257e-08	6.0552e-08	4.50876e-08	3.31531e-08	2.11519e-08	1.14284e-08
2.3421e-06	7.07677e-07	5.66837e-07	4.6192e-07	3.85266e-07	3.31495e-07	2.71931e-07	1.93972e-07	1.40467e-07	1.093e-07	9.31831e-08	5.84858e-08	5.85791e-08	4.41541e-08	3.51767e-08	2.18306e-08	1.10152e-08
2.38989e-06	7.44013e-07	5.77892e-07	4.6441e-07	3.84227e-07	3.26088e-07	2.60662e-07	1.83902e-07	1.32622e-07	1.02746e-07	8.5258e-08	5.61017e-08	5.33445e-08	4.19564e-08	3.32321e-08	1.89137e-08	1.10951e-08
2.45374e-06	7.88032e-07	5.98079e-07	4.76306e-07	3.93423e-07	3.37364e-07	2.68946e-07	1.79684e-07	1.36864e-07	1.12211e-07	8.73312e-08	5.9455e-08	5.39543e-08	3.93703e-08	2.97408e-08	1.68482e-08	8.05786e-09
2.51171e-06	8.06047e-07	6.11108e-07	4.79981e-07	3.93261e-07	3.32925e-07	2.62826e-07	1.80408e-07	1.3443e-07	1.03889e-07	7.88759e-08	6.2147e-08	5.05194e-08	3.67874e-08	2.8756e-08	1.53037e-08	4.60842e-09
2.52977e-06	7.89548e-07	6.01936e-07	4.71739e-07	3.89194e-07	3.27038e-07	2.55321e-07	1.69752e-07	1.29558e-07	1.03854e-07	7.81371e-08	5.93852e-08	5.03423e-08	3.56924e-08	3.2869e-08	1.96042e-08	1.21993e-08
2.56486e-06	7.62512e-07	5.91948e-07	4.61591e-07	3.83147e-07	3.20366e-07	2.4958e-07	1.68114e-07	1.26335e-07	9.87534e-08	7.63658e-08	5.30725e-08	4.67198e-08	3.51464e-08	3.10178e-08	1.26122e-08	8.37706e-09
2.65683e-06	7.48455e-07	5.84314e-07	4.50738e-07	3.76025e-07	3.13645e-07	2.52863e-07	1.60851e-07	1.21404e-07	9.19455e-08	7.25016e-08	5.45893e-08	4.28564e-08	3.39069e-08	2.16013e-08	1.22123e-08	1.37172e-09
2.7203e-06	7.56313e-07	5.98977e-07	4.57583e-07	3.77837e-07	3.18014e-07	2.53756e-07	1.5354e-07	1.2255e-07	8.88957e-08	7.09035e-08	4.5986e-08	4.18442e-08	3.2948e-08	2.41716e-08	1.18261e-08	5.91306e-09
2.66389e-06	7.44247e-07	6.03678e-07	4.68104e-07	3.81432e-07	3.13286e-07	2.45805e-07	1.55311e-07	1.15238e-07	8.70579e-08	6.69881e-08	4.35089e-08	4.19108e-08	2.68885e-08	2.43448e-08	1.09072e-08	4.46143e-09
2.57142e-06	7.30429e-07	6.0472e-07	4.64481e-07	3.83347e-07	3.12815e-07	2.40831e-07	1.52998e-07	1.12657e-07	8.78593e-08	6.46858e-08	4.40961e-08	3.6638e-08	2.55707e-08	2.28405e-08	1.11472e-08	3.59588e-09
2.52067e-06	7.20157e-07	6.029e-07	4.64816e-07	3.85114e-07	3.1552e-07	2.41357e-07	1.55489e-07	1.16031e-07	8.57748e-08	6.39083e-08	4.38795e-08	3.7514e-08	2.97901e-08	2.35045e-08	1.10132e-08	3.59559e-09
2.47038e-06	7.06493e-07	5.94644e-07	4.59583e-07	3.84928e-07	3.18982e-07	2.3904e-07	1.52759e-07	1.086e-07	8.51356e-08	6.39615e-08	4.35999e-08	4.01241e-08	2.91243e-08	2.20796e-08	1.16391e-08	2.33047e-09
2.37568e-06	6.87498e-07	5.73588e-07	4.44376e-07	3.73532e-07	3.08866e-07	2.34266e-07	1.51717e-07	1.02631e-07	8.21371e-08	6.38e-08	4.37452e-08	3.94705e-08	2.73258e-08	2.10403e-08	1.03337e-08	1.54473e-09
2.29668e-06	6.7847e-07	5.65092e-07	4.41646e-07	3.65715e-07	2.99691e-07	2.28048e-07	1.45058e-07	1.02445e-07	7.96468e-08	6.10568e-08	4.26399e-08	4.06823e-08	2.662e-08	2.05609e-08	1.33433e-08	4.10153e-09
2.2328e-06	6.50248e-07	5.51561e-07	4.20302e-07	3.47475e-07	2.89123e-07	2.25312e-07	1.37571e-07	9.63433e-08	7.75008e-08	5.72201e-08	3.89901e-08	3.8018e-08	2.66992e-08	1.78571e-08	1.23309e-08	4.55417e-09
2.17046e-06	6.42376e-07	5.28986e-07	4.14585e-07	3.3909e-07	2.81543e-07	2.19083e-07	1.3693e-07	9.67858e-08	7.81849e-08	5.81061e-08	3.63895e-08	3.79207e-08	2.60838e-08	2.14902e-08	1.27157e-08	5.73871e-09
2.10423e-06	6.42553e-07	5.17243e-07	4.03811e-07	3.24599e-07	2.68515e-07	2.10168e-07	1.31248e-07	9.93316e-08	7.44055e-08	5.66163e-08	4.03318e-08	3.87074e-08	2.94932e-08	2.28889e-08	1.5206e-08	5.12636e-09
2.04459e-06	6.45138e-07	5.06511e-07	3.92462e-07	3.12497e-07	2.59386e-07	1.989e-07	1.20586e-07	9.66741e-08	7.3827e-08	5.16723e-08	3.8651e-08	3.32854e-08	2.61756e-08	1.88395e-08	1.02918e-08	1.34473e-09
1.99297e-06	6.20034e-07	4.7855e-07	3.69235e-07	2.91702e-07	2.42677e-07	1.91774e-07	1.21512e-07	8.4869e-08	6.82387e-08	4.98908e-08	2.77482e-08	2.98786e-08	2.25021e-08	1.69365e-08	4.2075e-09	-1.94397e-09
1.95937e-06	6.15934e-07	4.72108e-07	3.66772e-07	2.94094e-07	2.42252e-07	1.88758e-07	1.17744e-07	8.21706e-08	6.6301e-08	5.03515e-08	2.48562e-08	3.07807e-08	2.30855e-08	1.57631e-08	6.61679e-09	-3.19523e-10
1.91443e-06	6.00272e-07	4.63683e-07	3.62639e-07	2.89605e-07	2.39989e-07	1.87031e-07	1.19682e-07	8.51084e-08	6.46201e-08	4.9763e-08	2.98072e-08	3.34549e-08	2.35236e-08	1.68672e-08	1.06369e-08	3.79413e-09
1.87846e-06	5.86903e-07	4.57161e-07	3.56506e-07	2.87734e-07	2.38931e-07	1.85748e-07	1.18973e-07	8.29495e-08	6.3327e-08	4.49826e-08	2.97532e-08	3.31478e-08	2.0794e-08	1.4617e-08	3.06185e-09	-1.86373e-09
1.84576e-06	5.87718e-07	4.49997e-07	3.56901e-07	2.87462e-07	2.39084e-07	1.89347e-07	1.12679e-07	8.09947e-08	6.31157e-08	4.32398e-08	2.70914e-08	3.09654e-08	2.15134e-08	1.78657e-08	6.61643e-09	-1.54428e-09
1.84268e-06	5.96486e-07	4.56017e-07	3.57894e-07	2.89444e-07	2.38498e-07	1.86808e-07	1.10929e-07	8.49707e-08	6.58679e-08	4.45421e-08	2.61581e-08	3.20687e-08	2.13126e-08	1.80378e-08	6.20341e-09	1.01171e-09
1.84124e-06	6.01821e-07	4.62741e-07	3.66204e-07	2.97742e-07	2.44629e-07	1.79402e-07	1.11738e-07	8.55275e-08	6.69711e-08	4.1985e-08	3.29597e-08	2.91925e-08	2.00075e-08	1.5761e-08	8.74577e-09	3.66071e-09
1.83344e-06	6.12092e-07	4.63222e-07	3.58371e-07	2.95717e-07	2.47398e-07	1.84184e-07	1.14568e-07	8.16362e-08	6.2881e-08	4.47648e-08	2.69813e-08	2.35604e-08	1.67984e-08	1.09549e-08	6.08311e-09	-2.63557e-09
1.78702e-06	6.26498e-07	4.76679e-07	3.69003e-07	3.023e-07	2.45487e-07	1.77081e-07	1.12374e-07	8.07199e-08	6.17912e-08	3.93882e-08	3.06693e-08	2.21234e-08	1.68654e-08	1.11682e-08	2.86193e-09	-4.233e-09
1.75387e-06	6.33393e-07	4.79753e-07	3.73782e-07	3.00423e-07	2.50067e-07	1.77573e-07	1.17259e-07	8.11059e-08	6.28295e-08	4.3568e-08	3.19738e-08	2.35744e-08	1.75843e-08	9.93025e-09	2.43597e-09	-1.33113e-09
1.69732e-06	6.21416e-07	4.73606e-07	3.69879e-07	2.99042e-07	2.45401e-07	1.81485e-07	1.08412e-07	7.63876e-08	6.24651e-08	4.17942e-08	2.69932e-08	2.65407e-08	1.65846e-08	1.30574e-08	5.191e-09	1.45082e-09
1.66128e-06	6.02207e-07	4.63504e-07	3.56519e-07	2.85391e-07	2.34827e-07	1.76929e-07	1.08928e-07	7.31379e-08	5.86568e-08	4.06618e-08	2.63802e-08	2.41708e-08	1.18192e-08	1.22052e-08	4.67178e-09	2.66198e-11
1.63565e-06	5.97812e-07	4.58873e-07	3.54047e-07	2.82242e-07	2.3719e-07	1.76272e-07	1.07288e-07	6.96356e-08	5.02835e-08	4.35755e-08	2.26129e-08	1.92589e-08	1.25908e-08	1.04214e-08	9.44978e-10	1.118e-09
1.59867e-06	5.84724e-07	4.61245e-07	3.58647e-07	2.83785e-07	2.34914e-07	1.72323e-07	1.06045e-07	7.84423e-08	5.72014e-08	4.05521e-08	2.16269e-08	2.35833e-08	1.55314e-08	8.33134e-09	-2.08949e-09	-7.98531e-11
1.58051e-06	5.83566e-07	4.58889e-07	3.57489e-07	2.83824e-07	2.26743e-07	1.69195e-07	1.02545e-07	7.21206e-08	5.39674e-08	3.75842e-08	2.43419e-08	2.13474e-08	1.09399e-08	8.58421e-09	6.38825e-10	-2.67508e-09
1.59392e-06	5.96926e-07	4.6452e-07	3.6231e-07	2.87703e-07	2.393e-07	1.71626e-07	1.0527e-07	7.14666e-08	6.02475e-08	4.30796e-08	2.3596e-08	2.42614e-08	1.47192e-08	1.00612e-08	1.03806e-09	-2.39553e-09
1.68443e-06	6.27089e-07	4.82833e-07	3.69038e-07	2.98946e-07	2.46394e-07	1.74571e-07	1.10149e-07	7.39913e-08	5.57197e-08	3.88587e-08	2.47658e-08	2.09864e-08	1.48116e-08	9.32876e-09	1.27755e-09	-2.59502e-09
1.79024e-06	6.9156e-07	5.16674e-07	3.91571e-07	3.1331e-07	2.58151e-07	1.87222e-07	1.1829e-07	7.90461e-08	6.22122e-08	4.24773e-08	2.79589e-08	2.34876e-08	1.36401e-08	8.74298e-09	2.74133e-09	-5.65566e-09
1.94768e-06	7.96349e-07	5.6394e-07	4.23604e-07	3.30734e-07	2.72715e-07	1.93205e-07	1.18819e-07	7.76202e-08	5.35344e-08	3.88567e-08	2.20232e-08	1.50503e-08	5.73535e-09	1.45047e-09	-4.49779e-09	-1.0659e-08
2.15614e-06	9.02315e-07	6.19454e-07	4.68649e-07	3.61184e-07	2.86786e-07	2.09328e-07	1.22369e-07	8.25017e-08	5.76048e-08	3.60479e-08	2.52428e-08	2.01065e-08	1.32801e-08	8.70259e-09	1.54358e-09	-1.88955e-09
2.3625e-06	1.00331e-06	6.82879e-07	5.11018e-07	3.98307e-07	3.21086e-07	2.25222e-07	1.38088e-07	9.1047e-08	6.71342e-08	4.72002e-08	3.32544e-08	2.79449e-08	1.66205e-08	1.27482e-08	7.83787e-09	6.99952e-09
2.54649e-06	1.08258e-06	7.25689e-07	5.34889e-07	4.16529e-07	3.36731e-07	2.36135e-07	1.40143e-07	8.78619e-08	6.55605e-08	4.60933e-08	2.37652e-08	2.26341e-08	1.08314e-08	9.47413e-09	2.55482e-09	-8.91527e-10
2.7411e-06	1.15392e-06	7.62275e-07	5.49884e-07	4.22e-07	3.4436e-07	2.40972e-07	1.50518e-07	9.2703e-08	6.72087e-08	4.47614e-08	2.92333e-08	2.17819e-08	1.34125e-08	1.03255e-08	2.51484e-09	-9.58033e-10
2.87527e-06	1.20087e-06	7.73345e-07	5.51202e-07	4.21987e-07	3.39569e-07	2.36661e-07	1.45395e-07	9.31421e-08	6.42813e-08	4.544e-08	3.02313e-08	2.0784e-08	1.02323e-08	6.91913e-09	3.35311e-09	-1.94268e-09
2.88369e-06	1.19232e-06	7.68988e-07	5.51389e-07	4.23063e-07	3.35999e-07	2.29122e-07	1.4122e-07	9.25857e-08	6.50415e-08	3.89477e-08	2.86486e-08	1.30802e-08	7.61124e-09	1.47701e-09	-2.94071e-09	-2.27539e-09
2.79017e-06	1.14856e-06	7.42509e-07	5.3667e-07	4.10466e-07	3.26893e-07	2.20009e-07	1.36569e-07	8.85758e-08	6.31353e-08	3.18537e-08	2.59726e-08	1.05647e-08	4.32434e-09	-3.81872e-09	-6.73266e-09	-8.4757e-09
2.67447e-06	1.08692e-06	7.08507e-07	5.15474e-07	4.0343e-07	3.21483e-07	2.19152e-07	1.31669e-07	8.64313e-08	6.63935e-08	3.97429e-08	2.33242e-08	1.72836e-08	1.10833e-08	2.70098e-09	7.45097e-10	-3.61904e-09
2.52505e-06	1.00978e-06	6.64782e-07	4.79923e-07	3.783e-07	3.08608e-07	2.11336e-07	1.28978e-07	8.13731e-08	6.28393e-08	3.8744e-08	2.23789e-08	1.63784e-08	4.45716e-09	-3.04683e-09	-4.08462e-09	-5.78765e-09
2.37936e-06	9.21917e-07	6.19845e-07	4.54992e-07	3.65986e-07	2.96738e-07	2.00229e-07	1.26577e-07	8.54664e-08	5.86318e-08	3.25688e-08	2.84312e-08	1.08163e-08	4.44362e-09	-3.99127e-11	-4.36379e-09	-5.98691e-09
2.22061e-06	8.29732e-07	5.7034e-07	4.21425e-07	3.35719e-07	2.73668e-07	1.9037e-07	1.19645e-07	8.22468e-08	5.74743e-08	3.24091e-08	2.10074e-08	1.18807e-08	4.97579e-09	-3.41919e-09	-5.20196e-09	-8.39498e-09
2.07658e-06	7.48809e-07	5.45938e-07	4.11343e-07	3.25386e-07	2.62699e-07	1.90179e-07	1.10475e-07	8.0249e-08	6.03065e-08	3.4497e-08	2.3202e-08	2.19913e-08	1.61908e-08	8.59431e-09	1.46343e-10	-2.90025e-09
1.98231e-06	6.61132e-07	5.06545e-07	3.83089e-07	3.06354e-07	2.48976e-07	1.85278e-07	1.10632e-07	6.88059e-08	5.66198e-08	4.19061e-08	2.52102e-08	2.13123e-08	1.42215e-08	1.06694e-08	3.35249e-09	-1.33035e-09
1.90388e-06	5.95264e-07	4.79872e-07	3.60968e-07	2.92391e-07	2.37967e-07	1.78715e-07	1.0012e-07	6.89105e-08	5.11374e-08	3.3963e-08	1.88905e-08	1.97685e-08	1.08421e-08	6.54516e-09	4.25702e-09	2.5276e-10
1.85382e-06	5.75587e-07	4.68605e-07	3.60985e-07	2.94964e-07	2.3848e-07	1.75983e-07	1.07407e-07	7.28596e-08	5.68297e-08	3.80727e-08	1.98611e-08	2.49162e-08	1.37418e-08	1.08418e-08	2.46102e-09	-4.12388e-09
1.82177e-06	5.79768e-07	4.62457e-07	3.5559e-07	2.88913e-07	2.35273e-07	1.74968e-07	1.08623e-07	7.49122e-08	5.55556e-08	4.17731e-08	2.22036e-08	2.89352e-08	1.52858e-08	1.25186e-08	4.82918e-09	-2.96669e-09
1.82271e-06	6.07854e-07	4.66519e-07	3.51402e-07	2.87632e-07	2.39132e-07	1.76492e-07	1.0647e-07	7.03682e-08	5.32351e-08	3.53437e-08	2.20682e-08	1.76918e-08	1.45658e-08	8.11429e-09	3.52506e-09	-2.76684e-09
1.91743e-06	6.71394e-07	4.88001e-07	3.71721e-07	3.01934e-07	2.48098e-07	1.7859e-07	1.09655e-07	7.74091e-08	5.98095e-08	3.99085e-08	2.95323e-08	2.10318e-08	1.36088e-08	9.17895e-09	3.19268e-09	-1.79588e-09
2.03198e-06	7.35726e-07	5.16974e-07	3.93338e-07	3.17499e-07	2.62185e-07	1.90217e-07	1.19366e-07	8.26904e-08	6.75251e-08	4.60677e-08	2.98116e-08	2.80424e-08	1.5551e-08	1.2345e-08	6.85096e-09	-1.3968e-09
2.1287e-06	7.83708e-07	5.40864e-07	3.99715e-07	3.20328e-07	2.59551e-07	1.86828e-07	1.12177e-07	7.71257e-08	5.87288e-08	3.90284e-08	2.26535e-08	1.28898e-08	6.94371e-09	1.10408e-09	-9.04544e-10	-3.03288e-09
2.25547e-06	8.35719e-07	5.61815e-07	4.1347e-07	3.25875e-07	2.68038e-07	1.96978e-07	1.16008e-07	7.39598e-08	6.02852e-08	4.29791e-08	2.32122e-08	1.42599e-08	1.21182e-08	7.50239e-09	2.5008e-09	-1.80909e-09
2.38512e-06	8.48223e-07	5.60365e-07	4.08747e-07	3.25995e-07	2.70578e-07	2.02365e-07	1.24907e-07	7.87618e-08	6.25599e-08	4.57327e-08	2.73092e-08	2.72427e-08	1.66942e-08	9.52432e-09	4.33649e-09	-3.85761e-09
2.45765e-06	8.42064e-07	5.53368e-07	4.0356e-07	3.22989e-07	2.65776e-07	1.94424e-07	1.20477e-07	8.04645e-08	6.31585e-08	4.14361e-08	2.93711e-08	2.22943e-08	1.45791e-08	8.47345e-09	3.92412e-09	-1.19719e-09
2.40617e-06	8.08356e-07	5.33335e-07	3.84977e-07	3.12719e-07	2.58793e-07	1.83396e-07	1.192e-07	7.92673e-08	6.00192e-08	3.96004e-08	2.88124e-08	1.60956e-08	9.88347e-09	5.52038e-09	2.40768e-09	-8.11429e-10
2.21935e-06	7.71137e-07	5.16096e-07	3.79124e-07	3.08755e-07	2.54416e-07	1.84248e-07	1.14664e-07	7.88949e-08	6.54863e-08	3.71528e-08	2.83601e-08	2.08444e-08	1.39805e-08	1.35682e-09	1.03757e-09	-4.34979e-09
2.07444e-06	7.67686e-07	5.07024e-07	3.69489e-07	2.98188e-07	2.46269e-07	1.73704e-07	1.15492e-07	7.74869e-08	6.28143e-08	3.38814e-08	2.78155e-08	2.08716e-08	1.35951e-08	4.49624e-09	2.36784e-09	-3.89762e-09
2.00197e-06	7.78685e-07	4.94147e-07	3.57006e-07	2.82662e-07	2.32781e-07	1.62268e-07	1.0942e-07	7.73631e-08	5.33933e-08	3.77637e-08	2.6843e-08	1.83564e-08	9.7768e-09	2.59384e-09	-6.51786e-10	-3.05941e-09
1.98022e-06	7.81851e-07	4.88135e-07	3.53388e-07	2.74801e-07	2.28125e-07	1.6006e-07	1.02769e-07	7.30666e-08	5.45771e-08	3.62473e-08	2.2041e-08	1.90747e-08	9.68368e-09	4.11025e-09	-1.31687e-09	-4.45609e-09
1.94868e-06	7.72175e-07	4.82375e-07	3.54076e-07	2.67213e-07	2.17929e-07	1.53959e-07	9.87017e-08	6.88119e-08	4.92976e-08	3.52905e-08	2.5141e-08	1.4353e-08	9.23167e-09	6.2786e-09	6.51804e-10	-2.15494e-09
1.88429e-06	7.20969e-07	4.5242e-07	3.285e-07	2.54037e-07	2.13799e-07	1.52199e-07	9.89252e-08	6.67083e-08	5.30607e-08	3.58749e-08	2.92905e-08	2.12296e-08	1.14661e-08	8.88558e-09	4.15015e-09	-2.68696e-09
1.84982e-06	6.55963e-07	4.18899e-07	3.05023e-07	2.43143e-07	1.94884e-07	1.40546e-07	9.06116e-08	6.37953e-08	4.55718e-08	2.96097e-08	2.21208e-08	1.85427e-08	8.51313e-09	5.52023e-09	3.55157e-09	-3.56487e-09
1.84769e-06	5.98194e-07	3.89968e-07	2.91255e-07	2.33473e-07	1.94605e-07	1.35545e-07	8.53042e-08	6.27045e-08	4.82322e-08	3.00487e-08	2.52068e-08	1.54566e-08	9.37774e-09	6.0523e-09	4.70882e-09	-4.00383e-09
1.83465e-06	5.46634e-07	3.70408e-07	2.74228e-07	2.30068e-07	1.87345e-07	1.26214e-07	8.89176e-08	6.67713e-08	5.02381e-08	2.7879e-08	2.60568e-08	1.3474e-08	1.02684e-08	3.37847e-09	7.98063e-10	-5.44013e-09
1.70822e-06	4.82975e-07	3.29844e-07	2.45079e-07	2.09991e-07	1.73947e-07	1.21263e-07	8.19855e-08	5.91482e-08	3.92637e-08	2.35821e-08	2.16269e-08	9.29719e-09	8.84497e-09	5.7193e-10	2.16801e-09	3.7242e-10
1.56262e-06	4.39932e-07	3.21048e-07	2.447e-07	2.01937e-07	1.70639e-07	1.19018e-07	8.20675e-08	5.44944e-08	4.28427e-08	2.83179e-08	2.41015e-08	1.8821e-08	1.46711e-08	9.03142e-09	7.02296e-09	3.8174e-09
1.44434e-06	4.15102e-07	3.12327e-07	2.38442e-07	1.9818e-07	1.57653e-07	1.20451e-07	7.96047e-08	5.65014e-08	4.26953e-08	2.97936e-08	2.91152e-08	1.99777e-08	1.9552e-08	1.44047e-08	1.12391e-08	6.67695e-09
1.3496e-06	3.71013e-07	3.00495e-07	2.26305e-07	1.85939e-07	1.53287e-07	1.08956e-07	6.96539e-08	5.1632e-08	3.55784e-08	2.41933e-08	2.01101e-08	7.11569e-09	6.01176e-09	2.10146e-09	-3.05908e-09	-3.8039e-09
1.2447e-06	3.41096e-07	2.83362e-07	2.16239e-07	1.79864e-07	1.50086e-07	1.08259e-07	6.72297e-08	4.73733e-08	3.58159e-08	2.27291e-08	1.49887e-08	1.07328e-08	6.43703e-09	1.72895e-09	-2.79292e-10	-5.86514e-09
1.13269e-06	3.12776e-07	2.6725e-07	2.04607e-07	1.75706e-07	1.44651e-07	1.08501e-07	6.76305e-08	4.5752e-08	3.38086e-08	1.76225e-08	1.79683e-08	6.1579e-09	8.2194e-09	-2.0349e-09	-5.719e-09	-1.05203e-08
1.04554e-06	2.7445e-07	2.32386e-07	1.77714e-07	1.56143e-07	1.342e-07	9.1643e-08	6.04437e-08	3.7104e-08	3.00423e-08	1.47485e-08	1.61183e-08	7.77988e-09	5.57225e-09	5.31957e-11	-3.05875e-09	-4.28226e-09
9.5449e-07	2.58817e-07	2.12988e-07	1.67132e-07	1.4463e-07	1.22593e-07	8.00617e-08	5.22529e-08	3.22907e-08	2.48298e-08	1.24614e-08	9.72178e-09	1.48952e-09	-2.65986e-10	-5.10693e-09	-4.62815e-09	-4.56166e-09
9.09171e-07	2.54615e-07	2.10756e-07	1.59663e-07	1.35606e-07	1.15857e-07	8.50444e-08	5.30613e-08	2.96824e-08	2.32592e-08	1.46284e-08	2.8193e-09	7.43391e-09	1.02399e-09	-2.36715e-09	-6.03756e-09	-5.49231e-09
8.97428e-07	2.76996e-07	2.21076e-07	1.72908e-07	1.455e-07	1.2228e-07	8.14804e-08	5.24363e-08	3.95101e-08	2.72222e-08	1.61179e-08	1.6078e-08	8.03234e-09	7.79297e-09	2.95228e-09	-5.71839e-10	-5.21304e-09
8.60984e-07	2.85266e-07	2.34814e-07	1.81024e-07	1.47101e-07	1.24668e-07	8.74335e-08	4.83112e-08	4.02261e-08	2.5359e-08	1.18617e-08	1.4109e-08	1.05718e-08	9.4016e-09	7.76596e-09	4.42819e-09	0
8.59185e-07	2.8542e-07	2.24341e-07	1.79247e-07	1.3894e-07	1.10788e-07	8.89385e-08	5.40041e-08	4.05995e-08	2.85114e-08	2.00404e-08	1.45084e-08	1.28727e-08	1.09577e-08	4.86715e-09	1.60909e-09	-1.25003e-09
8.53262e-07	2.95404e-07	2.17561e-07	1.73732e-07	1.33959e-07	1.10489e-07	8.73647e-08	5.52512e-08	3.88288e-08	2.96535e-08	2.58637e-08	1.74995e-08	1.74995e-08	1.17816e-08	8.76306e-09	1.96803e-09	-1.55581e-09
8.6606e-07	2.85513e-07	2.03476e-07	1.58342e-07	1.26493e-07	1.09085e-07	8.09064e-08	5.11051e-08	3.34849e-08	3.08918e-08	2.40299e-08	1.67026e-08	2.1224e-08	1.02662e-08	1.04258e-08	4.4682e-09	8.77683e-10
8.54366e-07	2.73796e-07	1.92694e-07	1.35861e-07	1.11114e-07	9.54496e-08	6.84689e-08	4.87886e-08	2.35765e-08	1.99064e-08	1.53187e-08	9.46783e-09	8.72317e-09	5.27911e-09	2.34036e-09	3.78979e-09	-2.1409e-09
9.28497e-07	2.83019e-07	1.76715e-07	1.31277e-07	1.0008e-07	9.1383e-08	6.25133e-08	4.0625e-08	2.49468e-08	1.98803e-08	1.32181e-08	7.4734e-09	7.38032e-09	5.42553e-09	-9.30851e-10	1.2367e-09	1.875e-09
1.04004e-06	2.85274e-07	1.89845e-07	1.40163e-07	1.11998e-07	9.51355e-08	6.76348e-08	4.57592e-08	3.32589e-08	2.24208e-08	1.4894e-08	1.23009e-08	8.79013e-09	7.24753e-09	3.96287e-09	3.69691e-09	2.34049e-09
1.17444e-06	3.09096e-07	2.06184e-07	1.46822e-07	1.22992e-07	1.04428e-07	7.57979e-08	4.80851e-08	3.67553e-08	1.92021e-08	1.62899e-08	1.07846e-08	1.06383e-08	6.46277e-09	5e-09	1.2367e-09	-1.38298e-09
1.30928e-06	3.43311e-07	2.30745e-07	1.66782e-07	1.37686e-07	1.15426e-07	8.6742e-08	5.21277e-08	3.63963e-08	2.97207e-08	2.12367e-08	1.41489e-08	2.12633e-08	7.35372e-09	6.28989e-09	5.85106e-10	-3.48404e-09
1.39723e-06	3.73936e-07	2.54056e-07	1.84481e-07	1.48019e-07	1.20386e-07	9.08511e-08	5.11037e-08	3.60505e-08	3.06915e-08	2.04122e-08	1.37367e-08	1.58245e-08	1.0758e-08	8.27128e-09	3.35106e-09	1.48936e-09
1.46176e-06	4.04085e-07	2.71376e-07	1.96125e-07	1.52709e-07	1.24345e-07	9.72713e-08	5.46794e-08	3.5398e-08	2.68344e-08	2.41882e-08	8.49711e-09	1.47204e-08	1.03322e-08	9.41464e-09	3.84298e-09	1.72868e-09
1.5177e-06	4.38989e-07	2.93112e-07	2.07992e-07	1.6254e-07	1.29628e-07	1.02872e-07	6.26995e-08	4.01064e-08	2.81383e-08	3.00532e-08	1.40027e-08	1.83644e-08	1.16223e-08	1.51729e-08	4.9734e-09	3.05851e-10
1.4627e-06	4.67553e-07	3.06848e-07	2.19947e-07	1.66715e-07	1.30731e-07	9.69282e-08	5.33245e-08	3.66888e-08	2.76862e-08	2.24202e-08	1.21941e-08	2.03059e-08	1.2859e-08	1.21011e-08	4.21543e-09	7.71277e-10
1.39957e-06	4.81902e-07	3.01755e-07	2.19535e-07	1.59322e-07	1.34787e-07	9.84043e-08	5.52926e-08	3.15691e-08	3.04388e-08	1.72074e-08	1.49202e-08	1.77261e-08	1.51064e-08	7.22074e-09	4.94681e-09	2.85904e-09
1.37277e-06	5.01636e-07	2.99867e-07	2.21423e-07	1.5984e-07	1.34282e-07	9.57713e-08	5.18085e-08	3.27793e-08	2.75266e-08	1.7992e-08	8.04521e-09	1.27793e-08	8.33777e-09	7.07447e-09	5.51862e-09	4.93351e-09
1.43178e-06	5.24348e-07	3.15745e-07	2.27207e-07	1.69761e-07	1.39348e-07	9.51729e-08	5.81782e-08	4.06516e-08	2.45745e-08	1.32979e-08	1.01064e-08	6.34309e-09	2.11436e-09	-7.97872e-10	-2.12766e-10	-4.32181e-09
1.44131e-06	5.39443e-07	3.27482e-07	2.35551e-07	1.78675e-07	1.51533e-07	1.08088e-07	6.55736e-08	3.89239e-08	3.39504e-08	1.92425e-08	1.31386e-08	9.98697e-09	6.39645e-09	3.07189e-09	1.18354e-09	-2.69954e-09
1.44383e-06	5.68419e-07	3.59079e-07	2.63464e-07	1.9954e-07	1.6406e-07	1.18035e-07	7.23423e-08	5.22487e-08	3.96021e-08	2.8671e-08	1.71148e-08	1.87771e-08	1.33514e-08	1.19285e-08	6.67571e-09	3.7501e-09
1.50726e-06	5.8373e-07	3.78381e-07	2.71272e-07	2.05522e-07	1.68803e-07	1.24864e-07	7.80913e-08	5.80232e-08	4.17188e-08	3.12791e-08	2.04006e-08	2.39647e-08	1.40836e-08	1.09849e-08	7.39421e-09	1.52938e-09
1.58963e-06	6.08227e-07	3.85775e-07	2.76831e-07	2.09684e-07	1.71091e-07	1.28468e-07	8.36636e-08	5.94994e-08	4.4711e-08	3.25957e-08	1.73418e-08	2.1797e-08	1.34319e-08	1.35782e-08	8.33843e-09	-3.7237e-10
1.63261e-06	6.29203e-07	4.00348e-07	2.92199e-07	2.20781e-07	1.78317e-07	1.38472e-07	8.28945e-08	5.97005e-08	4.42201e-08	2.9285e-08	2.04809e-08	1.8087e-08	1.29402e-08	1.09187e-08	2.72635e-09	-2.56676e-09
1.69716e-06	6.61289e-07	4.15824e-07	3.03639e-07	2.29159e-07	1.86652e-07	1.38014e-07	8.28324e-08	5.89988e-08	4.51402e-08	3.0324e-08	1.25951e-08	1.82476e-08	3.9102e-09	7.315e-10	-8.645e-09	-1.3167e-08
1.84214e-06	6.97678e-07	4.36971e-07	3.1767e-07	2.45119e-07	2.00497e-07	1.41632e-07	8.82455e-08	5.87328e-08	4.65766e-08	2.73714e-08	1.60664e-08	1.47231e-08	5.1205e-09	3.1521e-09	4.522e-10	-3.2984e-09
2.02226e-06	7.71972e-07	5.00758e-07	3.67426e-07	2.88224e-07	2.3658e-07	1.72395e-07	1.09951e-07	7.67144e-08	6.05017e-08	4.19748e-08	2.81561e-08	2.20514e-08	1.31803e-08	1.04272e-08	4.2427e-09	-2.4472e-09
2.15302e-06	8.43987e-07	5.53161e-07	4.07523e-07	3.15245e-07	2.57535e-07	1.89277e-07	1.21166e-07	8.43109e-08	5.98516e-08	4.22951e-08	2.76514e-08	1.95648e-08	1.12255e-08	3.52459e-09	-2.23446e-09	-8.40582e-09
2.2223e-06	8.95866e-07	5.97736e-07	4.44841e-07	3.48395e-07	2.84204e-07	2.06951e-07	1.30164e-07	8.73347e-08	6.66782e-08	4.45319e-08	2.7214e-08	2.07762e-08	1.42454e-08	8.44617e-09	4.32284e-09	-1.18379e-09
2.35574e-06	9.67081e-07	6.51455e-07	4.83427e-07	3.84204e-07	3.1524e-07	2.21789e-07	1.42251e-07	9.81991e-08	7.14115e-08	4.26421e-08	3.25734e-08	2.19196e-08	1.38327e-08	5.93211e-09	3.56459e-09	1.35667e-09
2.51838e-06	1.06086e-06	7.09613e-07	5.23608e-07	4.15064e-07	3.35914e-07	2.36334e-07	1.50427e-07	1.02133e-07	7.37504e-08	4.41306e-08	3.26657e-08	2.22781e-08	1.36595e-08	2.67337e-09	-2.62017e-09	-4.04331e-09
2.73024e-06	1.19784e-06	7.97249e-07	5.85388e-07	4.65299e-07	3.7902e-07	2.56936e-07	1.56452e-07	1.02266e-07	8.03474e-08	4.5301e-08	3.43016e-08	2.1653e-08	1.40984e-08	6.29106e-09	5.08073e-09	2.08815e-09
2.94132e-06	1.35355e-06	8.85813e-07	6.4555e-07	5.02434e-07	4.05937e-07	2.70869e-07	1.67975e-07	1.04943e-07	7.31007e-08	4.35864e-08	3.08177e-08	1.48303e-08	8.19323e-09	-3.45818e-09	-3.89711e-09	-1.52958e-09
3.1766e-06	1.47558e-06	9.66628e-07	6.96071e-07	5.39478e-07	4.29677e-07	2.80506e-07	1.69017e-07	1.04546e-07	6.91389e-08	3.72829e-08	2.74933e-08	9.31074e-09	9.16443e-09	-7.04956e-10	6.91655e-10	1.40991e-09
3.30078e-06	1.57075e-06	1.01737e-06	7.22561e-07	5.53695e-07	4.36995e-07	2.82706e-07	1.73162e-07	1.0872e-07	7.06932e-08	4.3879e-08	3.0698e-08	1.73441e-08	1.16381e-08	5.86561e-09	2.30102e-09	4.36263e-09
3.36017e-06	1.60182e-06	1.01319e-06	6.98239e-07	5.20164e-07	4.02769e-07	2.528e-07	1.49264e-07	8.95427e-08	6.17036e-08	3.45694e-08	2.81051e-08	1.44316e-08	8.39297e-09	6.63723e-09	4.09673e-09	3.87061e-09
3.32456e-06	1.52703e-06	9.46224e-07	6.3317e-07	4.64859e-07	3.54234e-07	2.13894e-07	1.19856e-07	7.18789e-08	4.22575e-08	2.19201e-08	1.87279e-08	2.75332e-09	4.40265e-09	-4.40265e-09	-2.43409e-09	-7.10276e-09
3.0606e-06	1.3384e-06	7.90471e-07	5.20165e-07	3.79805e-07	2.81705e-07	1.60991e-07	8.83104e-08	5.29942e-08	3.6101e-08	1.50842e-08	1.28628e-08	-5.98579e-10	3.05941e-10	-4.82854e-09	-3.99053e-11	-1.83564e-09
2.64371e-06	1.07954e-06	6.21542e-07	4.00511e-07	2.89769e-07	2.21337e-07	1.23404e-07	6.6304e-08	3.74415e-08	2.29969e-08	5.18727e-09	4.05671e-09	-2.52713e-09	-6.58385e-09	-1.02282e-08	-3.28527e-09	-6.14492e-09
2.22956e-06	8.42272e-07	4.86526e-07	3.16268e-07	2.35701e-07	1.8473e-07	1.06252e-07	6.36738e-08	3.74967e-08	2.22666e-08	8.41979e-09	6.87683e-09	-3.91061e-09	-6.82362e-09	-1.15988e-08	-4.29636e-09	-4.85501e-09
1.80536e-06	6.53063e-07	3.86616e-07	2.58786e-07	2.00112e-07	1.62561e-07	9.80207e-08	5.91928e-08	3.01817e-08	2.57788e-08	1.34348e-08	9.65708e-09	-8.77916e-10	-2.63375e-09	-5.70646e-09	-4.76203e-09	-8.79247e-09
1.47986e-06	5.22213e-07	3.17483e-07	2.18603e-07	1.68764e-07	1.38557e-07	8.37834e-08	4.66867e-08	2.48198e-08	2.21995e-08	8.8319e-09	7.47519e-09	-1.38331e-09	-1.2104e-09	-3.16565e-09	1.13059e-09	-1.87545e-09
1.25239e-06	4.27141e-07	2.55167e-07	1.79275e-07	1.43404e-07	1.18879e-07	6.62091e-08	4.37714e-08	2.94869e-08	1.84875e-08	2.85957e-09	9.33684e-09	-7.04918e-10	-1.14383e-09	-3.6443e-09	-1.14383e-09	-2.04825e-09
1.06548e-06	3.5034e-07	2.09287e-07	1.47771e-07	1.22114e-07	1.05076e-07	5.92413e-08	4.5648e-08	2.50452e-08	2.25846e-08	7.76761e-09	1.31943e-08	4.46904e-09	3.92371e-09	1.36997e-09	3.17887e-09	-3.7907e-09
8.8454e-07	2.86064e-07	1.72306e-07	1.26513e-07	1.08212e-07	9.14532e-08	4.99029e-08	3.29184e-08	2.13072e-08	2.35682e-08	1.02413e-09	8.96443e-09	-6.51717e-10	-1.46304e-10	-4.54872e-09	-9.84226e-10	-2.30096e-09
7.4591e-07	2.42e-07	1.45658e-07	1.10533e-07	8.74052e-08	7.76832e-08	4.73334e-08	3.13739e-08	2.30217e-08	1.80077e-08	4.89427e-09	1.04934e-08	4.00319e-09	4.14949e-09	-3.05892e-10	-2.23434e-09	-5.70555e-09
1.37862e-06	3.18252e-07	1.51842e-07	1.07423e-07	7.38992e-08	6.03033e-08	4.61088e-08	2.25223e-08	2.24425e-08	1.59904e-08	1.51789e-08	9.69802e-09	1.82254e-08	1.56844e-08	1.44339e-08	1.05893e-08	7.23693e-09
1.61995e-06	3.65418e-07	1.7621e-07	1.08028e-07	7.33044e-08	6.07189e-08	4.32908e-08	2.9202e-08	2.24304e-08	1.13748e-08	1.09757e-08	1.00045e-08	1.26786e-08	1.25057e-08	1.26653e-08	8.24841e-09	4.41689e-09
1.81336e-06	3.93135e-07	1.843e-07	1.08103e-07	7.28712e-08	5.71581e-08	4.39329e-08	3.38079e-08	1.83342e-08	1.03246e-08	1.40899e-08	5.80096e-09	9.87227e-09	7.43747e-09	7.82331e-09	5.0958e-09	2.91378e-09
1.96215e-06	3.96767e-07	1.8599e-07	1.06639e-07	7.64502e-08	5.93002e-08	4.14848e-08	3.51783e-08	2.06227e-08	9.47312e-09	1.12028e-08	6.25333e-09	6.75891e-09	8.72805e-09	6.34646e-09	3.64556e-09	3.08675e-09
2.03842e-06	3.87041e-07	1.92775e-07	1.07783e-07	8.98616e-08	7.15008e-08	4.88558e-08	3.25173e-08	2.25519e-08	1.8587e-08	1.17483e-08	8.0761e-09	9.03406e-09	9.1405e-09	7.62374e-09	5.45503e-09	3.59234e-10
2.10765e-06	3.40155e-07	1.92884e-07	1.03002e-07	9.45259e-08	7.46999e-08	4.60388e-08	3.14953e-08	2.35649e-08	1.76172e-08	1.02589e-08	1.25077e-08	3.85874e-09	6.69292e-09	3.18014e-09	3.48618e-09	-1.86284e-10
2.07627e-06	3.11356e-07	1.88964e-07	1.08966e-07	9.52736e-08	7.02576e-08	4.65723e-08	3.52353e-08	1.8243e-08	1.56084e-08	8.17011e-09	5.74835e-09	1.15765e-09	3.77901e-09	8.11688e-10	2.74111e-09	3.11369e-09
1.97171e-06	3.1229e-07	2.1455e-07	1.31381e-07	1.16091e-07	8.89179e-08	5.46522e-08	3.85772e-08	2.20764e-08	1.81508e-08	1.04993e-08	1.11779e-08	6.17448e-09	6.86645e-09	7.69149e-09	6.05472e-09	7.58503e-09
1.84898e-06	3.78889e-07	2.62408e-07	1.62054e-07	1.38928e-07	1.05144e-07	6.07153e-08	4.26458e-08	3.04175e-08	2.09037e-08	1.01392e-08	1.36653e-08	3.02046e-09	8.43601e-09	4.2047e-09	5.25587e-09	2.51484e-09
1.81275e-06	4.41891e-07	2.8139e-07	1.84892e-07	1.48659e-07	1.16364e-07	7.00181e-08	3.74042e-08	2.91809e-08	1.35326e-08	1.16165e-08	6.09432e-09	2.88748e-09	3.83223e-09	1.92942e-09	9.97977e-10	-2.03587e-09
1.80739e-06	4.6241e-07	2.92487e-07	1.92131e-07	1.56137e-07	1.19518e-07	6.89403e-08	4.49755e-08	2.45502e-08	1.1989e-08	7.86406e-09	7.85076e-10	-2.23547e-09	1.19757e-10	-3.20683e-09	-4.29796e-09	-2.95401e-09
1.76063e-06	4.4986e-07	2.89647e-07	1.92029e-07	1.54451e-07	1.20173e-07	6.9847e-08	5.16434e-08	3.04591e-08	1.65935e-08	6.67997e-09	6.56021e-09	-2.66134e-11	-1.05123e-09	-9.44777e-10	-1.99601e-09	-2.32868e-09
1.76184e-06	4.46599e-07	3.02283e-07	2.00751e-07	1.6727e-07	1.31048e-07	7.31224e-08	5.00612e-08	3.20967e-08	2.16373e-08	5.18976e-09	8.55645e-09	1.03795e-09	-6.25432e-10	-2.54165e-09	-3.0074e-09	-3.60622e-09
1.78748e-06	4.68767e-07	3.14282e-07	2.00636e-07	1.6444e-07	1.29228e-07	8.0124e-08	5.31898e-08	3.32153e-08	1.78053e-08	9.32851e-09	5.89519e-09	3.89908e-09	1.7832e-09	-8.51675e-10	3.69947e-09	1.17105e-09
1.87006e-06	5.13786e-07	3.32522e-07	2.07811e-07	1.74118e-07	1.39574e-07	8.23287e-08	5.51963e-08	3.2322e-08	1.89355e-08	1.04724e-08	7.95742e-09	2.63473e-09	1.5835e-09	-1.59681e-09	-1.91617e-09	-3.80572e-09
2.02161e-06	5.60254e-07	3.48432e-07	2.2654e-07	1.75347e-07	1.33124e-07	7.59834e-08	4.81849e-08	2.86501e-08	1.72327e-08	2.71464e-09	5.2696e-09	-3.68606e-09	-1.55693e-09	-1.72992e-09	-3.02071e-09	-2.12913e-09
2.31029e-06	6.14018e-07	3.78743e-07	2.46653e-07	1.94515e-07	1.45557e-07	8.87872e-08	5.59844e-08	3.17648e-08	1.87102e-08	1.05661e-08	7.69169e-09	4.35153e-09	4.33822e-09	1.63681e-09	-2.19573e-09	-2.07596e-09
2.68033e-06	6.71959e-07	4.05983e-07	2.59189e-07	2.04123e-07	1.55351e-07	9.37375e-08	5.54787e-08	3.01147e-08	1.94022e-08	1.30147e-08	4.43137e-09	-3.45993e-10	7.37232e-09	1.31744e-09	3.72608e-10	-1.49043e-09
3.1902e-06	7.28461e-07	4.22973e-07	2.57592e-07	2.00407e-07	1.53988e-07	9.44878e-08	5.68657e-08	3.98046e-08	1.90839e-08	1.34279e-08	1.31751e-08	4.95063e-09	1.0753e-08	7.61225e-09	1.90306e-09	-6.12174e-10
3.79949e-06	8.21972e-07	4.41469e-07	2.55297e-07	1.96593e-07	1.44663e-07	8.85414e-08	4.58744e-08	2.53261e-08	1.99228e-08	1.05403e-08	6.45462e-09	5.97551e-09	3.51344e-09	-2.92787e-10	2.15598e-09	-1.0913e-09
4.41018e-06	9.68153e-07	4.60966e-07	2.50865e-07	1.94104e-07	1.37849e-07	8.20335e-08	4.77642e-08	2.75353e-08	2.26511e-08	9.86159e-09	7.55922e-09	4.57812e-09	7.13335e-09	2.96779e-09	2.39553e-10	1.19776e-10
4.46407e-06	1.04759e-06	4.88422e-07	2.58817e-07	1.94285e-07	1.38351e-07	8.33489e-08	4.64055e-08	2.76011e-08	1.30154e-08	1.36675e-08	5.09702e-09	1.62359e-09	8.29097e-09	5.84227e-09	6.36129e-09	2.74148e-09
4.11581e-06	1.01609e-06	5.01637e-07	2.715e-07	1.92805e-07	1.3237e-07	8.13969e-08	4.51569e-08	2.65112e-08	1.29229e-08	6.90729e-09	1.84993e-09	3.59339e-09	8.23818e-09	6.68104e-09	3.32721e-09	-1.46397e-09
3.75947e-06	9.61247e-07	5.08251e-07	2.82958e-07	2.02683e-07	1.40427e-07	8.35485e-08	4.13351e-08	2.36752e-08	1.77397e-08	1.03937e-08	8.47728e-09	1.01541e-08	8.11796e-09	8.45067e-09	6.26813e-09	2.67494e-09
3.51105e-06	9.0226e-07	4.93971e-07	2.80417e-07	2.01735e-07	1.39144e-07	8.00394e-08	4.0033e-08	2.11344e-08	1.60372e-08	6.48141e-09	4.00596e-09	3.24736e-09	4.08582e-09	4.23221e-09	5.45663e-10	-1.17118e-09
3.29818e-06	8.63877e-07	4.78826e-07	2.68519e-07	1.95294e-07	1.3036e-07	6.94189e-08	3.27398e-08	1.72483e-08	7.85222e-09	-3.38045e-09	2.06287e-09	-8.79715e-09	-3.64662e-09	-5.13721e-09	-4.0592e-09	-4.59155e-09
3.14992e-06	8.37539e-07	4.71237e-07	2.69486e-07	1.98105e-07	1.35428e-07	7.54139e-08	3.96236e-08	1.97652e-08	1.12735e-08	5.41713e-09	1.73029e-09	3.46058e-10	1.0781e-09	1.19789e-10	-1.01155e-09	-4.53868e-09
3.04403e-06	8.03894e-07	4.65863e-07	2.70862e-07	1.96186e-07	1.34978e-07	8.153e-08	4.08448e-08	2.59256e-08	2.02827e-08	1.24038e-08	8.55759e-09	9.27627e-09	8.62413e-09	8.55759e-09	5.43001e-09	1.82331e-09
2.99047e-06	7.52815e-07	4.33852e-07	2.60188e-07	1.89022e-07	1.30487e-07	8.07091e-08	3.9556e-08	2.43831e-08	1.72625e-08	1.15926e-08	5.65656e-09	1.05279e-08	9.76921e-09	8.29185e-09	3.47379e-09	2.87486e-09
2.99933e-06	6.70961e-07	3.99513e-07	2.30734e-07	1.81369e-07	1.23619e-07	7.82735e-08	4.40546e-08	2.34781e-08	1.2897e-08	1.29103e-08	3.44717e-09	6.65478e-09	6.02923e-09	7.59976e-09	2.03636e-09	3.71337e-09
3.01847e-06	5.97703e-07	3.63448e-07	2.12255e-07	1.70305e-07	1.20701e-07	7.61952e-08	3.74521e-08	2.20533e-08	1.75948e-08	6.90747e-09	2.23595e-09	1.7302e-09	3.60679e-09	9.05026e-10	1.33092e-09	3.68665e-09
3.0033e-06	5.20924e-07	3.32526e-07	1.92698e-07	1.62589e-07	1.15762e-07	6.9934e-08	3.8654e-08	2.43984e-08	1.60659e-08	1.2512e-09	4.97817e-09	1.05154e-09	6.00309e-09	4.19284e-09	2.66212e-09	3.48738e-09
2.88483e-06	4.84733e-07	3.17343e-07	1.88247e-07	1.63703e-07	1.16704e-07	7.34194e-08	4.08891e-08	2.65407e-08	1.45614e-08	6.50872e-09	5.82989e-09	7.18754e-10	4.57873e-09	1.8102e-09	-1.23785e-09	-3.19446e-09
2.73413e-06	4.60841e-07	3.15666e-07	1.94742e-07	1.64195e-07	1.21217e-07	7.7905e-08	4.22468e-08	2.45707e-08	2.04978e-08	1.07148e-08	3.89991e-09	1.65047e-09	3.84667e-09	1.01158e-09	-2.99481e-09	-5.27086e-09
2.60877e-06	4.71569e-07	3.22388e-07	2.03753e-07	1.77e-07	1.3084e-07	8.01677e-08	4.59071e-08	2.92826e-08	2.56489e-08	1.25383e-08	5.47052e-09	8.78477e-09	6.57527e-09	4.25928e-09	2.03647e-09	6.12272e-10
2.56848e-06	4.85065e-07	3.34318e-07	2.10979e-07	1.78473e-07	1.30567e-07	8.29407e-08	4.74669e-08	3.16535e-08	2.10047e-08	1.47352e-08	6.65549e-09	8.77193e-09	5.51074e-09	7.93334e-09	1.57069e-09	7.72036e-10
2.57233e-06	5.04086e-07	3.37185e-07	2.1116e-07	1.72239e-07	1.25306e-07	7.69487e-08	4.6108e-08	2.88707e-08	1.57997e-08	5.67032e-09	4.21947e-09	1.34437e-09	5.48397e-09	6.13619e-09	1.41093e-09	1.63721e-09
2.5957e-06	5.29057e-07	3.47607e-07	2.16457e-07	1.7767e-07	1.29699e-07	8.23262e-08	4.56022e-08	2.85113e-08	1.76632e-08	6.58876e-09	1.61058e-09	9.31743e-10	3.80684e-09	3.19455e-09	-1.22458e-09	-2.99489e-09
2.61578e-06	5.56291e-07	3.57324e-07	2.20051e-07	1.80399e-07	1.31961e-07	8.41231e-08	5.12326e-08	2.90571e-08	1.54936e-08	1.12208e-08	2.42253e-09	7.4007e-09	5.20445e-09	4.92493e-09	-2.27612e-09	-8.38569e-10
2.66425e-06	5.73013e-07	3.72943e-07	2.3561e-07	1.87171e-07	1.37586e-07	9.17683e-08	5.00373e-08	3.47692e-08	2.36675e-08	1.2273e-08	7.94686e-09	4.60572e-09	8.06666e-09	6.12321e-09	-9.58415e-10	-3.82035e-09
2.82507e-06	5.9351e-07	3.80441e-07	2.31677e-07	1.87951e-07	1.36344e-07	8.85446e-08	5.06482e-08	3.38897e-08	1.94873e-08	1.07952e-08	8.09307e-09	1.71712e-09	3.75369e-09	1.89016e-09	1.73043e-09	-1.15805e-09
3.06368e-06	6.19596e-07	3.93861e-07	2.34453e-07	1.92418e-07	1.43675e-07	9.63689e-08	4.80779e-08	3.1027e-08	2.30806e-08	1.34038e-08	6.74848e-09	9.75668e-09	6.62869e-09	4.31264e-09	3.58056e-09	4.2594e-10
3.44103e-06	6.72786e-07	4.10639e-07	2.45561e-07	1.99489e-07	1.44738e-07	9.74947e-08	5.38457e-08	3.23074e-08	1.74649e-08	1.13682e-08	6.74902e-09	6.98863e-09	5.37792e-09	2.78214e-09	-6.12337e-10	-2.74221e-09
