1.04163e-05	5.74556e-06	4.29333e-06	3.22371e-06	2.59725e-06	2.09018e-06	1.47217e-06	9.19138e-07	6.17565e-07	4.33432e-07	2.95303e-07	1.9293e-07	1.27259e-07	8.79528e-08	5.1528e-08	2.85508e-08	1.17666e-08
9.95188e-06	5.48804e-06	4.1124e-06	3.09106e-06	2.49335e-06	2.00683e-06	1.41711e-06	8.85731e-07	5.95905e-07	4.21385e-07	2.87083e-07	1.88675e-07	1.19211e-07	8.03589e-08	4.5412e-08	2.58342e-08	1.11097e-08
9.32859e-06	5.14856e-06	3.87931e-06	2.9243e-06	2.36469e-06	1.9061e-06	1.3492e-06	8.48433e-07	5.72965e-07	4.04563e-07	2.77591e-07	1.8132e-07	1.16848e-07	7.7907e-08	4.43124e-08	2.15748e-08	5.44742e-09
8.69649e-06	4.79504e-06	3.6381e-06	2.75409e-06	2.23499e-06	1.8073e-06	1.28749e-06	8.13503e-07	5.51743e-07	3.94441e-07	2.71593e-07	1.78067e-07	1.17843e-07	7.99778e-08	4.73572e-08	2.72111e-08	1.0983e-08
8.0588e-06	4.44172e-06	3.39687e-06	2.58453e-06	2.10838e-06	1.71191e-06	1.2254e-06	7.79929e-07	5.33746e-07	3.80688e-07	2.64611e-07	1.75228e-07	1.15938e-07	7.87159e-08	4.59808e-08	2.44565e-08	8.16481e-09
7.42342e-06	4.09689e-06	3.16036e-06	2.41952e-06	1.9838e-06	1.61606e-06	1.16427e-06	7.44306e-07	5.09049e-07	3.64968e-07	2.53406e-07	1.67766e-07	1.11524e-07	7.66917e-08	4.45388e-08	2.25601e-08	5.78853e-09
6.89502e-06	3.80613e-06	2.95809e-06	2.27437e-06	1.87285e-06	1.52997e-06	1.10399e-06	7.06946e-07	4.8333e-07	3.44822e-07	2.39453e-07	1.57213e-07	1.03928e-07	7.15857e-08	4.28958e-08	2.26107e-08	7.26726e-09
6.53807e-06	3.61519e-06	2.82603e-06	2.17911e-06	1.79782e-06	1.47041e-06	1.06394e-06	6.82637e-07	4.67759e-07	3.35271e-07	2.34809e-07	1.56956e-07	1.03445e-07	7.36186e-08	4.31727e-08	2.16243e-08	8.73313e-09
6.33172e-06	3.48846e-06	2.73262e-06	2.10647e-06	1.73955e-06	1.42154e-06	1.0263e-06	6.59711e-07	4.5253e-07	3.23669e-07	2.27377e-07	1.52495e-07	1.00248e-07	7.22916e-08	4.34255e-08	2.07649e-08	9.09964e-09
6.21766e-06	3.41632e-06	2.66798e-06	2.05052e-06	1.6896e-06	1.37881e-06	9.98585e-07	6.43736e-07	4.4616e-07	3.20687e-07	2.25658e-07	1.53228e-07	1.03761e-07	7.49077e-08	4.59405e-08	2.6983e-08	1.34725e-08
6.17436e-06	3.35188e-06	2.60356e-06	1.99323e-06	1.6404e-06	1.33937e-06	9.73384e-07	6.36621e-07	4.47007e-07	3.22797e-07	2.33949e-07	1.61152e-07	1.1257e-07	8.49932e-08	5.42692e-08	3.26323e-08	1.40286e-08
6.18276e-06	3.29684e-06	2.54771e-06	1.94275e-06	1.60085e-06	1.30817e-06	9.54844e-07	6.31322e-07	4.474e-07	3.26846e-07	2.36989e-07	1.62387e-07	1.13515e-07	8.36514e-08	5.126e-08	2.94341e-08	1.15259e-08
6.22377e-06	3.2789e-06	2.52935e-06	1.92886e-06	1.59389e-06	1.30664e-06	9.60986e-07	6.39398e-07	4.55741e-07	3.38182e-07	2.46556e-07	1.71713e-07	1.19063e-07	8.5446e-08	5.23722e-08	3.06726e-08	1.36997e-08
6.3682e-06	3.32738e-06	2.56814e-06	1.96101e-06	1.62469e-06	1.3355e-06	9.87097e-07	6.60377e-07	4.75242e-07	3.55105e-07	2.60319e-07	1.80093e-07	1.26937e-07	8.97556e-08	5.53674e-08	3.15446e-08	1.30172e-08
6.46498e-06	3.37444e-06	2.60526e-06	1.99196e-06	1.65341e-06	1.35909e-06	1.00821e-06	6.77249e-07	4.87236e-07	3.64393e-07	2.65197e-07	1.85148e-07	1.28213e-07	9.03369e-08	5.35981e-08	2.82208e-08	9.64285e-09
6.51126e-06	3.39831e-06	2.62853e-06	2.01038e-06	1.669e-06	1.37526e-06	1.0197e-06	6.85565e-07	4.93744e-07	3.68337e-07	2.68294e-07	1.87309e-07	1.29275e-07	9.05012e-08	5.2448e-08	2.80186e-08	7.93671e-09
6.51054e-06	3.41076e-06	2.64734e-06	2.02861e-06	1.68567e-06	1.39017e-06	1.03199e-06	6.95696e-07	5.03235e-07	3.76011e-07	2.7573e-07	1.93699e-07	1.35312e-07	9.42903e-08	5.18021e-08	2.67036e-08	1.19553e-08
6.44668e-06	3.39979e-06	2.64968e-06	2.03532e-06	1.693e-06	1.39669e-06	1.03665e-06	6.97702e-07	5.03412e-07	3.74956e-07	2.72989e-07	1.9065e-07	1.30681e-07	9.269e-08	5.29675e-08	2.63131e-08	8.29078e-09
6.43034e-06	3.41454e-06	2.69243e-06	2.07839e-06	1.73356e-06	1.43188e-06	1.0656e-06	7.17944e-07	5.16884e-07	3.86523e-07	2.82474e-07	1.97647e-07	1.36731e-07	9.67823e-08	5.84384e-08	3.28337e-08	1.29667e-08
6.40381e-06	3.43654e-06	2.73658e-06	2.12977e-06	1.78462e-06	1.47915e-06	1.1008e-06	7.40212e-07	5.30748e-07	3.95786e-07	2.86846e-07	2.00983e-07	1.38892e-07	9.85896e-08	5.67323e-08	2.89412e-08	8.30321e-09
6.40939e-06	3.47206e-06	2.79849e-06	2.19851e-06	1.85085e-06	1.54272e-06	1.15249e-06	7.78606e-07	5.58363e-07	4.16576e-07	3.02783e-07	2.10512e-07	1.49635e-07	1.06931e-07	6.56421e-08	3.80027e-08	1.60756e-08
6.36543e-06	3.4885e-06	2.82811e-06	2.24145e-06	1.89811e-06	1.58897e-06	1.19191e-06	8.03845e-07	5.74084e-07	4.25233e-07	3.05171e-07	2.10424e-07	1.45591e-07	1.05161e-07	6.28491e-08	3.30612e-08	1.11215e-08
6.30341e-06	3.48336e-06	2.8411e-06	2.26583e-06	1.93186e-06	1.62259e-06	1.22387e-06	8.30498e-07	5.93484e-07	4.38162e-07	3.1259e-07	2.13482e-07	1.45262e-07	1.03114e-07	6.02962e-08	3.28843e-08	1.16397e-08
6.26754e-06	3.45797e-06	2.84231e-06	2.27372e-06	1.94618e-06	1.64354e-06	1.24943e-06	8.54577e-07	6.14776e-07	4.5439e-07	3.25409e-07	2.23398e-07	1.5437e-07	1.08558e-07	6.5135e-08	3.70286e-08	1.55065e-08
6.1481e-06	3.39728e-06	2.79782e-06	2.2455e-06	1.92525e-06	1.62794e-06	1.24506e-06	8.57914e-07	6.19427e-07	4.58548e-07	3.29352e-07	2.248e-07	1.53738e-07	1.0713e-07	6.28981e-08	3.36543e-08	1.2246e-08
6.02644e-06	3.31688e-06	2.74171e-06	2.20434e-06	1.89703e-06	1.61069e-06	1.23684e-06	8.57636e-07	6.22599e-07	4.66093e-07	3.35671e-07	2.3256e-07	1.5777e-07	1.0804e-07	5.96628e-08	3.02042e-08	7.62056e-09
5.87054e-06	3.20605e-06	2.66108e-06	2.14098e-06	1.84595e-06	1.56991e-06	1.2089e-06	8.42436e-07	6.1308e-07	4.60799e-07	3.33072e-07	2.2784e-07	1.55554e-07	1.07267e-07	6.10388e-08	3.39441e-08	1.4394e-08
5.6301e-06	3.04752e-06	2.54763e-06	2.05316e-06	1.77574e-06	1.51206e-06	1.17073e-06	8.23144e-07	6.03308e-07	4.53824e-07	3.31105e-07	2.2815e-07	1.57901e-07	1.10966e-07	6.49674e-08	3.51059e-08	1.50129e-08
5.32201e-06	2.86371e-06	2.41053e-06	1.94877e-06	1.68997e-06	1.44134e-06	1.11938e-06	7.9035e-07	5.82773e-07	4.42173e-07	3.23927e-07	2.27026e-07	1.57383e-07	1.10335e-07	6.61174e-08	3.63822e-08	1.57332e-08
5.04849e-06	2.71536e-06	2.29701e-06	1.86209e-06	1.61809e-06	1.38298e-06	1.07611e-06	7.61892e-07	5.64285e-07	4.29535e-07	3.15549e-07	2.23197e-07	1.55411e-07	1.09324e-07	6.67492e-08	3.75701e-08	1.60239e-08
4.86149e-06	2.617e-06	2.22333e-06	1.80584e-06	1.57157e-06	1.34313e-06	1.04575e-06	7.42335e-07	5.52824e-07	4.22343e-07	3.1193e-07	2.23796e-07	1.55959e-07	1.13648e-07	6.68394e-08	3.6598e-08	1.3977e-08
4.81604e-06	2.58665e-06	2.20027e-06	1.78869e-06	1.55699e-06	1.33036e-06	1.0331e-06	7.33767e-07	5.425e-07	4.14407e-07	3.06041e-07	2.21218e-07	1.53633e-07	1.11614e-07	6.39454e-08	3.33628e-08	9.37697e-09
4.85783e-06	2.61159e-06	2.21945e-06	1.80072e-06	1.56748e-06	1.33847e-06	1.04005e-06	7.37685e-07	5.46392e-07	4.20169e-07	3.11487e-07	2.20081e-07	1.56199e-07	1.11601e-07	6.68899e-08	3.84557e-08	1.89056e-08
4.93121e-06	2.65354e-06	2.25557e-06	1.82725e-06	1.58746e-06	1.35253e-06	1.05042e-06	7.43877e-07	5.52066e-07	4.23177e-07	3.1356e-07	2.21749e-07	1.57083e-07	1.10995e-07	6.49185e-08	3.52584e-08	1.35979e-08
4.97408e-06	2.6804e-06	2.28127e-06	1.85097e-06	1.60849e-06	1.37111e-06	1.06518e-06	7.54834e-07	5.57968e-07	4.26311e-07	3.15822e-07	2.23455e-07	1.58031e-07	1.10919e-07	6.55883e-08	3.55365e-08	1.28144e-08
4.98045e-06	2.68464e-06	2.29418e-06	1.86449e-06	1.62163e-06	1.38352e-06	1.07675e-06	7.61702e-07	5.65068e-07	4.32164e-07	3.20907e-07	2.27468e-07	1.59468e-07	1.13759e-07	6.72294e-08	3.55482e-08	1.3686e-08
4.94052e-06	2.65717e-06	2.27737e-06	1.8522e-06	1.61435e-06	1.37736e-06	1.07168e-06	7.60122e-07	5.65877e-07	4.30926e-07	3.1934e-07	2.25939e-07	1.5737e-07	1.13683e-07	6.70778e-08	3.23384e-08	1.08932e-08
4.82331e-06	2.59665e-06	2.23741e-06	1.82226e-06	1.58974e-06	1.35887e-06	1.05862e-06	7.50973e-07	5.56905e-07	4.26427e-07	3.16534e-07	2.26268e-07	1.57863e-07	1.13822e-07	6.78613e-08	3.6079e-08	1.0135e-08
4.67822e-06	2.51907e-06	2.17906e-06	1.779e-06	1.5552e-06	1.33092e-06	1.03631e-06	7.36314e-07	5.45797e-07	4.15041e-07	3.09394e-07	2.19797e-07	1.53832e-07	1.07239e-07	6.18839e-08	3.01648e-08	8.90916e-09
4.52845e-06	2.43035e-06	2.11408e-06	1.7299e-06	1.51468e-06	1.29691e-06	1.0141e-06	7.20082e-07	5.35168e-07	4.07916e-07	3.02588e-07	2.1336e-07	1.50201e-07	1.05429e-07	6.17434e-08	3.27546e-08	1.32181e-08
4.3569e-06	2.33009e-06	2.0396e-06	1.67411e-06	1.46831e-06	1.25892e-06	9.85632e-07	7.0205e-07	5.22809e-07	3.98223e-07	2.95676e-07	2.08507e-07	1.43289e-07	1.01195e-07	5.66255e-08	2.89003e-08	8.83312e-09
4.22564e-06	2.23933e-06	1.96976e-06	1.61564e-06	1.42051e-06	1.21833e-06	9.54091e-07	6.80896e-07	5.0647e-07	3.85725e-07	2.85427e-07	2.00192e-07	1.37817e-07	9.68484e-08	5.35042e-08	2.60318e-08	9.11113e-09
4.12097e-06	2.16695e-06	1.91347e-06	1.57155e-06	1.38378e-06	1.18524e-06	9.28376e-07	6.62644e-07	4.93303e-07	3.74861e-07	2.77863e-07	1.94766e-07	1.34149e-07	9.29034e-08	5.25045e-08	2.58669e-08	9.3889e-09
4.03902e-06	2.11369e-06	1.87019e-06	1.53611e-06	1.35217e-06	1.15968e-06	9.09702e-07	6.50358e-07	4.85544e-07	3.71516e-07	2.74217e-07	1.92941e-07	1.32616e-07	9.40635e-08	5.30339e-08	2.66749e-08	7.54378e-09
4.01152e-06	2.06414e-06	1.83874e-06	1.50735e-06	1.32867e-06	1.13974e-06	8.97862e-07	6.42498e-07	4.80465e-07	3.66992e-07	2.73295e-07	1.92878e-07	1.32894e-07	9.35328e-08	5.21241e-08	2.50828e-08	8.93376e-09
3.89781e-06	2.00316e-06	1.78622e-06	1.46875e-06	1.296e-06	1.11323e-06	8.74852e-07	6.26614e-07	4.6846e-07	3.57666e-07	2.63868e-07	1.83351e-07	1.24668e-07	8.74296e-08	4.80048e-08	2.21765e-08	5.11764e-09
3.77859e-06	1.92908e-06	1.72642e-06	1.42225e-06	1.25797e-06	1.08126e-06	8.50733e-07	6.08643e-07	4.54157e-07	3.44971e-07	2.53778e-07	1.78102e-07	1.21392e-07	8.58858e-08	4.69042e-08	2.40713e-08	6.26737e-09
3.6743e-06	1.85355e-06	1.66951e-06	1.37841e-06	1.22228e-06	1.05112e-06	8.27799e-07	5.95287e-07	4.42115e-07	3.36328e-07	2.46159e-07	1.72024e-07	1.17349e-07	8.28532e-08	4.5489e-08	2.07101e-08	5.79985e-09
3.59392e-06	1.79268e-06	1.6232e-06	1.34106e-06	1.18997e-06	1.02242e-06	8.05464e-07	5.75902e-07	4.27662e-07	3.22939e-07	2.37737e-07	1.64767e-07	1.16462e-07	8.33691e-08	4.8672e-08	2.60797e-08	9.38819e-09
3.47999e-06	1.71176e-06	1.55705e-06	1.28724e-06	1.14157e-06	9.79404e-07	7.72017e-07	5.47295e-07	4.0191e-07	3.03025e-07	2.22891e-07	1.54115e-07	1.02461e-07	7.41957e-08	3.94607e-08	2.05706e-08	6.3683e-09
3.37736e-06	1.63376e-06	1.49631e-06	1.23586e-06	1.09893e-06	9.42962e-07	7.38602e-07	5.20761e-07	3.81602e-07	2.86846e-07	2.09603e-07	1.46475e-07	1.01099e-07	7.36164e-08	4.10159e-08	2.16199e-08	9.42633e-09
3.26736e-06	1.55441e-06	1.43126e-06	1.17979e-06	1.05132e-06	8.97908e-07	6.9879e-07	4.8667e-07	3.56527e-07	2.66021e-07	1.91752e-07	1.29498e-07	8.76504e-08	6.38836e-08	3.38497e-08	1.71965e-08	4.46022e-09
3.1779e-06	1.48668e-06	1.37271e-06	1.12756e-06	1.00275e-06	8.55475e-07	6.62948e-07	4.59705e-07	3.33312e-07	2.46342e-07	1.76089e-07	1.19115e-07	7.83907e-08	5.73526e-08	2.8531e-08	1.4872e-08	3.10834e-09
3.13905e-06	1.438e-06	1.3329e-06	1.09012e-06	9.69372e-07	8.23242e-07	6.33949e-07	4.36911e-07	3.15029e-07	2.28147e-07	1.61709e-07	1.09588e-07	7.39809e-08	5.48381e-08	2.97187e-08	1.67926e-08	8.49107e-09
3.1095e-06	1.39669e-06	1.29422e-06	1.05543e-06	9.3594e-07	7.91974e-07	6.04304e-07	4.11111e-07	2.91684e-07	2.12158e-07	1.50094e-07	1.01397e-07	6.53745e-08	5.31563e-08	3.06656e-08	1.96604e-08	9.16052e-09
3.1151e-06	1.37056e-06	1.26255e-06	1.02317e-06	9.02901e-07	7.57436e-07	5.74407e-07	3.85983e-07	2.70209e-07	1.95348e-07	1.3748e-07	9.20198e-08	5.88912e-08	5.04511e-08	3.00584e-08	1.40373e-08	4.5991e-09
3.14628e-06	1.34266e-06	1.22924e-06	9.83044e-07	8.60704e-07	7.16417e-07	5.36931e-07	3.55511e-07	2.45477e-07	1.75254e-07	1.21822e-07	8.03179e-08	5.29641e-08	4.00389e-08	2.29949e-08	1.43276e-08	5.69819e-09
3.17742e-06	1.30753e-06	1.18658e-06	9.35613e-07	8.12473e-07	6.69977e-07	4.95793e-07	3.24337e-07	2.24926e-07	1.59275e-07	1.15799e-07	7.63147e-08	5.14871e-08	3.73108e-08	1.9622e-08	1.04996e-08	7.58093e-11
3.19058e-06	1.25051e-06	1.1154e-06	8.6222e-07	7.44049e-07	6.05663e-07	4.45848e-07	2.9014e-07	2.01218e-07	1.4531e-07	1.04589e-07	6.98565e-08	4.69627e-08	3.76257e-08	2.019e-08	1.4555e-08	4.58634e-09
3.19645e-06	1.18483e-06	1.04895e-06	7.96336e-07	6.85218e-07	5.529e-07	4.05319e-07	2.63449e-07	1.83298e-07	1.329e-07	9.69299e-08	6.72015e-08	4.60518e-08	4.08212e-08	2.57865e-08	1.64877e-08	8.99558e-09
3.15725e-06	1.10369e-06	9.65116e-07	7.22292e-07	6.22176e-07	5e-07	3.66794e-07	2.39021e-07	1.6881e-07	1.24804e-07	9.28766e-08	6.80118e-08	4.67858e-08	4.04811e-08	2.58882e-08	1.6665e-08	7.41649e-09
3.10407e-06	1.01919e-06	8.86522e-07	6.54702e-07	5.6461e-07	4.53659e-07	3.34925e-07	2.1911e-07	1.54576e-07	1.12745e-07	8.39903e-08	6.28032e-08	4.32838e-08	3.70174e-08	2.32085e-08	1.47185e-08	5.7737e-09
3.06077e-06	9.52332e-07	8.2617e-07	6.05556e-07	5.23044e-07	4.21278e-07	3.08495e-07	2.05137e-07	1.4716e-07	1.08146e-07	8.32449e-08	6.08071e-08	4.3069e-08	3.80786e-08	2.50404e-08	1.72579e-08	1.01956e-08
2.99222e-06	8.86156e-07	7.68395e-07	5.59e-07	4.87151e-07	3.89213e-07	2.89873e-07	1.9335e-07	1.41146e-07	1.06277e-07	8.18299e-08	6.11608e-08	4.3865e-08	3.87988e-08	2.48636e-08	1.41879e-08	3.22165e-09
2.88545e-06	8.14332e-07	7.10645e-07	5.15085e-07	4.53444e-07	3.62303e-07	2.72754e-07	1.81739e-07	1.36901e-07	1.02474e-07	8.3586e-08	6.29296e-08	4.56843e-08	4.03275e-08	2.73524e-08	1.89003e-08	6.4433e-09
2.75014e-06	7.37708e-07	6.48605e-07	4.68429e-07	4.15269e-07	3.33645e-07	2.52148e-07	1.69943e-07	1.26889e-07	9.56845e-08	7.52944e-08	5.53969e-08	3.83925e-08	3.38067e-08	2.19566e-08	1.32397e-08	4.00475e-09
2.62055e-06	6.65016e-07	5.94573e-07	4.30517e-07	3.85745e-07	3.10526e-07	2.36937e-07	1.6206e-07	1.19561e-07	9.11997e-08	7.25656e-08	5.26302e-08	3.74324e-08	3.42994e-08	1.99606e-08	1.07004e-08	1.03593e-09
2.50047e-06	6.12294e-07	5.48687e-07	3.95349e-07	3.58435e-07	2.88006e-07	2.19915e-07	1.49637e-07	1.12774e-07	8.48051e-08	6.8079e-08	5.3968e-08	3.53723e-08	3.36542e-08	2.14002e-08	1.5109e-08	5.09108e-09
2.44126e-06	5.88923e-07	5.24546e-07	3.74972e-07	3.39688e-07	2.7128e-07	2.05879e-07	1.41565e-07	1.06104e-07	7.90192e-08	6.20026e-08	4.74241e-08	3.30605e-08	3.09381e-08	1.94674e-08	1.34415e-08	6.8218e-09
2.44442e-06	5.91079e-07	5.24684e-07	3.73235e-07	3.37763e-07	2.68538e-07	2.01043e-07	1.42657e-07	1.04697e-07	8.03668e-08	6.26563e-08	4.84829e-08	3.45494e-08	3.22882e-08	2.05781e-08	1.48682e-08	7.5415e-09
2.45596e-06	5.99343e-07	5.30445e-07	3.74949e-07	3.36054e-07	2.67989e-07	2.03474e-07	1.41713e-07	1.0619e-07	8.22006e-08	6.68772e-08	5.08969e-08	3.74179e-08	3.54219e-08	2.41283e-08	1.63087e-08	7.68065e-09
2.43813e-06	5.99328e-07	5.35295e-07	3.76797e-07	3.39671e-07	2.72138e-07	2.06437e-07	1.43187e-07	1.09143e-07	8.45102e-08	6.47407e-08	5.01503e-08	3.66211e-08	3.3703e-08	2.41404e-08	1.60809e-08	7.18779e-09
2.36425e-06	5.86016e-07	5.25821e-07	3.74634e-07	3.35851e-07	2.6924e-07	2.03487e-07	1.40159e-07	1.04371e-07	7.99646e-08	6.16094e-08	4.83957e-08	3.36534e-08	3.28196e-08	1.88353e-08	9.12077e-09	-6.31632e-10
2.31948e-06	5.75234e-07	5.26779e-07	3.81553e-07	3.45464e-07	2.78402e-07	2.11088e-07	1.46869e-07	1.11247e-07	8.44681e-08	6.89943e-08	5.27499e-08	3.92088e-08	3.70235e-08	2.19665e-08	1.49433e-08	4.80004e-09
2.26659e-06	5.62061e-07	5.2006e-07	3.79769e-07	3.43035e-07	2.78346e-07	2.12647e-07	1.48426e-07	1.10404e-07	8.43186e-08	6.7657e-08	5.1147e-08	3.64686e-08	3.24769e-08	1.91501e-08	1.19246e-08	3.18327e-09
2.2368e-06	5.56276e-07	5.20098e-07	3.84746e-07	3.51107e-07	2.84877e-07	2.19001e-07	1.53125e-07	1.1485e-07	8.73124e-08	6.96781e-08	5.27765e-08	3.69107e-08	3.34748e-08	1.99459e-08	1.25941e-08	6.39179e-09
2.20692e-06	5.47584e-07	5.17672e-07	3.82993e-07	3.50289e-07	2.8684e-07	2.18692e-07	1.53134e-07	1.13761e-07	8.40512e-08	6.67711e-08	5.24215e-08	3.49392e-08	3.23119e-08	1.76591e-08	1.2998e-08	7.66743e-09
2.19339e-06	5.51499e-07	5.25087e-07	3.90319e-07	3.58854e-07	2.92878e-07	2.26865e-07	1.5753e-07	1.19559e-07	9.12134e-08	7.29227e-08	5.55163e-08	3.81351e-08	3.68214e-08	2.2977e-08	1.89096e-08	6.77058e-09
2.14149e-06	5.43769e-07	5.1483e-07	3.85178e-07	3.52146e-07	2.88634e-07	2.23404e-07	1.52262e-07	1.14784e-07	8.57818e-08	6.58995e-08	4.85057e-08	3.41056e-08	3.24255e-08	2.03623e-08	1.41349e-08	6.87164e-09
2.11549e-06	5.36884e-07	5.11911e-07	3.84688e-07	3.522e-07	2.88159e-07	2.24017e-07	1.56717e-07	1.18015e-07	8.96827e-08	7.01799e-08	5.29254e-08	3.79067e-08	3.69089e-08	2.36459e-08	1.67492e-08	8.07144e-09
2.08886e-06	5.22812e-07	5.00783e-07	3.73007e-07	3.44929e-07	2.79929e-07	2.17671e-07	1.51269e-07	1.13465e-07	8.60174e-08	6.79929e-08	5.12189e-08	3.62511e-08	3.4887e-08	2.27485e-08	1.56625e-08	6.71972e-09
2.05488e-06	5.12833e-07	4.93583e-07	3.70241e-07	3.40962e-07	2.79613e-07	2.16294e-07	1.53429e-07	1.14589e-07	8.8531e-08	6.9635e-08	5.3442e-08	3.63774e-08	3.44954e-08	2.05002e-08	1.09385e-08	2.10938e-09
2.06094e-06	5.11519e-07	4.89277e-07	3.69891e-07	3.40007e-07	2.78192e-07	2.18095e-07	1.56091e-07	1.18527e-07	9.02213e-08	7.42813e-08	5.59289e-08	3.91679e-08	3.80311e-08	2.16617e-08	1.19234e-08	3.2461e-09
2.09371e-06	5.04143e-07	4.82343e-07	3.61596e-07	3.36297e-07	2.77793e-07	2.17774e-07	1.56655e-07	1.21328e-07	9.36545e-08	7.37995e-08	5.78346e-08	4.07962e-08	3.93185e-08	2.43514e-08	1.96529e-08	8.77813e-09
2.11783e-06	4.91121e-07	4.7364e-07	3.54683e-07	3.31418e-07	2.74554e-07	2.17451e-07	1.58288e-07	1.21066e-07	9.50462e-08	7.4635e-08	5.67625e-08	3.94584e-08	3.74248e-08	2.19775e-08	1.48916e-08	6.13853e-09
2.14065e-06	4.80991e-07	4.68058e-07	3.53639e-07	3.30159e-07	2.75343e-07	2.18923e-07	1.59964e-07	1.2398e-07	9.55617e-08	7.72476e-08	5.79609e-08	4.019e-08	3.57693e-08	2.04865e-08	1.23273e-08	5.80999e-09
2.13871e-06	4.68714e-07	4.63737e-07	3.48835e-07	3.30432e-07	2.75577e-07	2.22162e-07	1.62722e-07	1.2488e-07	9.86965e-08	7.73885e-08	5.85687e-08	4.0772e-08	3.94837e-08	2.33921e-08	1.62179e-08	7.81842e-09
2.14306e-06	4.59961e-07	4.61729e-07	3.48305e-07	3.30925e-07	2.76727e-07	2.23463e-07	1.65917e-07	1.26231e-07	1.01816e-07	8.07735e-08	6.25979e-08	4.48517e-08	4.1353e-08	2.37584e-08	1.52074e-08	6.36589e-09
2.17921e-06	4.57967e-07	4.58662e-07	3.45269e-07	3.31022e-07	2.75803e-07	2.22681e-07	1.62916e-07	1.26857e-07	1.01344e-07	7.93296e-08	6.22411e-08	4.47989e-08	4.01258e-08	2.36056e-08	1.51814e-08	6.58028e-09
2.23205e-06	4.60277e-07	4.63637e-07	3.46591e-07	3.31068e-07	2.76821e-07	2.24013e-07	1.6153e-07	1.25723e-07	9.74057e-08	7.918e-08	6.20785e-08	4.34739e-08	3.95584e-08	2.39599e-08	1.49165e-08	6.55518e-09
2.29985e-06	4.66215e-07	4.709e-07	3.50106e-07	3.3447e-07	2.78569e-07	2.22719e-07	1.6337e-07	1.27273e-07	9.84137e-08	7.87612e-08	6.3542e-08	4.5822e-08	3.94817e-08	2.32141e-08	1.52445e-08	7.0097e-09
2.35854e-06	4.66087e-07	4.65948e-07	3.40945e-07	3.26041e-07	2.6899e-07	2.17521e-07	1.60406e-07	1.22389e-07	9.67868e-08	7.71844e-08	6.08407e-08	4.3676e-08	3.85227e-08	2.11559e-08	1.162e-08	2.51345e-09
2.43103e-06	4.69649e-07	4.71822e-07	3.47614e-07	3.34706e-07	2.7533e-07	2.22523e-07	1.65534e-07	1.26658e-07	1.02117e-07	8.29944e-08	6.44656e-08	4.71493e-08	4.22108e-08	2.46419e-08	1.65079e-08	4.14277e-09
2.50215e-06	4.73073e-07	4.78592e-07	3.54135e-07	3.43589e-07	2.84707e-07	2.33606e-07	1.72148e-07	1.35799e-07	1.09238e-07	8.83727e-08	7.12969e-08	5.11013e-08	4.68703e-08	2.88976e-08	1.85789e-08	7.33808e-09
2.53727e-06	4.83378e-07	4.89908e-07	3.62275e-07	3.51172e-07	2.9369e-07	2.38304e-07	1.7707e-07	1.41262e-07	1.12148e-07	9.06002e-08	7.09089e-08	5.13944e-08	4.55969e-08	2.70929e-08	1.67357e-08	3.90289e-09
2.56362e-06	4.8353e-07	4.97322e-07	3.6655e-07	3.57684e-07	2.96188e-07	2.39391e-07	1.79979e-07	1.39184e-07	1.10059e-07	8.75518e-08	6.84803e-08	4.87143e-08	4.43442e-08	2.57275e-08	1.92861e-08	9.09366e-09
2.59742e-06	4.95706e-07	5.08753e-07	3.79253e-07	3.70791e-07	3.09634e-07	2.5449e-07	1.86816e-07	1.47283e-07	1.17854e-07	9.28967e-08	7.19807e-08	5.16079e-08	4.55074e-08	2.64607e-08	1.86425e-08	7.99505e-09
2.61016e-06	4.88342e-07	5.05936e-07	3.79215e-07	3.71688e-07	3.09975e-07	2.53076e-07	1.89279e-07	1.48332e-07	1.16389e-07	9.21262e-08	6.94041e-08	4.9347e-08	4.46359e-08	2.5084e-08	1.57122e-08	5.91103e-09
2.60949e-06	4.82545e-07	5.04989e-07	3.76377e-07	3.72853e-07	3.11332e-07	2.56694e-07	1.90651e-07	1.49452e-07	1.19607e-07	9.59003e-08	7.20168e-08	5.22507e-08	4.69587e-08	2.62832e-08	1.70506e-08	4.29423e-09
2.58766e-06	4.74096e-07	4.94115e-07	3.68953e-07	3.6428e-07	3.0511e-07	2.52494e-07	1.8879e-07	1.46707e-07	1.1776e-07	9.40413e-08	7.27601e-08	5.13526e-08	4.58208e-08	2.58279e-08	1.80227e-08	7.30001e-09
2.54799e-06	4.67654e-07	4.83543e-07	3.60021e-07	3.55929e-07	3.00546e-07	2.46173e-07	1.83604e-07	1.4152e-07	1.12433e-07	8.76276e-08	6.76468e-08	4.79438e-08	4.31696e-08	2.47171e-08	1.55476e-08	1.02304e-08
2.51997e-06	4.61997e-07	4.79376e-07	3.56526e-07	3.51676e-07	2.96105e-07	2.42226e-07	1.80366e-07	1.40254e-07	1.09778e-07	8.59961e-08	6.54096e-08	4.62123e-08	4.53409e-08	2.47922e-08	1.55599e-08	8.48721e-09
2.46917e-06	4.49457e-07	4.66444e-07	3.4539e-07	3.40048e-07	2.85855e-07	2.34529e-07	1.75486e-07	1.3492e-07	1.07123e-07	8.26345e-08	6.32736e-08	4.4443e-08	4.20813e-08	2.18995e-08	1.31599e-08	2.87952e-09
2.42281e-06	4.34253e-07	4.45985e-07	3.3202e-07	3.27878e-07	2.7404e-07	2.25241e-07	1.68271e-07	1.29512e-07	1.02637e-07	8.1079e-08	6.13018e-08	4.30401e-08	4.06405e-08	2.28714e-08	1.46119e-08	5.60734e-09
2.37265e-06	4.21506e-07	4.28642e-07	3.18624e-07	3.15062e-07	2.63697e-07	2.16979e-07	1.62533e-07	1.24972e-07	9.82975e-08	7.88224e-08	5.9562e-08	4.16656e-08	4.09836e-08	2.28978e-08	1.47768e-08	6.68115e-09
2.30957e-06	4.06325e-07	4.11137e-07	3.03064e-07	2.99578e-07	2.50688e-07	2.06269e-07	1.54576e-07	1.19894e-07	9.51148e-08	7.65743e-08	5.90442e-08	4.02132e-08	3.84955e-08	2.09402e-08	1.30213e-08	4.11731e-09
2.28114e-06	3.95946e-07	4.02248e-07	2.93963e-07	2.91134e-07	2.43433e-07	1.9923e-07	1.49773e-07	1.16785e-07	9.30033e-08	7.50189e-08	5.69715e-08	4.0389e-08	3.88103e-08	2.01945e-08	1.30083e-08	6.50417e-09
2.23281e-06	3.77305e-07	3.87333e-07	2.82294e-07	2.78517e-07	2.31018e-07	1.90237e-07	1.43407e-07	1.11505e-07	8.9126e-08	7.07628e-08	5.43572e-08	3.78757e-08	3.59939e-08	1.81233e-08	9.38368e-09	2.36171e-09
2.19969e-06	3.61635e-07	3.73873e-07	2.69076e-07	2.66879e-07	2.20871e-07	1.80698e-07	1.35864e-07	1.05681e-07	8.47415e-08	6.79826e-08	5.30424e-08	3.65361e-08	3.49574e-08	1.78576e-08	1.04822e-08	2.57634e-09
2.19548e-06	3.4784e-07	3.66343e-07	2.58171e-07	2.59864e-07	2.11493e-07	1.76143e-07	1.341e-07	1.04597e-07	8.31776e-08	6.82496e-08	5.33973e-08	3.78631e-08	3.69285e-08	2.07376e-08	1.30462e-08	8.17126e-09
2.17498e-06	3.4286e-07	3.57926e-07	2.51806e-07	2.48914e-07	2.01771e-07	1.6718e-07	1.27513e-07	1.00816e-07	7.90185e-08	6.53667e-08	5.15129e-08	3.53228e-08	3.62321e-08	1.90948e-08	1.33487e-08	6.02394e-09
2.14418e-06	3.45739e-07	3.52824e-07	2.4505e-07	2.42284e-07	1.97148e-07	1.61838e-07	1.23068e-07	9.71408e-08	7.96878e-08	6.57582e-08	5.33946e-08	3.58785e-08	3.61689e-08	1.80592e-08	9.97676e-09	5.58194e-09
2.108e-06	3.45322e-07	3.44615e-07	2.38659e-07	2.34239e-07	1.89558e-07	1.57001e-07	1.1957e-07	9.44762e-08	7.83113e-08	6.56446e-08	5.20181e-08	4.03617e-08	3.98944e-08	2.22899e-08	1.50662e-08	7.77935e-09
2.07251e-06	3.43962e-07	3.37118e-07	2.322e-07	2.27098e-07	1.84035e-07	1.51024e-07	1.15298e-07	9.02811e-08	7.49375e-08	6.34834e-08	4.99836e-08	3.7393e-08	3.79234e-08	1.85639e-08	1.3121e-08	1.32599e-09
2.0335e-06	3.31986e-07	3.25963e-07	2.22389e-07	2.19535e-07	1.76689e-07	1.42417e-07	1.07779e-07	8.4935e-08	6.93269e-08	5.80124e-08	4.62937e-08	3.19864e-08	3.32618e-08	1.69718e-08	9.36987e-09	4.79859e-10
2.01131e-06	3.26013e-07	3.22452e-07	2.20255e-07	2.15128e-07	1.71562e-07	1.39917e-07	1.0442e-07	8.37985e-08	6.85566e-08	5.76967e-08	4.74176e-08	3.44867e-08	3.66839e-08	2.05329e-08	1.58732e-08	5.58151e-09
1.97985e-06	3.26565e-07	3.16715e-07	2.15613e-07	2.09274e-07	1.69117e-07	1.36826e-07	1.00988e-07	8.0934e-08	6.52624e-08	5.37708e-08	4.43123e-08	3.12926e-08	3.22397e-08	1.65303e-08	1.05319e-08	1.83109e-09
1.97145e-06	3.25024e-07	3.16083e-07	2.14969e-07	2.0815e-07	1.6721e-07	1.3502e-07	1.01265e-07	7.96712e-08	6.65505e-08	5.38087e-08	4.48679e-08	3.27701e-08	3.54852e-08	2.10133e-08	1.56968e-08	6.41511e-09
1.95331e-06	3.23934e-07	3.15207e-07	2.14735e-07	2.08307e-07	1.65875e-07	1.32624e-07	1.01735e-07	8.01404e-08	6.67416e-08	5.58179e-08	4.68391e-08	3.45768e-08	3.78729e-08	2.14558e-08	1.66949e-08	1.02922e-08
1.93623e-06	3.16222e-07	3.07951e-07	2.10221e-07	2.05574e-07	1.63901e-07	1.3007e-07	9.89923e-08	7.85346e-08	6.38986e-08	5.33793e-08	4.43502e-08	3.10022e-08	3.5119e-08	1.94853e-08	1.39162e-08	7.61479e-09
1.93182e-06	3.14345e-07	3.07564e-07	2.09193e-07	2.03687e-07	1.62394e-07	1.29385e-07	9.64895e-08	7.7232e-08	6.20785e-08	5.32517e-08	4.3503e-08	3.07993e-08	3.44993e-08	1.87397e-08	1.28552e-08	4.55866e-09
1.94969e-06	3.17191e-07	3.15398e-07	2.10552e-07	2.05639e-07	1.62782e-07	1.29533e-07	9.67269e-08	7.81518e-08	6.38196e-08	5.60031e-08	4.32872e-08	3.23139e-08	3.60895e-08	1.92696e-08	1.48626e-08	7.32397e-09
1.93846e-06	3.17818e-07	3.12514e-07	2.08473e-07	2.02854e-07	1.59629e-07	1.27503e-07	9.42796e-08	7.38225e-08	6.00833e-08	5.23804e-08	4.3061e-08	3.14181e-08	3.57242e-08	1.87271e-08	1.27668e-08	3.33375e-09
1.90357e-06	3.21518e-07	3.10052e-07	2.05922e-07	1.98939e-07	1.57949e-07	1.25761e-07	9.3724e-08	7.44791e-08	6.0298e-08	5.06251e-08	4.17224e-08	2.99533e-08	3.2542e-08	1.62394e-08	1.05948e-08	9.47089e-10
1.87256e-06	3.29322e-07	3.12047e-07	2.11416e-07	2.0101e-07	1.61409e-07	1.29221e-07	9.84089e-08	7.93535e-08	6.46673e-08	5.49564e-08	4.67862e-08	3.62546e-08	3.81361e-08	2.20482e-08	1.4762e-08	5.78356e-09
1.84146e-06	3.24288e-07	3.05018e-07	2.05387e-07	1.93706e-07	1.52604e-07	1.22399e-07	9.34185e-08	7.44646e-08	5.97283e-08	4.9601e-08	4.24412e-08	3.19856e-08	3.38418e-08	1.89539e-08	1.33094e-08	4.73533e-09
1.83082e-06	3.24389e-07	3.03907e-07	2.03089e-07	1.91699e-07	1.52086e-07	1.21389e-07	9.07415e-08	7.39342e-08	6.02586e-08	4.89191e-08	4.23654e-08	2.91822e-08	3.21245e-08	1.59991e-08	1.35999e-08	3.47257e-09
1.83398e-06	3.27992e-07	3.0669e-07	2.0542e-07	1.94371e-07	1.53951e-07	1.21108e-07	9.305e-08	7.33263e-08	6.01687e-08	4.93724e-08	4.1493e-08	2.9977e-08	3.24141e-08	1.49633e-08	8.18244e-09	-3.73766e-09
1.85108e-06	3.34188e-07	3.09099e-07	2.0676e-07	1.94121e-07	1.57125e-07	1.23299e-07	9.10377e-08	7.28554e-08	5.97237e-08	5.36882e-08	4.41804e-08	3.26523e-08	3.49378e-08	1.7652e-08	1.21215e-08	-2.77785e-10
1.87979e-06	3.45362e-07	3.17786e-07	2.10523e-07	1.96154e-07	1.54322e-07	1.22528e-07	9.19215e-08	7.62646e-08	5.93702e-08	5.01907e-08	4.08849e-08	3.14149e-08	3.30816e-08	1.66166e-08	1.05179e-08	6.69209e-10
1.91036e-06	3.54352e-07	3.22849e-07	2.14033e-07	2.00434e-07	1.571e-07	1.23538e-07	9.30579e-08	7.60373e-08	6.15167e-08	5.2817e-08	4.33471e-08	3.41549e-08	3.6857e-08	2.09475e-08	1.65661e-08	7.39918e-09
1.93756e-06	3.63241e-07	3.27344e-07	2.17354e-07	2.02998e-07	1.58956e-07	1.25407e-07	9.39039e-08	7.59741e-08	6.23627e-08	5.45595e-08	4.56451e-08	3.44074e-08	3.65918e-08	2.10485e-08	1.62883e-08	1.01265e-08
1.96548e-06	3.67648e-07	3.31359e-07	2.20637e-07	2.05018e-07	1.60206e-07	1.2595e-07	9.57726e-08	7.74767e-08	6.39158e-08	5.54938e-08	4.64658e-08	3.4963e-08	3.64403e-08	2.20208e-08	1.57832e-08	6.80573e-09
1.98189e-06	3.61827e-07	3.2939e-07	2.16167e-07	1.9998e-07	1.56544e-07	1.21442e-07	9.02296e-08	7.17821e-08	5.91682e-08	5.06705e-08	4.14909e-08	3.09099e-08	3.34478e-08	1.70711e-08	1.18816e-08	4.62133e-09
2.00351e-06	3.59592e-07	3.29364e-07	2.15965e-07	2.02038e-07	1.55383e-07	1.20634e-07	8.73507e-08	7.1618e-08	5.78424e-08	5.03422e-08	4.44077e-08	3.07836e-08	3.42812e-08	1.73615e-08	1.38009e-08	6.03551e-09
2.03165e-06	3.54975e-07	3.28624e-07	2.13119e-07	2.00278e-07	1.54066e-07	1.19167e-07	8.74621e-08	7.07576e-08	5.80808e-08	4.94192e-08	4.1149e-08	3.13384e-08	3.45581e-08	1.89015e-08	1.40025e-08	5.98485e-09
2.06758e-06	3.55038e-07	3.2923e-07	2.11187e-07	1.98598e-07	1.53662e-07	1.19356e-07	8.71843e-08	6.82197e-08	5.74495e-08	4.95202e-08	4.10227e-08	2.8548e-08	3.12753e-08	1.59848e-08	8.23232e-09	-1.89394e-10
2.12568e-06	3.59549e-07	3.31772e-07	2.13252e-07	2.0204e-07	1.55867e-07	1.22042e-07	8.85584e-08	7.06295e-08	5.84834e-08	5.16149e-08	4.16909e-08	3.25749e-08	3.43299e-08	1.9545e-08	1.26007e-08	3.87616e-09
2.16362e-06	3.6184e-07	3.29832e-07	2.09336e-07	1.97126e-07	1.49069e-07	1.16442e-07	8.43834e-08	6.7931e-08	5.44458e-08	4.71098e-08	3.87131e-08	2.7829e-08	3.11245e-08	1.51014e-08	8.53557e-09	3.99e-09
2.19293e-06	3.65423e-07	3.32079e-07	2.11353e-07	1.97313e-07	1.49008e-07	1.17923e-07	8.50336e-08	6.81405e-08	5.72193e-08	4.83309e-08	4.03262e-08	3.16272e-08	3.40261e-08	1.93172e-08	1.4267e-08	6.6032e-09
2.19484e-06	3.68927e-07	3.34078e-07	2.11553e-07	1.9673e-07	1.49129e-07	1.17614e-07	8.30808e-08	6.50253e-08	5.50631e-08	4.75e-08	3.96338e-08	2.94697e-08	3.4899e-08	1.98232e-08	1.44192e-08	6.57828e-09
2.17138e-06	3.70461e-07	3.32003e-07	2.07969e-07	1.93993e-07	1.47467e-07	1.13934e-07	8.03242e-08	6.35574e-08	5.20807e-08	4.63739e-08	3.89501e-08	2.8092e-08	3.26877e-08	1.81178e-08	1.18176e-08	1.94435e-09
2.13646e-06	3.73403e-07	3.28418e-07	2.06555e-07	1.90394e-07	1.43074e-07	1.07166e-07	7.42892e-08	6.2358e-08	4.94798e-08	4.06545e-08	3.60588e-08	2.37488e-08	2.68926e-08	1.22595e-08	8.28241e-09	-2.14636e-10
2.11819e-06	3.81385e-07	3.30177e-07	2.0583e-07	1.88685e-07	1.41681e-07	1.07416e-07	7.84789e-08	6.20408e-08	5.13976e-08	4.51355e-08	3.80148e-08	2.99977e-08	3.40883e-08	1.88243e-08	1.45191e-08	5.50463e-09
2.08305e-06	3.86903e-07	3.32765e-07	2.05603e-07	1.88458e-07	1.42262e-07	1.07479e-07	7.95521e-08	6.34169e-08	5.34303e-08	4.95038e-08	4.3128e-08	3.61463e-08	3.92395e-08	2.58061e-08	2.10969e-08	1.29157e-08
2.02348e-06	3.77105e-07	3.15393e-07	1.97207e-07	1.80138e-07	1.34434e-07	9.87173e-08	7.08406e-08	5.58417e-08	4.58299e-08	4.06409e-08	3.63609e-08	2.5642e-08	3.0326e-08	1.59205e-08	1.13754e-08	6.55253e-09
2.00069e-06	3.74773e-07	3.16824e-07	1.9671e-07	1.7877e-07	1.3313e-07	9.8134e-08	6.99298e-08	5.60171e-08	4.65357e-08	4.1612e-08	3.57792e-08	2.81537e-08	3.21685e-08	1.68544e-08	1.08575e-08	6.56499e-09
1.99864e-06	3.72838e-07	3.18069e-07	2.0001e-07	1.80479e-07	1.35495e-07	1.0051e-07	7.16107e-08	5.69401e-08	4.92513e-08	4.21685e-08	3.5212e-08	2.78388e-08	3.12981e-08	1.56301e-08	8.91347e-09	5.05012e-11
2.01908e-06	3.71314e-07	3.20447e-07	2.02631e-07	1.81143e-07	1.37057e-07	1.03727e-07	7.51818e-08	5.98298e-08	5.14089e-08	4.57151e-08	3.98066e-08	3.02242e-08	3.4845e-08	2.00485e-08	1.37234e-08	2.51237e-09
2.06407e-06	3.67113e-07	3.15718e-07	1.95367e-07	1.77629e-07	1.30047e-07	9.75761e-08	6.57493e-08	5.30489e-08	4.43e-08	3.81644e-08	3.21298e-08	2.3242e-08	2.84181e-08	1.28898e-08	8.48378e-09	6.18609e-10
2.12888e-06	3.78317e-07	3.21125e-07	1.97068e-07	1.7986e-07	1.32843e-07	9.76567e-08	6.69772e-08	5.15996e-08	4.34058e-08	3.83178e-08	3.27879e-08	2.41017e-08	2.87478e-08	1.39257e-08	9.54473e-09	3.10583e-09
2.19063e-06	4.05769e-07	3.38265e-07	2.09481e-07	1.89458e-07	1.41396e-07	1.01742e-07	7.38038e-08	5.68489e-08	4.72163e-08	4.28986e-08	3.72933e-08	2.886e-08	3.24959e-08	1.86719e-08	1.39503e-08	5.7821e-09
2.2261e-06	4.22019e-07	3.44342e-07	2.12682e-07	1.91322e-07	1.41595e-07	1.02333e-07	7.26531e-08	5.78448e-08	4.72151e-08	4.35035e-08	3.78604e-08	2.89224e-08	3.30379e-08	1.87598e-08	1.33818e-08	3.72418e-09
2.23854e-06	4.31159e-07	3.49985e-07	2.15043e-07	1.91966e-07	1.41203e-07	1.02661e-07	7.25774e-08	5.61152e-08	4.68868e-08	4.33646e-08	3.77342e-08	3.20532e-08	3.41489e-08	2.19159e-08	1.67778e-08	9.02641e-09
2.22838e-06	4.33948e-07	3.54412e-07	2.21184e-07	1.97488e-07	1.44956e-07	1.07916e-07	7.4839e-08	6.0611e-08	5.02083e-08	4.63073e-08	4.21285e-08	3.61318e-08	3.92122e-08	2.57038e-08	2.06413e-08	1.10971e-08
2.16269e-06	4.175e-07	3.43559e-07	2.13768e-07	1.89744e-07	1.39398e-07	1.01108e-07	6.88153e-08	5.57365e-08	4.77832e-08	4.10796e-08	3.75701e-08	2.99071e-08	3.35934e-08	1.9795e-08	1.50104e-08	1.03393e-08
2.06933e-06	3.95385e-07	3.31936e-07	2.08031e-07	1.8243e-07	1.31984e-07	9.76343e-08	6.82076e-08	5.20236e-08	4.40452e-08	3.9286e-08	3.57386e-08	2.68008e-08	3.25574e-08	1.79387e-08	1.25862e-08	3.34537e-09
2.00443e-06	3.7838e-07	3.23655e-07	2.01669e-07	1.78958e-07	1.32855e-07	9.54629e-08	6.57838e-08	5.07739e-08	4.23789e-08	3.80993e-08	3.43752e-08	2.65483e-08	3.18631e-08	1.6891e-08	1.30659e-08	6.514e-09
1.96698e-06	3.76111e-07	3.21198e-07	2.02926e-07	1.85038e-07	1.37636e-07	9.57382e-08	7.01373e-08	5.4749e-08	4.58367e-08	4.31226e-08	3.80984e-08	2.7242e-08	3.036e-08	1.60195e-08	1.19294e-08	6.99354e-09
1.95774e-06	3.68739e-07	3.19494e-07	1.99417e-07	1.7802e-07	1.2981e-07	9.10422e-08	6.27903e-08	4.88285e-08	3.87169e-08	3.63689e-08	3.2241e-08	2.25838e-08	2.83402e-08	1.57544e-08	1.22702e-08	7.71309e-09
1.96392e-06	3.68344e-07	3.22279e-07	2.04004e-07	1.82506e-07	1.34244e-07	9.55134e-08	6.49633e-08	5.08875e-08	4.10407e-08	3.89956e-08	3.26457e-08	2.12084e-08	3.00704e-08	1.6588e-08	1.30659e-08	6.12266e-09
1.98147e-06	3.70708e-07	3.25401e-07	2.07079e-07	1.8745e-07	1.38533e-07	9.63568e-08	6.42673e-08	5.03434e-08	4.03833e-08	3.82625e-08	3.38568e-08	2.57397e-08	3.10922e-08	1.89861e-08	1.30024e-08	8.14229e-09
1.99173e-06	3.68612e-07	3.23432e-07	2.02977e-07	1.87222e-07	1.36652e-07	9.51954e-08	6.23106e-08	4.93208e-08	3.72273e-08	3.55231e-08	3.11553e-08	2.77343e-08	3.13825e-08	1.95163e-08	1.66885e-08	1.09321e-08
2.00074e-06	3.67088e-07	3.28435e-07	2.08185e-07	1.89591e-07	1.3839e-07	1.02464e-07	6.5831e-08	5.14782e-08	4.05337e-08	3.54844e-08	3.36792e-08	2.61557e-08	3.04729e-08	1.70037e-08	1.37974e-08	8.45767e-09
1.9896e-06	3.68101e-07	3.34764e-07	2.1636e-07	1.96163e-07	1.45973e-07	1.06577e-07	7.50568e-08	5.69174e-08	4.6617e-08	4.19843e-08	3.97627e-08	2.85786e-08	3.3388e-08	1.96289e-08	1.50972e-08	8.50795e-09
1.93706e-06	3.6671e-07	3.35555e-07	2.18246e-07	1.98515e-07	1.50988e-07	1.10808e-07	7.60686e-08	6.01252e-08	5.01149e-08	4.57472e-08	3.99909e-08	3.22149e-08	3.72769e-08	2.18511e-08	1.66124e-08	6.23596e-09
1.88773e-06	3.59846e-07	3.26193e-07	2.12017e-07	1.94269e-07	1.47841e-07	1.0688e-07	7.12825e-08	5.64756e-08	4.5847e-08	4.05453e-08	3.64681e-08	2.95127e-08	3.50669e-08	2.11941e-08	1.83161e-08	1.0717e-08
1.84041e-06	3.48473e-07	3.20765e-07	2.09354e-07	1.89927e-07	1.42098e-07	1.00884e-07	6.74577e-08	5.17925e-08	4.11891e-08	3.58243e-08	3.19869e-08	2.55491e-08	3.03711e-08	1.84928e-08	1.64984e-08	1.26357e-08
1.80733e-06	3.60401e-07	3.27506e-07	2.19174e-07	1.96365e-07	1.49457e-07	1.09354e-07	7.59152e-08	5.87099e-08	4.91795e-08	4.33224e-08	3.87402e-08	2.97905e-08	3.36279e-08	2.06892e-08	1.5072e-08	5.88235e-09
1.7537e-06	3.51821e-07	3.17551e-07	2.11646e-07	1.89695e-07	1.42789e-07	1.0155e-07	6.92358e-08	5.20689e-08	4.15036e-08	3.70478e-08	3.21502e-08	2.48668e-08	3.01558e-08	1.83535e-08	1.50968e-08	8.84855e-09
1.7081e-06	3.49549e-07	3.16566e-07	2.11684e-07	1.89127e-07	1.44531e-07	1.01891e-07	6.87183e-08	5.09202e-08	4.08977e-08	3.65681e-08	3.12666e-08	2.37308e-08	2.77322e-08	1.48822e-08	1.12721e-08	5.8822e-09
1.67298e-06	3.53151e-07	3.2162e-07	2.18684e-07	1.95724e-07	1.49412e-07	1.07581e-07	7.40558e-08	5.59553e-08	4.60845e-08	4.20706e-08	3.70973e-08	2.88928e-08	3.32854e-08	1.85424e-08	1.48566e-08	7.8764e-09
1.64224e-06	3.48901e-07	3.17585e-07	2.17113e-07	1.94583e-07	1.48979e-07	1.08184e-07	7.25898e-08	5.55499e-08	4.48969e-08	3.76644e-08	3.34107e-08	2.60394e-08	3.11388e-08	1.83778e-08	1.48941e-08	8.82286e-09
1.6213e-06	3.4357e-07	3.11029e-07	2.11375e-07	1.90334e-07	1.44451e-07	1.02835e-07	6.76563e-08	5.02625e-08	4.04928e-08	3.37903e-08	2.84762e-08	2.11805e-08	2.69741e-08	1.68762e-08	1.43391e-08	1.07543e-08
1.60906e-06	3.43574e-07	3.11388e-07	2.11181e-07	1.88183e-07	1.43349e-07	1.02391e-07	7.04567e-08	5.25585e-08	4.09209e-08	3.35875e-08	3.023e-08	2.26693e-08	2.77939e-08	1.47679e-08	1.18395e-08	8.81024e-09
1.5929e-06	3.43587e-07	3.09949e-07	2.11951e-07	1.89761e-07	1.46959e-07	1.05609e-07	7.2817e-08	5.45023e-08	4.36978e-08	3.78285e-08	3.37515e-08	2.58627e-08	3.09494e-08	1.78351e-08	1.28241e-08	9.16366e-09
1.58249e-06	3.40621e-07	3.07058e-07	2.0983e-07	1.88928e-07	1.46783e-07	1.04398e-07	7.21733e-08	5.39848e-08	4.46823e-08	3.85353e-08	3.49633e-08	2.55977e-08	3.20223e-08	1.98041e-08	1.75195e-08	1.11201e-08
1.56337e-06	3.42732e-07	3.05851e-07	2.09269e-07	1.86702e-07	1.4404e-07	1.02527e-07	7.18812e-08	5.33019e-08	4.26617e-08	3.67294e-08	3.38643e-08	2.35775e-08	2.8235e-08	1.67113e-08	1.4149e-08	1.0211e-08
1.55646e-06	3.48681e-07	3.10754e-07	2.15108e-07	1.91935e-07	1.49224e-07	1.08078e-07	7.6259e-08	5.75287e-08	4.53111e-08	3.94674e-08	3.64761e-08	2.69469e-08	3.19828e-08	1.91594e-08	1.69759e-08	9.80689e-09
1.55394e-06	3.57907e-07	3.13934e-07	2.21002e-07	1.9658e-07	1.506e-07	1.14603e-07	7.87833e-08	6.15171e-08	4.69519e-08	4.38596e-08	3.73975e-08	2.9976e-08	3.40275e-08	1.94749e-08	1.51963e-08	5.84375e-09
1.54185e-06	3.60807e-07	3.148e-07	2.1837e-07	1.90955e-07	1.50313e-07	1.11829e-07	7.70435e-08	5.82749e-08	4.87454e-08	4.17024e-08	3.50129e-08	2.72378e-08	3.25138e-08	1.75822e-08	1.15742e-08	6.32352e-09
1.52348e-06	3.57718e-07	3.13745e-07	2.19412e-07	1.93639e-07	1.52467e-07	1.10514e-07	7.86571e-08	5.9485e-08	4.90849e-08	4.23451e-08	3.57062e-08	2.64672e-08	2.80702e-08	1.43128e-08	1.04632e-08	3.4078e-09
1.53028e-06	3.64865e-07	3.19909e-07	2.26575e-07	2.00159e-07	1.58964e-07	1.17112e-07	8.42715e-08	6.33078e-08	5.03332e-08	4.51207e-08	3.76868e-08	3.02782e-08	3.17044e-08	1.95502e-08	1.74677e-08	8.43094e-09
1.52845e-06	3.65272e-07	3.20557e-07	2.24348e-07	1.98804e-07	1.58392e-07	1.16516e-07	8.12278e-08	6.14004e-08	4.74165e-08	4.05129e-08	3.4152e-08	2.81066e-08	3.14511e-08	2.12409e-08	1.78837e-08	1.25956e-08
1.50389e-06	3.63367e-07	3.19257e-07	2.26557e-07	2.01441e-07	1.59414e-07	1.17841e-07	8.1518e-08	5.97345e-08	4.56875e-08	3.98566e-08	3.38491e-08	2.61504e-08	3.00881e-08	1.83255e-08	1.52965e-08	8.16569e-09
1.52389e-06	3.84144e-07	3.33207e-07	2.40093e-07	2.11381e-07	1.67386e-07	1.23896e-07	8.78515e-08	6.54374e-08	5.16053e-08	4.30612e-08	3.67636e-08	2.9898e-08	3.26745e-08	2.16568e-08	1.94861e-08	1.28729e-08
1.5379e-06	4.00363e-07	3.40645e-07	2.44996e-07	2.15541e-07	1.71054e-07	1.25786e-07	8.62465e-08	6.50445e-08	5.12128e-08	4.18234e-08	3.55385e-08	2.75878e-08	3.06923e-08	1.76431e-08	1.20271e-08	6.25962e-09
1.59494e-06	4.31622e-07	3.68507e-07	2.65208e-07	2.31953e-07	1.84865e-07	1.33828e-07	9.46413e-08	7.11545e-08	5.56944e-08	4.68348e-08	3.77985e-08	3.16018e-08	3.44667e-08	2.20607e-08	1.74163e-08	1.021e-08
1.63701e-06	4.63413e-07	3.87564e-07	2.76554e-07	2.39487e-07	1.90002e-07	1.38611e-07	9.35433e-08	6.89081e-08	5.31703e-08	4.36039e-08	3.59054e-08	2.84593e-08	3.08193e-08	1.81862e-08	1.45641e-08	7.59756e-09
1.70431e-06	5.09705e-07	4.15962e-07	2.98973e-07	2.55269e-07	2.01431e-07	1.45183e-07	9.58883e-08	7.10265e-08	5.20205e-08	4.38931e-08	3.33804e-08	2.63889e-08	2.65529e-08	1.38191e-08	9.59136e-09	3.47056e-09
1.8047e-06	5.71569e-07	4.55653e-07	3.26775e-07	2.75777e-07	2.17863e-07	1.52932e-07	1.02249e-07	7.47116e-08	5.54027e-08	4.37164e-08	3.58161e-08	2.53161e-08	2.74868e-08	1.39706e-08	8.4934e-09	1.77945e-09
1.96533e-06	6.54464e-07	5.1238e-07	3.63734e-07	3.04422e-07	2.41627e-07	1.70074e-07	1.12339e-07	8.06138e-08	6.16087e-08	4.98473e-08	3.96633e-08	2.96434e-08	3.13218e-08	1.80712e-08	1.37427e-08	8.06391e-09
2.16328e-06	7.59446e-07	5.83327e-07	4.1367e-07	3.41978e-07	2.6891e-07	1.90694e-07	1.25893e-07	8.98261e-08	6.67954e-08	5.39613e-08	4.24649e-08	3.28109e-08	3.36185e-08	2.01787e-08	1.53706e-08	9.91898e-09
2.34549e-06	8.67255e-07	6.55789e-07	4.66773e-07	3.82928e-07	3.00535e-07	2.12236e-07	1.38033e-07	9.80162e-08	7.52757e-08	5.99177e-08	4.88251e-08	3.66346e-08	3.64075e-08	2.16552e-08	1.62035e-08	8.37939e-09
2.52405e-06	9.71632e-07	7.30263e-07	5.20494e-07	4.22631e-07	3.29703e-07	2.30958e-07	1.47279e-07	1.04588e-07	7.75074e-08	6.02191e-08	4.91772e-08	3.64444e-08	3.54853e-08	2.20837e-08	1.67836e-08	9.64111e-09
2.70653e-06	1.07751e-06	8.11766e-07	5.82885e-07	4.73448e-07	3.71571e-07	2.61112e-07	1.67651e-07	1.21034e-07	9.13531e-08	7.19063e-08	5.40875e-08	4.47869e-08	3.83761e-08	2.78262e-08	2.05447e-08	1.32127e-08
2.81907e-06	1.1464e-06	8.6828e-07	6.27934e-07	5.13427e-07	4.06226e-07	2.88703e-07	1.89428e-07	1.36237e-07	1.03806e-07	7.90975e-08	6.25536e-08	4.683e-08	4.29181e-08	2.81157e-08	2.01529e-08	1.04235e-08
2.82312e-06	1.16984e-06	8.94301e-07	6.56618e-07	5.39902e-07	4.31642e-07	3.10055e-07	2.04394e-07	1.46926e-07	1.07011e-07	8.39559e-08	6.39039e-08	4.6565e-08	4.08107e-08	2.48094e-08	1.78058e-08	1.0209e-08
2.77722e-06	1.1862e-06	9.233e-07	6.89945e-07	5.72233e-07	4.62559e-07	3.37085e-07	2.22187e-07	1.60643e-07	1.18709e-07	8.783e-08	6.53046e-08	4.6666e-08	4.02933e-08	2.45949e-08	1.64934e-08	1.07011e-08
2.72361e-06	1.21144e-06	9.57854e-07	7.23312e-07	6.04369e-07	4.93527e-07	3.61511e-07	2.41495e-07	1.74616e-07	1.32167e-07	9.90309e-08	7.28725e-08	5.39698e-08	4.55406e-08	2.80386e-08	2.10983e-08	1.14198e-08
2.72681e-06	1.25938e-06	1.00558e-06	7.70209e-07	6.46506e-07	5.29768e-07	3.89875e-07	2.61628e-07	1.857e-07	1.41723e-07	1.04687e-07	7.5865e-08	5.6394e-08	4.82043e-08	2.89857e-08	2.06698e-08	1.21268e-08
2.77478e-06	1.32964e-06	1.06345e-06	8.20559e-07	6.87467e-07	5.65328e-07	4.16614e-07	2.77654e-07	1.98155e-07	1.48247e-07	1.06882e-07	8.01933e-08	5.57252e-08	4.71443e-08	2.573e-08	2.06824e-08	1.12309e-08
2.8479e-06	1.39141e-06	1.10496e-06	8.52543e-07	7.12379e-07	5.84997e-07	4.28959e-07	2.85211e-07	2.02322e-07	1.50284e-07	1.10511e-07	7.99748e-08	5.61009e-08	4.8795e-08	2.96151e-08	2.27256e-08	1.50032e-08
2.91315e-06	1.43509e-06	1.12992e-06	8.69767e-07	7.24694e-07	5.95937e-07	4.36896e-07	2.88631e-07	2.05274e-07	1.50953e-07	1.10448e-07	8.02019e-08	5.74385e-08	4.75836e-08	2.74448e-08	1.94069e-08	1.30852e-08
2.9738e-06	1.46054e-06	1.1356e-06	8.71243e-07	7.26839e-07	5.94852e-07	4.34587e-07	2.8964e-07	2.05628e-07	1.52505e-07	1.1041e-07	7.92934e-08	5.53943e-08	4.52366e-08	2.39369e-08	1.39685e-08	5.58991e-09
3.01862e-06	1.47377e-06	1.13106e-06	8.64079e-07	7.16222e-07	5.84679e-07	4.29478e-07	2.88169e-07	2.06443e-07	1.5457e-07	1.13675e-07	8.31146e-08	5.98471e-08	4.90461e-08	2.97027e-08	2.10468e-08	1.36779e-08
3.03689e-06	1.48145e-06	1.1365e-06	8.66474e-07	7.17366e-07	5.87146e-07	4.33445e-07	2.92362e-07	2.09733e-07	1.57246e-07	1.17275e-07	8.58336e-08	5.9565e-08	5.02284e-08	3.00033e-08	1.97835e-08	1.09137e-08
3.05633e-06	1.51599e-06	1.16948e-06	8.95105e-07	7.44789e-07	6.1432e-07	4.54037e-07	3.05286e-07	2.23063e-07	1.67108e-07	1.24464e-07	9.26318e-08	6.61872e-08	5.51476e-08	3.28034e-08	2.04012e-08	9.28589e-09
3.12978e-06	1.59231e-06	1.22783e-06	9.43781e-07	7.85029e-07	6.47347e-07	4.75436e-07	3.20431e-07	2.31713e-07	1.73387e-07	1.27198e-07	9.30585e-08	6.48861e-08	5.22445e-08	2.84247e-08	1.61994e-08	6.28296e-09
3.23277e-06	1.67096e-06	1.28862e-06	9.92998e-07	8.23501e-07	6.78707e-07	4.99924e-07	3.37518e-07	2.42569e-07	1.81129e-07	1.32923e-07	9.42925e-08	6.52629e-08	5.03507e-08	2.62793e-08	1.39912e-08	5.72769e-09
3.2229e-06	1.67578e-06	1.29751e-06	1.00434e-06	8.3367e-07	6.88522e-07	5.09033e-07	3.45213e-07	2.48751e-07	1.86516e-07	1.36758e-07	9.69292e-08	6.69409e-08	5.28739e-08	2.87142e-08	2.11193e-08	1.23133e-08
3.12149e-06	1.62527e-06	1.27237e-06	9.92847e-07	8.28968e-07	6.88277e-07	5.12805e-07	3.50289e-07	2.53867e-07	1.92428e-07	1.42608e-07	1.03386e-07	7.43194e-08	5.78306e-08	3.42518e-08	2.4361e-08	1.16948e-08
2.99434e-06	1.55022e-06	1.2273e-06	9.6011e-07	8.06429e-07	6.71847e-07	5.03621e-07	3.45183e-07	2.51413e-07	1.89698e-07	1.40422e-07	1.02967e-07	7.52637e-08	5.79931e-08	3.69632e-08	2.47515e-08	1.43059e-08
2.85944e-06	1.46953e-06	1.17281e-06	9.22402e-07	7.77767e-07	6.49367e-07	4.87776e-07	3.35684e-07	2.45433e-07	1.87907e-07	1.39918e-07	1.02828e-07	7.59449e-08	5.75642e-08	3.58531e-08	2.53444e-08	1.54791e-08
2.78978e-06	1.40077e-06	1.12918e-06	8.88669e-07	7.53368e-07	6.29762e-07	4.76598e-07	3.28872e-07	2.39592e-07	1.83428e-07	1.393e-07	1.01277e-07	7.3712e-08	5.85987e-08	3.68118e-08	2.43478e-08	1.49367e-08
2.7056e-06	1.36008e-06	1.09914e-06	8.67384e-07	7.40381e-07	6.21339e-07	4.69725e-07	3.28342e-07	2.39953e-07	1.83225e-07	1.37763e-07	1.01774e-07	7.53967e-08	6.00828e-08	3.82849e-08	2.67175e-08	1.65502e-08
2.58356e-06	1.28948e-06	1.05138e-06	8.30806e-07	7.11401e-07	5.97255e-07	4.50843e-07	3.11797e-07	2.27269e-07	1.71262e-07	1.28513e-07	9.3862e-08	6.45593e-08	5.25758e-08	3.16111e-08	2.35632e-08	1.3371e-08
2.44426e-06	1.21074e-06	1.00286e-06	7.9996e-07	6.84373e-07	5.7575e-07	4.34922e-07	3.01234e-07	2.1982e-07	1.64417e-07	1.23105e-07	8.96637e-08	6.30472e-08	5.05084e-08	3.06279e-08	2.22646e-08	1.30308e-08
2.34515e-06	1.15272e-06	9.61098e-07	7.69199e-07	6.60288e-07	5.55679e-07	4.21805e-07	2.92661e-07	2.1434e-07	1.60023e-07	1.19343e-07	8.63691e-08	6.133e-08	4.82113e-08	2.8344e-08	1.96024e-08	1.05707e-08
2.29842e-06	1.10415e-06	9.17571e-07	7.33287e-07	6.2915e-07	5.27384e-07	4.02851e-07	2.78002e-07	2.05474e-07	1.52762e-07	1.13219e-07	8.30348e-08	6.07467e-08	4.87134e-08	2.96292e-08	2.08628e-08	1.26009e-08
2.25979e-06	1.05556e-06	8.68066e-07	6.89337e-07	5.91975e-07	4.95989e-07	3.7663e-07	2.59681e-07	1.90661e-07	1.43778e-07	1.07301e-07	7.89713e-08	5.75288e-08	4.74509e-08	2.96789e-08	2.18839e-08	1.36853e-08
2.18006e-06	9.91436e-07	8.08024e-07	6.37906e-07	5.45178e-07	4.55717e-07	3.4508e-07	2.38289e-07	1.75706e-07	1.31095e-07	9.83528e-08	7.31024e-08	5.4234e-08	4.39674e-08	2.72053e-08	1.88558e-08	8.69006e-09
2.08197e-06	9.12975e-07	7.46027e-07	5.82749e-07	4.98133e-07	4.14993e-07	3.12014e-07	2.15796e-07	1.57767e-07	1.17988e-07	8.68101e-08	6.47008e-08	4.65896e-08	4.10024e-08	2.2021e-08	1.48698e-08	8.43759e-09
1.99419e-06	8.41426e-07	6.87883e-07	5.34328e-07	4.56781e-07	3.79108e-07	2.85747e-07	1.96824e-07	1.43958e-07	1.08571e-07	8.02961e-08	6.10134e-08	4.57286e-08	3.77078e-08	2.16284e-08	1.50705e-08	9.92509e-09
1.91897e-06	7.77789e-07	6.29253e-07	4.87162e-07	4.17018e-07	3.4594e-07	2.60158e-07	1.80165e-07	1.34197e-07	1.01735e-07	7.8354e-08	5.99793e-08	4.46566e-08	3.89185e-08	2.46929e-08	1.7681e-08	1.16402e-08
1.86606e-06	7.30327e-07	5.82274e-07	4.47917e-07	3.83096e-07	3.15047e-07	2.37238e-07	1.66238e-07	1.22907e-07	9.45697e-08	7.33454e-08	5.56649e-08	3.90184e-08	3.51972e-08	2.14513e-08	1.57637e-08	1.04545e-08
1.80943e-06	6.87793e-07	5.40517e-07	4.14237e-07	3.55549e-07	2.92383e-07	2.19269e-07	1.53367e-07	1.14338e-07	8.98739e-08	6.76293e-08	5.32661e-08	4.05549e-08	3.50189e-08	2.15259e-08	1.49685e-08	9.45776e-09
1.73713e-06	6.40809e-07	4.96003e-07	3.75621e-07	3.21237e-07	2.65365e-07	2.00691e-07	1.42549e-07	1.06285e-07	8.52268e-08	6.59597e-08	5.37034e-08	3.99213e-08	3.61007e-08	2.32139e-08	1.85862e-08	1.19789e-08
1.62851e-06	5.61282e-07	4.33448e-07	3.23166e-07	2.77343e-07	2.28394e-07	1.74766e-07	1.26132e-07	9.53017e-08	7.45719e-08	6.03864e-08	4.81048e-08	3.55206e-08	3.3087e-08	2.18521e-08	1.62409e-08	1.04406e-08
1.47786e-06	4.6375e-07	3.6728e-07	2.74757e-07	2.39781e-07	1.96142e-07	1.52364e-07	1.1218e-07	8.60169e-08	6.87807e-08	5.65502e-08	4.7018e-08	3.61997e-08	3.25558e-08	2.07288e-08	1.49414e-08	1.02257e-08
1.30986e-06	3.7077e-07	3.07951e-07	2.30582e-07	2.0868e-07	1.73173e-07	1.35056e-07	1.00154e-07	7.45196e-08	6.38523e-08	4.92132e-08	4.4447e-08	3.2254e-08	3.17244e-08	1.96197e-08	1.56226e-08	9.57028e-09
1.14852e-06	2.87164e-07	2.55794e-07	1.96936e-07	1.8207e-07	1.51507e-07	1.18194e-07	8.99382e-08	7.12899e-08	5.76976e-08	4.74341e-08	4.00958e-08	3.05888e-08	2.9328e-08	1.81188e-08	1.5887e-08	1.05535e-08
1.032e-06	2.30136e-07	2.22874e-07	1.72996e-07	1.63855e-07	1.38727e-07	1.09527e-07	8.29992e-08	6.42257e-08	5.3471e-08	4.55279e-08	3.90473e-08	2.75992e-08	2.67292e-08	1.46758e-08	8.43483e-09	5.7493e-09
1.05515e-06	3.10965e-07	3.12163e-07	2.51941e-07	2.32401e-07	1.98364e-07	1.58313e-07	1.22019e-07	9.5734e-08	7.84252e-08	6.52262e-08	5.47375e-08	4.04543e-08	3.64959e-08	2.34481e-08	1.72079e-08	1.05643e-08
1.099e-06	3.53853e-07	3.36229e-07	2.6688e-07	2.43999e-07	2.07327e-07	1.64742e-07	1.24981e-07	9.82805e-08	7.86773e-08	6.47849e-08	5.1838e-08	3.91937e-08	3.50335e-08	2.13555e-08	1.42076e-08	8.43377e-09
1.09745e-06	3.93195e-07	3.54441e-07	2.85646e-07	2.56335e-07	2.18237e-07	1.74088e-07	1.3338e-07	1.06175e-07	8.58904e-08	7.08379e-08	5.77393e-08	4.29893e-08	3.80853e-08	2.43816e-08	1.61872e-08	9.01389e-09
1.10834e-06	4.18171e-07	3.67316e-07	2.9648e-07	2.63439e-07	2.27207e-07	1.8108e-07	1.36907e-07	1.08996e-07	8.77162e-08	7.24371e-08	5.76749e-08	4.38581e-08	4.08451e-08	2.47088e-08	2.01578e-08	1.27452e-08
1.16859e-06	4.4124e-07	3.86841e-07	3.10229e-07	2.74312e-07	2.34323e-07	1.87401e-07	1.41814e-07	1.11356e-07	9.06054e-08	7.42669e-08	6.05759e-08	4.74396e-08	4.0594e-08	2.70291e-08	1.93137e-08	1.29724e-08
1.25279e-06	4.64778e-07	4.09387e-07	3.26387e-07	2.89224e-07	2.46363e-07	1.96165e-07	1.47241e-07	1.16797e-07	9.32607e-08	7.55868e-08	6.02451e-08	4.84078e-08	4.28359e-08	2.6763e-08	2.0775e-08	1.2581e-08
1.32479e-06	4.93382e-07	4.28598e-07	3.43166e-07	3.07428e-07	2.62171e-07	2.10032e-07	1.55283e-07	1.22747e-07	9.96269e-08	7.91544e-08	6.46572e-08	5.31856e-08	4.60757e-08	3.19063e-08	2.26029e-08	1.41568e-08
1.41256e-06	5.10716e-07	4.49738e-07	3.58807e-07	3.20962e-07	2.73486e-07	2.14134e-07	1.60834e-07	1.27036e-07	1.01142e-07	8.10347e-08	6.58817e-08	5.10942e-08	4.38833e-08	3.17684e-08	2.15319e-08	1.48379e-08
1.50582e-06	5.45926e-07	4.83435e-07	3.83528e-07	3.41649e-07	2.88463e-07	2.26224e-07	1.68562e-07	1.3228e-07	1.06122e-07	8.40225e-08	6.71424e-08	5.16489e-08	4.36186e-08	2.8579e-08	2.03091e-08	1.34638e-08
1.54824e-06	6.00744e-07	5.17018e-07	4.10904e-07	3.61377e-07	3.03756e-07	2.36846e-07	1.77776e-07	1.37527e-07	1.10059e-07	8.70037e-08	6.63809e-08	5.433e-08	4.21152e-08	2.76944e-08	2.02067e-08	1.28073e-08
1.58859e-06	6.52846e-07	5.51596e-07	4.34374e-07	3.79878e-07	3.1995e-07	2.51336e-07	1.81714e-07	1.42182e-07	1.09747e-07	8.91615e-08	7.10846e-08	5.33733e-08	4.42467e-08	2.88801e-08	2.26024e-08	1.56313e-08
1.53124e-06	6.84495e-07	5.62347e-07	4.48985e-07	3.88037e-07	3.30026e-07	2.54935e-07	1.89033e-07	1.4596e-07	1.14862e-07	9.10122e-08	7.11332e-08	5.32333e-08	4.33253e-08	2.70516e-08	1.80638e-08	1.13072e-08
1.44912e-06	6.99834e-07	5.71972e-07	4.59375e-07	3.94159e-07	3.39064e-07	2.64798e-07	1.95409e-07	1.5297e-07	1.22731e-07	9.61228e-08	7.83377e-08	5.96324e-08	4.90194e-08	3.3251e-08	2.33438e-08	1.77095e-08
1.39323e-06	7.05521e-07	5.73847e-07	4.65049e-07	4.04071e-07	3.44782e-07	2.71628e-07	2.02294e-07	1.5755e-07	1.27401e-07	1.00655e-07	8.1157e-08	6.27426e-08	5.09705e-08	3.07789e-08	2.0179e-08	1.10663e-08
1.36943e-06	7.14462e-07	5.8213e-07	4.74804e-07	4.0761e-07	3.5103e-07	2.76601e-07	2.07807e-07	1.6039e-07	1.27934e-07	1.01099e-07	8.01129e-08	6.06015e-08	5.28246e-08	3.22166e-08	2.23474e-08	1.25035e-08
1.35505e-06	7.17161e-07	5.87192e-07	4.74162e-07	4.08359e-07	3.51365e-07	2.76335e-07	2.04532e-07	1.59008e-07	1.27688e-07	1.01749e-07	7.97812e-08	6.14429e-08	5.19145e-08	3.36644e-08	2.28126e-08	1.25406e-08
1.37088e-06	7.3001e-07	6.02332e-07	4.84031e-07	4.14394e-07	3.54172e-07	2.79708e-07	2.07323e-07	1.62049e-07	1.31207e-07	1.0368e-07	8.14595e-08	6.273e-08	5.28737e-08	3.50013e-08	2.43383e-08	1.35997e-08
1.36587e-06	7.41424e-07	6.05399e-07	4.86111e-07	4.1653e-07	3.55494e-07	2.78237e-07	2.04484e-07	1.59075e-07	1.27681e-07	1.01366e-07	7.99032e-08	6.10365e-08	5.06768e-08	3.181e-08	2.01396e-08	1.16578e-08
1.39061e-06	7.50334e-07	6.14309e-07	4.9298e-07	4.21332e-07	3.58581e-07	2.80304e-07	2.0703e-07	1.621e-07	1.30088e-07	1.04126e-07	7.91344e-08	6.16792e-08	5.10297e-08	3.28435e-08	2.22317e-08	1.46069e-08
1.41509e-06	7.5167e-07	6.16742e-07	4.89111e-07	4.18748e-07	3.54813e-07	2.75527e-07	2.01787e-07	1.57046e-07	1.2511e-07	1.00597e-07	8.09997e-08	6.36075e-08	5.04247e-08	3.34863e-08	2.30257e-08	1.19855e-08
1.40842e-06	7.53182e-07	6.0983e-07	4.81437e-07	4.09351e-07	3.43264e-07	2.65532e-07	1.93485e-07	1.47637e-07	1.18248e-07	9.63831e-08	7.60681e-08	5.92691e-08	4.90737e-08	3.31695e-08	2.36295e-08	1.41777e-08
1.42522e-06	7.67442e-07	6.05107e-07	4.77983e-07	4.0306e-07	3.39983e-07	2.59981e-07	1.87062e-07	1.42272e-07	1.13525e-07	9.07017e-08	7.32596e-08	5.78338e-08	4.78399e-08	3.39643e-08	2.45627e-08	1.56022e-08
1.46109e-06	7.6807e-07	6.00005e-07	4.69694e-07	3.94097e-07	3.29301e-07	2.49118e-07	1.76962e-07	1.34546e-07	1.05739e-07	8.41146e-08	6.73421e-08	5.37073e-08	4.45461e-08	2.99914e-08	2.1183e-08	1.18454e-08
1.4816e-06	7.6279e-07	5.90806e-07	4.59512e-07	3.81748e-07	3.17733e-07	2.36857e-07	1.67146e-07	1.27514e-07	9.83164e-08	7.64025e-08	6.10414e-08	4.55164e-08	3.70986e-08	2.41948e-08	1.77932e-08	1.14547e-08
1.52001e-06	7.41658e-07	5.78881e-07	4.42175e-07	3.69267e-07	3.06011e-07	2.28717e-07	1.60169e-07	1.19657e-07	9.06376e-08	7.05519e-08	5.57208e-08	4.11416e-08	3.20439e-08	2.02117e-08	1.31174e-08	7.10685e-09
1.47597e-06	7.01872e-07	5.55493e-07	4.2194e-07	3.50067e-07	2.91437e-07	2.18089e-07	1.53424e-07	1.14551e-07	8.87452e-08	6.84963e-08	5.70298e-08	4.38497e-08	3.78393e-08	2.68642e-08	1.87621e-08	1.0975e-08
1.34118e-06	6.41169e-07	5.05418e-07	3.88365e-07	3.24232e-07	2.66537e-07	1.98712e-07	1.38611e-07	1.05058e-07	7.95933e-08	6.27977e-08	5.07648e-08	4.01179e-08	3.39944e-08	2.47335e-08	1.7917e-08	8.7065e-09
1.29716e-06	5.72397e-07	4.71273e-07	3.57411e-07	3.02187e-07	2.48312e-07	1.88502e-07	1.32031e-07	1.00582e-07	7.84321e-08	6.13849e-08	4.9428e-08	4.15029e-08	3.43967e-08	2.66732e-08	2.14696e-08	1.38343e-08
1.14381e-06	5.12184e-07	4.23294e-07	3.24299e-07	2.73901e-07	2.27119e-07	1.6988e-07	1.2151e-07	9.1397e-08	7.06834e-08	5.67609e-08	4.66561e-08	3.66647e-08	3.10831e-08	2.30572e-08	1.83701e-08	1.36831e-08
1.04077e-06	4.51293e-07	3.82188e-07	2.92672e-07	2.49068e-07	2.06055e-07	1.54148e-07	1.0767e-07	8.2926e-08	6.52623e-08	5.01814e-08	4.3693e-08	3.40926e-08	3.04767e-08	2.35725e-08	1.99819e-08	1.45265e-08
8.99662e-07	4.02736e-07	3.39843e-07	2.62989e-07	2.25079e-07	1.8538e-07	1.39281e-07	9.97455e-08	7.55934e-08	5.99582e-08	4.7775e-08	3.98755e-08	3.33493e-08	2.84483e-08	2.08638e-08	1.84952e-08	1.04697e-08
8.04689e-07	3.55183e-07	3.03139e-07	2.34932e-07	2.01887e-07	1.6631e-07	1.26373e-07	9.24209e-08	6.92401e-08	5.5571e-08	4.52152e-08	3.76688e-08	3.04626e-08	2.52847e-08	1.92753e-08	1.48786e-08	9.58728e-09
7.02494e-07	3.18569e-07	2.68619e-07	2.09839e-07	1.7876e-07	1.49219e-07	1.1421e-07	8.24011e-08	6.36432e-08	4.92441e-08	4.10935e-08	3.50718e-08	2.71983e-08	2.36458e-08	1.72336e-08	1.30511e-08	7.4452e-09
6.5606e-07	2.79029e-07	2.44539e-07	1.87237e-07	1.60431e-07	1.32429e-07	1.00244e-07	7.24057e-08	5.67858e-08	4.29547e-08	3.55604e-08	3.08871e-08	2.3644e-08	1.99909e-08	1.4461e-08	1.22188e-08	9.34674e-09
6.12961e-07	2.51745e-07	2.2489e-07	1.72604e-07	1.49213e-07	1.22144e-07	9.40925e-08	6.99836e-08	5.58005e-08	4.49679e-08	3.67805e-08	3.2397e-08	2.6162e-08	2.40207e-08	1.84154e-08	1.37297e-08	8.95579e-09
5.56871e-07	2.29563e-07	2.02267e-07	1.57047e-07	1.35445e-07	1.13024e-07	8.62703e-08	6.34337e-08	4.99811e-08	3.86195e-08	3.29764e-08	2.95125e-08	2.27736e-08	2.14259e-08	1.53546e-08	1.41706e-08	1.08956e-08
6.76045e-07	2.65722e-07	1.95196e-07	1.20543e-07	9.09983e-08	6.37944e-08	4.37502e-08	2.62727e-08	2.03337e-08	1.54768e-08	1.29099e-08	1.21549e-08	1.16642e-08	1.06072e-08	1.06953e-08	8.51851e-09	5.80064e-09
6.09288e-07	2.59481e-07	1.89965e-07	1.19769e-07	8.78734e-08	5.99789e-08	4.06276e-08	2.49251e-08	1.83573e-08	1.25066e-08	1.1261e-08	9.27301e-09	8.8578e-09	7.83865e-09	8.92071e-09	1.25318e-08	1.01663e-08
5.79443e-07	2.48924e-07	1.89914e-07	1.20146e-07	9.07295e-08	5.95007e-08	4.51446e-08	2.82091e-08	2.24716e-08	1.54634e-08	1.53124e-08	9.41141e-09	1.06193e-08	7.8009e-09	8.93329e-09	1.1261e-08	7.83865e-09
5.30083e-07	2.3343e-07	1.81064e-07	1.15727e-07	8.78208e-08	6.27579e-08	4.25013e-08	2.70005e-08	1.90614e-08	1.3387e-08	1.24811e-08	1.16381e-08	1.08078e-08	1.02793e-08	9.47408e-09	1.15752e-08	9.26019e-09
5.7356e-07	2.72151e-07	2.10264e-07	1.44755e-07	1.1556e-07	8.78239e-08	6.3673e-08	4.24403e-08	3.07044e-08	2.41887e-08	1.94717e-08	1.72075e-08	1.56478e-08	1.35472e-08	1.17358e-08	1.12453e-08	4.65409e-09
5.94946e-07	2.76296e-07	2.13251e-07	1.48142e-07	1.17148e-07	8.70965e-08	6.43916e-08	4.0152e-08	2.91328e-08	2.13464e-08	1.72331e-08	1.35349e-08	1.33966e-08	1.02393e-08	1.27802e-08	1.14217e-08	6.64168e-09
6.07821e-07	2.77465e-07	2.18334e-07	1.49279e-07	1.184e-07	8.90418e-08	6.63128e-08	4.21121e-08	3.13703e-08	2.22384e-08	1.81631e-08	1.40374e-08	1.43015e-08	9.32052e-09	9.3331e-09	8.70418e-09	1.74838e-09
5.68714e-07	2.69458e-07	2.13121e-07	1.45276e-07	1.1324e-07	8.78321e-08	6.42861e-08	4.12684e-08	3.04261e-08	2.31058e-08	1.97474e-08	1.54961e-08	1.4754e-08	1.09051e-08	1.05655e-08	1.28924e-08	8.30147e-09
5.19621e-07	2.54509e-07	2.00438e-07	1.39373e-07	1.09111e-07	8.58929e-08	6.0964e-08	3.93178e-08	2.97713e-08	2.2187e-08	1.77345e-08	1.47662e-08	1.46781e-08	1.13828e-08	1.10055e-08	1.11815e-08	5.33293e-09
4.70971e-07	2.28405e-07	1.83051e-07	1.23761e-07	9.67576e-08	7.66212e-08	5.6334e-08	3.94174e-08	2.94813e-08	2.17337e-08	1.79605e-08	1.68033e-08	1.68914e-08	1.43508e-08	1.47658e-08	1.31182e-08	7.26971e-09
4.26754e-07	3.18273e-07	2.00966e-07	1.51925e-07	1.13472e-07	9.25609e-08	6.2357e-08	4.13072e-08	2.59161e-08	1.58062e-08	1.01853e-08	7.75847e-09	2.99273e-09	1.64726e-09	8.04768e-10	2.26341e-10	-1.77301e-09
5.47574e-07	3.44714e-07	2.25748e-07	1.63322e-07	1.24852e-07	1.01122e-07	6.9217e-08	4.36379e-08	2.98046e-08	1.64994e-08	1.53424e-08	1.12302e-08	4.91713e-09	3.76015e-09	2.31394e-09	4.07455e-09	5.93576e-09
6.33209e-07	3.59723e-07	2.40121e-07	1.77113e-07	1.37724e-07	1.08031e-07	7.71562e-08	4.4772e-08	3.43839e-08	2.14931e-08	1.8852e-08	1.62613e-08	1.14194e-08	9.94793e-09	1.04133e-08	8.45134e-09	1.20105e-08
7.06792e-07	3.71475e-07	2.54861e-07	1.77902e-07	1.37039e-07	1.07068e-07	7.31983e-08	4.40825e-08	2.86631e-08	1.7872e-08	1.32185e-08	9.83524e-09	6.89221e-09	4.36423e-09	3.7228e-09	3.29518e-09	5.39555e-09
7.66501e-07	3.85351e-07	2.67683e-07	1.87343e-07	1.44129e-07	1.13769e-07	7.93339e-08	4.65339e-08	3.48752e-08	2.55936e-08	1.66013e-08	1.45513e-08	1.1797e-08	6.17517e-09	4.70369e-09	2.06258e-09	-2.66626e-09
7.96038e-07	3.83398e-07	2.71677e-07	1.90894e-07	1.49956e-07	1.16941e-07	8.03044e-08	4.8736e-08	3.27632e-08	2.42359e-08	1.4363e-08	1.09923e-08	7.24437e-09	5.35782e-09	3.37065e-09	2.50283e-09	-5.65967e-10
7.70941e-07	3.72441e-07	2.69596e-07	1.92383e-07	1.53079e-07	1.21837e-07	8.51487e-08	5.39317e-08	3.6751e-08	2.57584e-08	1.9105e-08	1.55708e-08	1.09423e-08	8.61549e-09	5.34537e-09	4.99321e-09	4.12537e-09
6.85345e-07	3.53998e-07	2.50535e-07	1.83018e-07	1.43838e-07	1.14696e-07	7.80067e-08	4.96315e-08	3.28654e-08	2.19983e-08	1.53951e-08	1.2389e-08	7.28247e-09	3.63495e-09	-3.7733e-10	-1.0691e-09	-1.83634e-09
6.31723e-07	3.42881e-07	2.41484e-07	1.8083e-07	1.47245e-07	1.18553e-07	8.05535e-08	5.18239e-08	3.58365e-08	2.37358e-08	1.62516e-08	1.09686e-08	5.61006e-09	2.16352e-09	-1.87421e-09	-3.83648e-09	-4.77987e-09
6.24563e-07	3.18005e-07	2.34258e-07	1.7426e-07	1.39607e-07	1.10878e-07	7.81867e-08	5.00113e-08	3.18357e-08	1.99114e-08	1.33959e-08	1.06538e-08	5.66023e-09	3.00621e-09	-3.39614e-10	-2.32699e-09	-3.37098e-09
6.31098e-07	2.99014e-07	2.26823e-07	1.67878e-07	1.35387e-07	1.0843e-07	7.47943e-08	4.76238e-08	3.14599e-08	2.2076e-08	1.36859e-08	1.00883e-08	4.20136e-09	1.3711e-09	8.80525e-11	-1.82395e-09	-3.30826e-09
6.36359e-07	2.97298e-07	2.26728e-07	1.68587e-07	1.36485e-07	1.08924e-07	7.84694e-08	5.1512e-08	3.35614e-08	2.64164e-08	1.5636e-08	1.3573e-08	8.07588e-09	7.42176e-09	4.7298e-09	1.38372e-09	7.54755e-11
6.07376e-07	2.97826e-07	2.27206e-07	1.69518e-07	1.37214e-07	1.11427e-07	8.29224e-08	5.63173e-08	4.04423e-08	3.00518e-08	2.24288e-08	1.70575e-08	1.30573e-08	1.01892e-08	5.19523e-09	6.28962e-10	-8.4281e-10
5.69969e-07	2.88117e-07	2.21066e-07	1.66621e-07	1.34995e-07	1.10049e-07	7.92658e-08	5.67101e-08	4.05324e-08	3.08459e-08	2.25054e-08	1.84169e-08	1.42027e-08	1.04413e-08	6.74282e-09	3.13239e-09	6.28994e-11
5.76613e-07	2.88175e-07	2.24217e-07	1.66776e-07	1.36067e-07	1.10265e-07	8.15826e-08	5.76551e-08	4.22191e-08	3.18908e-08	2.48333e-08	1.78765e-08	1.47817e-08	1.07309e-08	8.51679e-09	6.76815e-09	3.84954e-09
6.07151e-07	2.95046e-07	2.35148e-07	1.72785e-07	1.42277e-07	1.15291e-07	8.60403e-08	6.0627e-08	4.49513e-08	3.54528e-08	2.75394e-08	2.15258e-08	1.78648e-08	1.46063e-08	1.09831e-08	7.74979e-09	4.76814e-09
6.23909e-07	3.03752e-07	2.43276e-07	1.79969e-07	1.45636e-07	1.18033e-07	8.794e-08	6.1709e-08	4.49387e-08	3.41444e-08	2.72501e-08	2.19661e-08	1.66948e-08	1.32225e-08	8.81916e-09	7.07043e-09	4.15167e-09
6.68059e-07	3.2189e-07	2.56712e-07	1.89797e-07	1.54145e-07	1.27588e-07	9.50686e-08	6.46622e-08	4.67858e-08	3.52246e-08	2.69719e-08	2.18015e-08	1.65807e-08	1.26431e-08	8.41615e-09	5.12014e-09	1.93735e-09
6.64356e-07	3.36814e-07	2.60511e-07	1.93908e-07	1.59387e-07	1.31017e-07	9.53501e-08	6.62003e-08	4.62849e-08	3.51634e-08	2.61304e-08	2.24442e-08	1.48454e-08	1.08824e-08	5.49782e-09	2.96908e-09	7.92592e-10
7.01739e-07	3.46799e-07	2.63776e-07	1.95222e-07	1.59441e-07	1.30366e-07	9.51764e-08	6.56988e-08	4.4965e-08	3.41956e-08	2.47723e-08	1.95637e-08	1.40154e-08	1.02411e-08	6.00121e-09	4.11404e-09	2.81818e-09
7.43936e-07	3.60173e-07	2.71451e-07	2.02858e-07	1.64499e-07	1.34165e-07	9.75416e-08	6.63656e-08	4.71667e-08	3.60953e-08	2.54139e-08	2.02556e-08	1.37135e-08	9.97685e-09	3.62337e-09	6.29057e-10	-8.55518e-10
8.54005e-07	3.7645e-07	2.89537e-07	2.12023e-07	1.75662e-07	1.42334e-07	1.05571e-07	7.25573e-08	5.23766e-08	4.27392e-08	3.10385e-08	2.6484e-08	1.95893e-08	1.24431e-08	8.11504e-09	7.17144e-09	2.84341e-09
9.13035e-07	3.83669e-07	2.97182e-07	2.1194e-07	1.74975e-07	1.3889e-07	1.02365e-07	7.00428e-08	4.92954e-08	3.84499e-08	2.9844e-08	2.36286e-08	1.77655e-08	1.26069e-08	7.12129e-09	6.88223e-09	4.39104e-09
9.68596e-07	3.89519e-07	2.93546e-07	2.0882e-07	1.7149e-07	1.37343e-07	9.98868e-08	6.97911e-08	5.00377e-08	3.84751e-08	2.95043e-08	2.21691e-08	1.76145e-08	1.28963e-08	7.00805e-09	3.74937e-09	4.06392e-09
1.03768e-06	3.93467e-07	2.94446e-07	2.07454e-07	1.70324e-07	1.3527e-07	9.89205e-08	6.85221e-08	4.91205e-08	3.77966e-08	2.92785e-08	2.21445e-08	1.94016e-08	1.23808e-08	7.4486e-09	2.98196e-09	-3.77463e-10
1.08315e-06	4.03176e-07	2.88119e-07	2.02154e-07	1.65362e-07	1.32458e-07	9.92526e-08	6.72421e-08	5.03687e-08	3.69303e-08	3.02489e-08	2.35423e-08	1.76284e-08	1.05317e-08	7.70063e-09	1.34635e-09	-3.77482e-10
1.16693e-06	4.04311e-07	2.9278e-07	2.02187e-07	1.67069e-07	1.34003e-07	1.00471e-07	7.00589e-08	5.20535e-08	3.96346e-08	2.97574e-08	2.46112e-08	1.81313e-08	1.31738e-08	7.17198e-09	4.27802e-09	5.66209e-10
1.21196e-06	3.87664e-07	2.90692e-07	1.95229e-07	1.6639e-07	1.34795e-07	1.00244e-07	7.24747e-08	5.11601e-08	3.94333e-08	3.04872e-08	2.65363e-08	1.80306e-08	1.35261e-08	8.54346e-09	4.93231e-09	1.88736e-09
1.17246e-06	3.58971e-07	2.79102e-07	1.9225e-07	1.64192e-07	1.32008e-07	1.01321e-07	7.17916e-08	5.38626e-08	4.24258e-08	3.42476e-08	2.87494e-08	2.29869e-08	1.92375e-08	1.46578e-08	1.19149e-08	7.83845e-09
1.05787e-06	3.39738e-07	2.74234e-07	1.9358e-07	1.63735e-07	1.31373e-07	9.98415e-08	6.86245e-08	5.17263e-08	3.99995e-08	3.05627e-08	2.48125e-08	2.03709e-08	1.64955e-08	1.06447e-08	8.61895e-09	4.41643e-09
9.50578e-07	3.43353e-07	2.88394e-07	2.09026e-07	1.76401e-07	1.43599e-07	1.08697e-07	7.55555e-08	5.61287e-08	4.26407e-08	3.22479e-08	2.5982e-08	2.00307e-08	1.45952e-08	1.03802e-08	6.71884e-09	1.84957e-09
8.54581e-07	3.58771e-07	3.03986e-07	2.27886e-07	1.92654e-07	1.56756e-07	1.18794e-07	8.18129e-08	5.99567e-08	4.73488e-08	3.5584e-08	2.82231e-08	2.1441e-08	1.70873e-08	1.20039e-08	8.82049e-09	2.57946e-09
8.10337e-07	3.62843e-07	3.15987e-07	2.37827e-07	1.99917e-07	1.63177e-07	1.2377e-07	8.51431e-08	6.29105e-08	4.90199e-08	3.70165e-08	2.93037e-08	2.22074e-08	1.75394e-08	9.66305e-09	8.03996e-09	3.20844e-09
7.58927e-07	3.60553e-07	3.16603e-07	2.41123e-07	2.02345e-07	1.66952e-07	1.26463e-07	8.76972e-08	6.36403e-08	4.90324e-08	3.76079e-08	2.82468e-08	2.25974e-08	1.65832e-08	1.07199e-08	8.02738e-09	4.15209e-09
6.88518e-07	3.58766e-07	3.10275e-07	2.43187e-07	2.03767e-07	1.6904e-07	1.30413e-07	9.14719e-08	6.69368e-08	5.20018e-08	3.89919e-08	3.11281e-08	2.41702e-08	1.70739e-08	1.06822e-08	7.98963e-09	4.49181e-09
6.76477e-07	3.55117e-07	3.06487e-07	2.40029e-07	2.02685e-07	1.68097e-07	1.29998e-07	9.10189e-08	6.8195e-08	5.18005e-08	4.10806e-08	3.10652e-08	2.48245e-08	1.74136e-08	1.40416e-08	1.09968e-08	6.02683e-09
6.80478e-07	3.51078e-07	3.03807e-07	2.37185e-07	2.00873e-07	1.65102e-07	1.25834e-07	8.67284e-08	6.44329e-08	4.80007e-08	3.74317e-08	2.63092e-08	2.15531e-08	1.29721e-08	9.81404e-09	7.34795e-09	-4.15209e-10
7.15783e-07	3.53041e-07	3.07947e-07	2.38154e-07	2.03062e-07	1.68902e-07	1.28526e-07	9.02136e-08	6.74275e-08	5.06429e-08	3.86145e-08	2.95679e-08	2.43464e-08	1.73759e-08	1.31357e-08	8.65648e-09	4.37857e-09
7.43432e-07	3.57139e-07	3.07124e-07	2.3548e-07	1.98425e-07	1.65232e-07	1.25723e-07	8.8467e-08	6.57305e-08	4.9537e-08	3.79737e-08	2.92038e-08	2.37053e-08	1.6332e-08	9.90236e-09	6.68126e-09	1.87478e-09
7.53429e-07	3.57294e-07	3.007e-07	2.31423e-07	1.9457e-07	1.6285e-07	1.24437e-07	8.7131e-08	6.20927e-08	5.03536e-08	3.8237e-08	2.90646e-08	2.1679e-08	1.60548e-08	1.02796e-08	9.88953e-09	3.79979e-09
7.72811e-07	3.37318e-07	2.89356e-07	2.20307e-07	1.85254e-07	1.53183e-07	1.16784e-07	8.21465e-08	6.06819e-08	4.86034e-08	3.65501e-08	2.65979e-08	2.27604e-08	1.60418e-08	9.93961e-09	9.22245e-09	5.8002e-09
7.71125e-07	2.95546e-07	2.71792e-07	2.03561e-07	1.75352e-07	1.44565e-07	1.08845e-07	7.63966e-08	5.63035e-08	4.33317e-08	3.17313e-08	2.38299e-08	1.92753e-08	1.27957e-08	7.90136e-09	4.75591e-09	1.01912e-09
8.16323e-07	2.52913e-07	2.55794e-07	1.87892e-07	1.64981e-07	1.35075e-07	1.05395e-07	7.45829e-08	5.61762e-08	4.58343e-08	3.52281e-08	2.64462e-08	2.31373e-08	1.78531e-08	1.2657e-08	1.07446e-08	5.61133e-09
8.8125e-07	2.30858e-07	2.36042e-07	1.71024e-07	1.53637e-07	1.24009e-07	9.60672e-08	6.88423e-08	5.24998e-08	4.04096e-08	3.06846e-08	2.31865e-08	1.95632e-08	1.46063e-08	8.65561e-09	5.23363e-09	2.25197e-09
8.7868e-07	2.60894e-07	2.21532e-07	1.53651e-07	1.31938e-07	1.02677e-07	8.00961e-08	5.55779e-08	4.11865e-08	3.41041e-08	2.56378e-08	2.13481e-08	1.75489e-08	1.20515e-08	1.03155e-08	9.78715e-09	5.89996e-09
8.49875e-07	2.70586e-07	2.20004e-07	1.54049e-07	1.29029e-07	1.01492e-07	7.87607e-08	5.42305e-08	3.96256e-08	3.05054e-08	2.6002e-08	1.96493e-08	1.78127e-08	1.29947e-08	8.13898e-09	4.85571e-09	3.45938e-09
8.08737e-07	2.63642e-07	2.13163e-07	1.52117e-07	1.27626e-07	1.01487e-07	7.67692e-08	5.25925e-08	3.87683e-08	2.98498e-08	2.42144e-08	1.87678e-08	1.52079e-08	1.2277e-08	7.42157e-09	5.4341e-09	2.23905e-09
7.19892e-07	2.48887e-07	1.98106e-07	1.44834e-07	1.21789e-07	9.8732e-08	7.19263e-08	4.83408e-08	3.45795e-08	2.63151e-08	2.112e-08	1.60885e-08	1.26292e-08	8.7172e-09	4.99384e-09	2.21389e-09	4.15105e-10
6.71094e-07	2.3483e-07	1.88956e-07	1.4005e-07	1.17409e-07	9.58491e-08	6.98365e-08	4.73836e-08	3.3761e-08	2.6327e-08	1.86918e-08	1.45409e-08	1.07925e-08	7.28302e-09	3.28302e-09	6.79245e-10	-9.30818e-10
6.17994e-07	2.90904e-07	2.14769e-07	1.64746e-07	1.35452e-07	1.11542e-07	7.90652e-08	5.54186e-08	3.77843e-08	2.86904e-08	2.18731e-08	1.63388e-08	9.97434e-09	7.92413e-09	7.54679e-10	-3.18223e-09	-4.70417e-09
6.7161e-07	3.2961e-07	2.39869e-07	1.84766e-07	1.49775e-07	1.2306e-07	8.8094e-08	6.04986e-08	4.24999e-08	3.1331e-08	2.40988e-08	1.99104e-08	1.19739e-08	7.74784e-09	2.21367e-09	-3.20731e-09	-5.05622e-09
7.45195e-07	3.70956e-07	2.66074e-07	2.00282e-07	1.61166e-07	1.34163e-07	9.49842e-08	6.43709e-08	4.51527e-08	3.46129e-08	2.2853e-08	1.68788e-08	9.89838e-09	7.84827e-09	2.2765e-09	-2.65382e-09	-4.45238e-09
8.44012e-07	4.28685e-07	3.05901e-07	2.30876e-07	1.86615e-07	1.55322e-07	1.11149e-07	7.80193e-08	5.46625e-08	4.31288e-08	3.08279e-08	2.31178e-08	1.5634e-08	8.37673e-09	1.89923e-09	-2.71678e-09	-5.43355e-09
9.4677e-07	4.8151e-07	3.43253e-07	2.61119e-07	2.11524e-07	1.74972e-07	1.26786e-07	8.87377e-08	6.09781e-08	4.62367e-08	3.4187e-08	2.60867e-08	1.89299e-08	1.1773e-08	4.01238e-09	-1.00624e-09	-6.41477e-09
1.04254e-06	5.2303e-07	3.76899e-07	2.87809e-07	2.33485e-07	1.91965e-07	1.3954e-07	9.49009e-08	6.52546e-08	5.14943e-08	3.56712e-08	2.60238e-08	1.80494e-08	1.3144e-08	5.73556e-09	2.45271e-09	1.81123e-09
1.12893e-06	5.69515e-07	4.19505e-07	3.1632e-07	2.59131e-07	2.1457e-07	1.59129e-07	1.09524e-07	7.80299e-08	6.20441e-08	4.51904e-08	3.50028e-08	2.48025e-08	1.70926e-08	1.12442e-08	5.65981e-09	3.16949e-09
1.19703e-06	6.17501e-07	4.50331e-07	3.44326e-07	2.81752e-07	2.3446e-07	1.71912e-07	1.18079e-07	8.38553e-08	6.53913e-08	4.73926e-08	3.64375e-08	2.49792e-08	1.53825e-08	1.01502e-08	4.5028e-09	-5.53417e-10
1.3125e-06	6.74402e-07	4.92453e-07	3.76978e-07	3.07587e-07	2.56999e-07	1.88325e-07	1.2828e-07	9.14019e-08	6.97809e-08	4.97824e-08	3.6601e-08	2.6564e-08	1.89168e-08	9.82316e-09	3.0438e-09	-3.64752e-09
1.51509e-06	7.42069e-07	5.4703e-07	4.13751e-07	3.393e-07	2.79565e-07	2.04938e-07	1.38625e-07	9.81107e-08	7.35831e-08	5.37974e-08	3.9043e-08	2.60497e-08	1.72952e-08	8.50293e-09	3.9999e-09	5.78602e-10
1.67903e-06	8.24503e-07	5.94981e-07	4.50252e-07	3.67748e-07	3.03308e-07	2.21132e-07	1.49396e-07	1.03182e-07	7.89057e-08	5.59245e-08	4.04528e-08	2.69308e-08	1.68805e-08	7.34591e-09	2.03774e-09	-2.38994e-09
2.00102e-06	9.26065e-07	6.76939e-07	5.04792e-07	4.12442e-07	3.36809e-07	2.4622e-07	1.68147e-07	1.17645e-07	8.90292e-08	6.54575e-08	4.67535e-08	3.4213e-08	2.32195e-08	1.41003e-08	7.43378e-09	3.04395e-09
2.31278e-06	1.03146e-06	7.57622e-07	5.54098e-07	4.52606e-07	3.66133e-07	2.67093e-07	1.79035e-07	1.26358e-07	9.43475e-08	6.89022e-08	4.89661e-08	3.43002e-08	2.33447e-08	1.3798e-08	6.50282e-09	2.60364e-09
2.58541e-06	1.15617e-06	8.45991e-07	6.11255e-07	4.97472e-07	4.01713e-07	2.9281e-07	1.94398e-07	1.36827e-07	1.02689e-07	7.31302e-08	5.25773e-08	3.73576e-08	2.38107e-08	1.28802e-08	6.07532e-09	5.53445e-10
2.89862e-06	1.2963e-06	9.3327e-07	6.71748e-07	5.4317e-07	4.3639e-07	3.16075e-07	2.08855e-07	1.45836e-07	1.08063e-07	7.78994e-08	5.49937e-08	3.77233e-08	2.35472e-08	1.25786e-08	3.14465e-09	-1.50943e-09
3.21223e-06	1.42198e-06	1.01294e-06	7.27642e-07	5.85495e-07	4.68818e-07	3.3813e-07	2.21013e-07	1.55254e-07	1.16475e-07	8.28533e-08	5.75331e-08	4.0238e-08	2.57226e-08	1.4138e-08	7.25768e-09	1.14463e-09
3.3586e-06	1.50304e-06	1.06875e-06	7.71384e-07	6.21874e-07	4.98327e-07	3.59069e-07	2.36742e-07	1.66818e-07	1.26579e-07	9.1044e-08	6.36855e-08	4.47673e-08	2.87044e-08	1.59874e-08	5.94969e-09	1.08176e-09
3.32573e-06	1.54609e-06	1.10753e-06	8.05607e-07	6.48823e-07	5.20678e-07	3.75667e-07	2.48818e-07	1.76457e-07	1.32647e-07	9.60077e-08	6.6701e-08	4.7331e-08	2.99859e-08	1.87538e-08	7.44617e-09	2.84262e-09
3.31806e-06	1.59452e-06	1.15761e-06	8.47178e-07	6.83286e-07	5.51532e-07	3.98194e-07	2.6166e-07	1.86192e-07	1.39339e-07	9.93661e-08	6.97198e-08	5.01358e-08	3.17594e-08	1.81249e-08	8.95552e-09	2.98098e-09
3.33137e-06	1.66073e-06	1.22108e-06	9.04898e-07	7.33095e-07	5.93165e-07	4.29526e-07	2.8264e-07	1.99336e-07	1.47967e-07	1.07391e-07	7.34806e-08	5.17458e-08	3.35958e-08	1.8389e-08	8.1128e-09	1.60998e-09
3.33119e-06	1.72394e-06	1.28433e-06	9.64845e-07	7.85583e-07	6.40773e-07	4.68115e-07	3.10576e-07	2.17146e-07	1.62432e-07	1.14372e-07	7.9845e-08	5.62613e-08	3.49165e-08	1.88041e-08	9.21966e-09	1.66029e-09
3.22167e-06	1.74797e-06	1.31107e-06	9.99132e-07	8.17687e-07	6.74515e-07	4.95459e-07	3.30767e-07	2.29895e-07	1.70478e-07	1.18205e-07	8.09499e-08	5.46625e-08	3.24755e-08	1.62252e-08	7.97424e-09	5.44613e-09
3.09798e-06	1.73937e-06	1.32025e-06	1.01658e-06	8.38163e-07	6.95419e-07	5.16074e-07	3.48829e-07	2.45642e-07	1.83395e-07	1.30053e-07	8.65595e-08	6.03602e-08	3.67142e-08	2.00991e-08	9.13139e-09	3.92423e-09
2.93857e-06	1.71535e-06	1.31912e-06	1.02931e-06	8.52074e-07	7.11204e-07	5.34626e-07	3.63457e-07	2.57993e-07	1.93595e-07	1.36631e-07	9.38546e-08	6.28506e-08	3.96322e-08	2.07154e-08	9.96151e-09	7.5466e-10
2.84405e-06	1.71045e-06	1.3341e-06	1.04656e-06	8.72211e-07	7.31089e-07	5.51958e-07	3.78034e-07	2.71451e-07	2.03004e-07	1.43587e-07	9.64456e-08	6.74792e-08	4.15692e-08	2.30674e-08	9.05592e-09	-4.15063e-10
2.75563e-06	1.72188e-06	1.35044e-06	1.06938e-06	8.89118e-07	7.49233e-07	5.63503e-07	3.81547e-07	2.69017e-07	1.99024e-07	1.38917e-07	9.04186e-08	6.22202e-08	3.7971e-08	2.11299e-08	1.09046e-08	6.48991e-09
2.71333e-06	1.74109e-06	1.37873e-06	1.10053e-06	9.1827e-07	7.7086e-07	5.75064e-07	3.8748e-07	2.70722e-07	1.97306e-07	1.356e-07	8.74777e-08	5.80208e-08	3.51168e-08	1.87281e-08	1.26028e-08	7.9994e-09
2.59713e-06	1.72608e-06	1.37624e-06	1.1064e-06	9.25026e-07	7.78475e-07	5.78395e-07	3.85521e-07	2.66086e-07	1.91603e-07	1.29119e-07	8.36268e-08	5.31645e-08	3.18584e-08	1.55079e-08	5.92393e-09	3.10661e-09
2.43932e-06	1.65983e-06	1.33796e-06	1.08523e-06	9.08049e-07	7.65463e-07	5.6374e-07	3.70809e-07	2.51893e-07	1.7843e-07	1.18425e-07	7.44938e-08	4.77802e-08	2.80594e-08	1.31682e-08	5.88605e-09	2.1884e-09
2.25343e-06	1.56011e-06	1.26802e-06	1.03082e-06	8.63097e-07	7.26998e-07	5.33867e-07	3.46295e-07	2.31362e-07	1.63011e-07	1.07224e-07	6.58107e-08	4.07339e-08	2.20962e-08	9.23085e-09	3.98662e-09	2.41461e-09
2.06819e-06	1.43253e-06	1.16614e-06	9.463e-07	7.89854e-07	6.62458e-07	4.84871e-07	3.14377e-07	2.09618e-07	1.46687e-07	9.60561e-08	5.8919e-08	3.84702e-08	2.22471e-08	1.1985e-08	5.63409e-09	3.82313e-09
1.88291e-06	1.28072e-06	1.0355e-06	8.35186e-07	6.94831e-07	5.81225e-07	4.23189e-07	2.73202e-07	1.81778e-07	1.25138e-07	8.28345e-08	5.17228e-08	3.30483e-08	2.04854e-08	1.23365e-08	7.0171e-09	4.61519e-09
1.69444e-06	1.11094e-06	8.94595e-07	7.12205e-07	5.89158e-07	4.90933e-07	3.56203e-07	2.29232e-07	1.53882e-07	1.09655e-07	7.22567e-08	4.6855e-08	3.03941e-08	2.06358e-08	1.21853e-08	1.8737e-09	3.84799e-09
1.47879e-06	9.26389e-07	7.40764e-07	5.8054e-07	4.76159e-07	3.93142e-07	2.83505e-07	1.81023e-07	1.20376e-07	8.44252e-08	5.70128e-08	3.59631e-08	2.45832e-08	1.51649e-08	7.90936e-09	2.72867e-09	-8.29917e-10
1.26833e-06	7.73104e-07	6.0596e-07	4.69534e-07	3.81554e-07	3.1148e-07	2.22029e-07	1.41192e-07	9.14749e-08	6.41267e-08	4.26254e-08	2.65686e-08	1.94266e-08	9.15378e-09	4.4763e-09	1.43342e-09	-9.30466e-10
1.13162e-06	6.50518e-07	5.05143e-07	3.83871e-07	3.09624e-07	2.50239e-07	1.79223e-07	1.16217e-07	7.66735e-08	5.69582e-08	3.89654e-08	2.48579e-08	1.89609e-08	1.25987e-08	7.56928e-09	3.86008e-09	1.45853e-09
9.89966e-07	5.41153e-07	4.1362e-07	3.0848e-07	2.46844e-07	2.00209e-07	1.43401e-07	9.273e-08	6.27798e-08	4.74903e-08	3.4439e-08	2.35377e-08	1.9489e-08	1.24101e-08	8.02193e-09	3.97324e-09	1.72258e-09
8.41761e-07	4.40268e-07	3.33954e-07	2.47467e-07	1.97528e-07	1.59823e-07	1.14159e-07	7.51088e-08	5.30438e-08	3.97546e-08	2.9445e-08	2.1298e-08	1.59924e-08	1.02215e-08	4.76502e-09	3.04257e-09	-3.14315e-10
7.32845e-07	3.58168e-07	2.72599e-07	1.99376e-07	1.60074e-07	1.29259e-07	9.45083e-08	6.38186e-08	4.50225e-08	3.38455e-08	2.6415e-08	2.10214e-08	1.66461e-08	1.23589e-08	8.82597e-09	4.76502e-09	2.57738e-09
6.30588e-07	2.92884e-07	2.26138e-07	1.62396e-07	1.30048e-07	1.06902e-07	8.02112e-08	5.61479e-08	4.04199e-08	3.24742e-08	2.51194e-08	1.97511e-08	1.78149e-08	1.16419e-08	8.39829e-09	4.71461e-09	1.73498e-09
5.42443e-07	2.40804e-07	1.86153e-07	1.31893e-07	1.04423e-07	8.54391e-08	6.38153e-08	4.65289e-08	3.28757e-08	2.67029e-08	2.009e-08	1.70476e-08	1.55012e-08	9.5547e-09	6.44942e-09	3.16814e-09	1.23205e-09
4.72041e-07	2.02424e-07	1.56048e-07	1.10716e-07	8.82257e-08	7.30772e-08	5.33905e-08	3.61803e-08	2.51427e-08	2.24147e-08	1.69085e-08	1.38536e-08	1.15782e-08	7.21595e-09	4.07311e-09	7.91995e-10	-3.01712e-10
5.60037e-07	2.63393e-07	1.57328e-07	1.04283e-07	7.63042e-08	5.93337e-08	4.2288e-08	2.62213e-08	1.76859e-08	1.4573e-08	1.02927e-08	5.34719e-09	6.6024e-09	3.38906e-09	4.60662e-09	4.98318e-09	1.4937e-09
5.15049e-07	2.61748e-07	1.5599e-07	1.03788e-07	7.54343e-08	5.96571e-08	4.48464e-08	2.72241e-08	1.83753e-08	1.55011e-08	1.19239e-08	9.03705e-09	8.5601e-09	6.79034e-09	7.22964e-09	6.01215e-09	2.84918e-09
4.07212e-07	2.55133e-07	1.55354e-07	1.10209e-07	8.15553e-08	6.42352e-08	4.63126e-08	2.98082e-08	2.04579e-08	1.52242e-08	1.26387e-08	8.45926e-09	7.73131e-09	6.8402e-09	4.70656e-09	3.51423e-09	-6.27542e-11
3.43759e-07	2.47848e-07	1.58162e-07	1.13068e-07	8.36115e-08	6.66558e-08	4.95243e-08	3.09496e-08	2.07209e-08	1.58388e-08	1.03542e-08	8.37119e-09	7.44246e-09	5.91129e-09	5.9866e-09	6.28781e-09	3.38864e-09
2.74334e-07	2.596e-07	1.70712e-07	1.31181e-07	1.00773e-07	8.32288e-08	6.05642e-08	3.71844e-08	2.77597e-08	1.96401e-08	1.38924e-08	8.44586e-09	7.57994e-09	6.06144e-09	3.71467e-09	3.18759e-09	1.95773e-09
2.5667e-07	2.67337e-07	1.76455e-07	1.33148e-07	1.00231e-07	8.2411e-08	5.97721e-08	3.72838e-08	2.58389e-08	1.77697e-08	1.33273e-08	8.3829e-09	7.76799e-09	5.29579e-09	6.57581e-09	8.37035e-09	7.5421e-09
2.22355e-07	2.64118e-07	1.69386e-07	1.32241e-07	9.74049e-08	8.25971e-08	5.85534e-08	3.46978e-08	2.20861e-08	1.40046e-08	8.65877e-09	6.04859e-09	3.94037e-09	2.48469e-09	4.50507e-09	2.87371e-09	6.13643e-09
2.22482e-07	2.59512e-07	1.68047e-07	1.32008e-07	9.7538e-08	8.06982e-08	5.85002e-08	3.44451e-08	2.3114e-08	1.5836e-08	9.16027e-09	5.03187e-09	4.54249e-09	4.01546e-10	3.26256e-10	5.14481e-10	2.09557e-09
2.29383e-07	2.57378e-07	1.65776e-07	1.28194e-07	9.63334e-08	7.86152e-08	5.69317e-08	3.54741e-08	2.44943e-08	1.58611e-08	1.01892e-08	7.95563e-09	7.74231e-09	4.1033e-09	3.61391e-09	4.16604e-09	8.9093e-10
2.33492e-07	2.61601e-07	1.66972e-07	1.31673e-07	1e-07	8.29213e-08	6.18522e-08	3.84364e-08	2.79709e-08	2.17217e-08	1.52466e-08	1.08797e-08	9.43657e-09	7.62956e-09	8.31974e-09	8.79659e-09	6.33706e-09
2.41957e-07	2.62799e-07	1.64559e-07	1.30502e-07	9.76008e-08	8.30824e-08	5.64799e-08	3.85735e-08	2.55609e-08	1.76053e-08	1.05406e-08	6.09848e-09	4.21623e-09	1.95754e-09	1.61873e-09	1.07915e-09	-1.5058e-10
2.7393e-07	2.78196e-07	1.66717e-07	1.32008e-07	1.01064e-07	8.62194e-08	6.07589e-08	4.05436e-08	2.71796e-08	1.8308e-08	1.18833e-08	8.69598e-09	4.93149e-09	3.22492e-09	2.02028e-09	9.03478e-10	-3.88998e-10
3.22576e-07	2.90102e-07	1.74049e-07	1.36895e-07	1.05062e-07	9.10962e-08	6.5524e-08	4.25366e-08	3.03403e-08	2.23349e-08	1.45177e-08	9.98795e-09	7.67918e-09	5.43315e-09	4.46697e-09	3.67647e-09	3.60118e-09
4.12016e-07	2.96313e-07	1.77888e-07	1.37297e-07	1.05262e-07	8.95403e-08	6.56118e-08	4.18967e-08	2.95874e-08	2.09672e-08	1.4066e-08	9.27274e-09	5.34531e-09	3.37533e-09	3.7894e-09	3.56354e-09	3.80195e-09
5.27091e-07	3.06259e-07	1.86476e-07	1.40588e-07	1.09004e-07	9.14498e-08	6.69687e-08	4.54865e-08	2.96007e-08	2.05536e-08	1.41039e-08	9.76234e-09	6.51241e-09	4.10319e-09	3.85223e-09	2.94878e-09	1.48066e-09
6.01458e-07	3.10836e-07	1.89679e-07	1.42463e-07	1.13993e-07	9.51341e-08	6.81949e-08	4.50952e-08	2.88338e-08	2.21336e-08	1.38899e-08	9.7744e-09	6.6752e-09	4.89347e-09	4.34139e-09	4.39158e-09	5.54594e-09
6.6504e-07	3.4067e-07	2.16485e-07	1.58979e-07	1.2702e-07	1.0338e-07	7.43952e-08	5.07679e-08	3.52966e-08	2.53087e-08	1.76797e-08	1.39279e-08	1.06781e-08	7.60389e-09	6.43696e-09	5.70919e-09	4.76812e-09
7.23901e-07	3.9022e-07	2.48921e-07	1.82079e-07	1.41902e-07	1.15677e-07	8.17105e-08	5.51345e-08	3.8559e-08	2.72034e-08	1.94991e-08	1.51701e-08	1.18576e-08	8.74573e-09	7.79211e-09	5.52098e-09	5.25748e-09
7.68747e-07	4.54387e-07	2.78911e-07	2.05278e-07	1.55486e-07	1.25734e-07	8.50775e-08	5.26904e-08	3.58505e-08	2.51594e-08	1.49576e-08	1.44682e-08	8.03092e-09	5.33303e-09	3.65156e-09	2.78573e-09	3.19982e-09
8.00193e-07	5.07253e-07	3.01523e-07	2.21001e-07	1.62764e-07	1.29938e-07	8.6621e-08	5.14983e-08	3.05551e-08	2.014e-08	1.26487e-08	1.02269e-08	4.02801e-09	1.97008e-09	7.27802e-10	1.30502e-09	1.63128e-09
8.31196e-07	5.42615e-07	3.22889e-07	2.34735e-07	1.70586e-07	1.3407e-07	8.79031e-08	5.22148e-08	3.24758e-08	2.14456e-08	1.35149e-08	1.00891e-08	4.1034e-09	1.43054e-09	1.10428e-09	1.25486e-11	-1.63132e-10
9.09399e-07	5.58477e-07	3.36993e-07	2.36667e-07	1.69959e-07	1.30832e-07	8.129e-08	4.41963e-08	2.51223e-08	1.69657e-08	9.85067e-09	6.02334e-09	1.15447e-09	2.13327e-10	-2.19601e-09	-3.33793e-09	-5.77237e-10
1.00694e-06	5.91785e-07	3.52245e-07	2.40155e-07	1.72841e-07	1.32219e-07	8.37663e-08	4.71225e-08	2.93527e-08	2.00161e-08	1.50215e-08	1.08802e-08	7.84328e-09	6.55071e-09	4.30439e-09	2.84868e-09	1.40552e-09
1.12615e-06	6.26867e-07	3.75668e-07	2.50195e-07	1.76916e-07	1.34535e-07	8.75731e-08	5.23079e-08	3.65829e-08	2.64803e-08	2.15607e-08	1.75447e-08	1.55619e-08	1.26377e-08	1.0567e-08	6.50084e-09	1.97033e-09
1.20055e-06	6.41873e-07	3.75646e-07	2.45959e-07	1.71138e-07	1.25897e-07	7.9878e-08	4.44882e-08	3.08217e-08	2.02299e-08	1.6076e-08	1.04412e-08	7.80583e-09	5.25827e-09	4.01586e-09	2.00793e-09	-4.01586e-10
1.21614e-06	6.49351e-07	3.68584e-07	2.37092e-07	1.61262e-07	1.17147e-07	7.0195e-08	3.45641e-08	2.03193e-08	1.15214e-08	4.80685e-09	1.75707e-09	-2.03318e-09	-3.47649e-09	-5.48458e-09	-6.60157e-09	-4.8947e-09
1.22562e-06	6.52782e-07	3.63344e-07	2.3388e-07	1.58769e-07	1.15886e-07	7.17979e-08	3.74865e-08	2.24643e-08	1.36417e-08	6.83969e-09	3.85281e-09	8.40842e-10	4.14146e-10	-1.30519e-09	-4.00341e-09	-2.99942e-09
1.29036e-06	6.38784e-07	3.59146e-07	2.27415e-07	1.56568e-07	1.13708e-07	7.12618e-08	3.64467e-08	2.16496e-08	1.3793e-08	7.95703e-09	4.7943e-09	1.07934e-09	-1.117e-09	-1.92023e-09	-2.4097e-09	-3.89066e-10
1.22374e-06	5.98238e-07	3.21623e-07	2.04144e-07	1.40962e-07	1.03271e-07	6.40108e-08	3.24071e-08	1.95421e-08	1.3003e-08	8.69794e-09	4.30504e-09	2.62319e-09	1.55634e-09	1.0543e-09	-8.91131e-10	2.25921e-10
1.16003e-06	5.45824e-07	2.83606e-07	1.78891e-07	1.23139e-07	9.39077e-08	5.98188e-08	3.18172e-08	2.05713e-08	1.11956e-08	9.02427e-09	6.42619e-09	3.03738e-09	9.53887e-10	-1.11705e-09	-6.5768e-09	-5.4974e-09
1.0896e-06	4.78537e-07	2.57242e-07	1.62541e-07	1.14193e-07	8.63792e-08	5.86781e-08	3.51441e-08	2.5856e-08	1.72959e-08	1.64926e-08	1.402e-08	1.1221e-08	8.171e-09	7.60619e-09	5.73602e-09	8.03294e-10
9.12386e-07	3.97788e-07	2.1208e-07	1.31345e-07	9.23206e-08	6.99528e-08	4.72837e-08	2.82422e-08	2.02716e-08	1.33931e-08	1.07069e-08	7.8325e-09	7.4936e-09	7.09193e-09	4.45599e-09	2.0962e-09	7.53125e-11
6.86813e-07	3.23016e-07	1.71549e-07	1.10132e-07	8.0007e-08	6.22207e-08	4.39825e-08	2.78029e-08	2.2167e-08	1.7234e-08	1.39956e-08	1.1686e-08	1.04935e-08	9.91615e-09	8.63584e-09	5.12125e-09	7.90782e-10
5.24539e-07	2.53107e-07	1.38258e-07	8.84524e-08	6.29848e-08	4.65169e-08	3.54588e-08	2.41371e-08	2.00828e-08	1.54638e-08	1.42463e-08	1.36563e-08	1.04682e-08	9.87825e-09	9.94101e-09	8.5101e-09	4.75712e-09
4.13378e-07	2.02553e-07	1.10509e-07	7.11704e-08	5.12251e-08	3.9991e-08	3.06522e-08	2.01587e-08	1.69077e-08	1.2301e-08	9.18813e-09	8.51032e-09	7.79485e-09	8.68605e-09	8.25928e-09	8.43501e-09	7.87016e-09
1.02732e-06	3.25805e-07	2.46602e-07	1.7265e-07	1.42527e-07	1.11662e-07	7.80343e-08	5.21443e-08	3.89292e-08	2.86034e-08	2.57644e-08	2.11919e-08	2.13049e-08	2.15185e-08	1.94332e-08	1.73605e-08	1.167e-08
8.8086e-07	3.31378e-07	2.42965e-07	1.76185e-07	1.40207e-07	1.07696e-07	7.28607e-08	4.50229e-08	3.13678e-08	2.12552e-08	1.72604e-08	1.34038e-08	1.23989e-08	1.40571e-08	1.25119e-08	1.1306e-08	8.88146e-09
