5.28575e-06	3.49758e-06	2.97639e-06	2.50512e-06	2.21103e-06	1.94532e-06	1.57928e-06	1.19217e-06	9.35611e-07	7.51271e-07	5.81017e-07	4.368e-07	3.28975e-07	2.29079e-07	1.42991e-07	7.85893e-08	3.42303e-08
6.04554e-06	3.99984e-06	3.37771e-06	2.8322e-06	2.48536e-06	2.17869e-06	1.7618e-06	1.32207e-06	1.03372e-06	8.27622e-07	6.38755e-07	4.80185e-07	3.61637e-07	2.52586e-07	1.54485e-07	8.2307e-08	3.32313e-08
7.08182e-06	4.70788e-06	3.93331e-06	3.28055e-06	2.86053e-06	2.49795e-06	2.00692e-06	1.49282e-06	1.15926e-06	9.25164e-07	7.10749e-07	5.33713e-07	3.99595e-07	2.79641e-07	1.74191e-07	9.60546e-08	4.24507e-08
8.20394e-06	5.47544e-06	4.52521e-06	3.75618e-06	3.25736e-06	2.83555e-06	2.25994e-06	1.66892e-06	1.28862e-06	1.02324e-06	7.80828e-07	5.81913e-07	4.34032e-07	3.01793e-07	1.89318e-07	1.05331e-07	4.8518e-08
9.36158e-06	6.177e-06	5.04287e-06	4.1535e-06	3.58338e-06	3.10121e-06	2.45455e-06	1.79568e-06	1.37669e-06	1.08495e-06	8.24001e-07	6.09206e-07	4.5172e-07	3.08384e-07	1.90099e-07	1.0134e-07	4.13632e-08
1.05119e-05	6.81902e-06	5.49073e-06	4.48144e-06	3.83978e-06	3.30785e-06	2.59814e-06	1.88448e-06	1.43446e-06	1.12477e-06	8.51366e-07	6.2648e-07	4.61292e-07	3.12468e-07	1.85698e-07	9.89884e-08	3.77213e-08
1.16641e-05	7.44512e-06	5.92615e-06	4.79609e-06	4.08619e-06	3.50494e-06	2.73694e-06	1.97183e-06	1.49552e-06	1.17125e-06	8.83311e-07	6.47315e-07	4.75152e-07	3.25409e-07	1.96796e-07	1.0527e-07	4.60155e-08
1.28465e-05	8.07478e-06	6.367e-06	5.12061e-06	4.34408e-06	3.71107e-06	2.88467e-06	2.06841e-06	1.56273e-06	1.22438e-06	9.20401e-07	6.73878e-07	4.94967e-07	3.38943e-07	2.07501e-07	1.10756e-07	4.26382e-08
1.36749e-05	8.5276e-06	6.70894e-06	5.38703e-06	4.56521e-06	3.8953e-06	3.02238e-06	2.16065e-06	1.62604e-06	1.26888e-06	9.50762e-07	6.95117e-07	5.07764e-07	3.44258e-07	2.06471e-07	1.03508e-07	3.98806e-08
1.40019e-05	8.85633e-06	7.01205e-06	5.65204e-06	4.79632e-06	4.09427e-06	3.17404e-06	2.26564e-06	1.70316e-06	1.32517e-06	9.92514e-07	7.21726e-07	5.26326e-07	3.55154e-07	2.1529e-07	1.11072e-07	4.42947e-08
1.36281e-05	8.80272e-06	7.01983e-06	5.68159e-06	4.82897e-06	4.12865e-06	3.20401e-06	2.28533e-06	1.71428e-06	1.33308e-06	9.95789e-07	7.22359e-07	5.26048e-07	3.53548e-07	2.13343e-07	1.09896e-07	4.7772e-08
1.22801e-05	8.02357e-06	6.45221e-06	5.25825e-06	4.49163e-06	3.85702e-06	3.01129e-06	2.16536e-06	1.63639e-06	1.27728e-06	9.58828e-07	6.95847e-07	5.08004e-07	3.4229e-07	2.06545e-07	1.09013e-07	4.98976e-08
1.06214e-05	6.94682e-06	5.60933e-06	4.59252e-06	3.93996e-06	3.39779e-06	2.6747e-06	1.94245e-06	1.48318e-06	1.16598e-06	8.80949e-07	6.47552e-07	4.76974e-07	3.26792e-07	1.99219e-07	1.0681e-07	4.80122e-08
9.42605e-06	6.11967e-06	4.94263e-06	4.0437e-06	3.47145e-06	2.9958e-06	2.36296e-06	1.7235e-06	1.31929e-06	1.04102e-06	7.8978e-07	5.84442e-07	4.31908e-07	2.99732e-07	1.85284e-07	1.04648e-07	5.01871e-08
8.78047e-06	5.66992e-06	4.56866e-06	3.72114e-06	3.1881e-06	2.74434e-06	2.16391e-06	1.57803e-06	1.20064e-06	9.46941e-07	7.26448e-07	5.41059e-07	4.00154e-07	2.75385e-07	1.69419e-07	9.56223e-08	4.68122e-08
8.68564e-06	5.58625e-06	4.48149e-06	3.63487e-06	3.10369e-06	2.66443e-06	2.09403e-06	1.51994e-06	1.16231e-06	9.17303e-07	6.9387e-07	5.09812e-07	3.74791e-07	2.51214e-07	1.43468e-07	7.35294e-08	2.45309e-08
8.96243e-06	5.82475e-06	4.67287e-06	3.7908e-06	3.23153e-06	2.77264e-06	2.16975e-06	1.56755e-06	1.19203e-06	9.35864e-07	7.02752e-07	5.16843e-07	3.77456e-07	2.59136e-07	1.5537e-07	8.18012e-08	3.62662e-08
1.00322e-05	6.59289e-06	5.27914e-06	4.27865e-06	3.63695e-06	3.11214e-06	2.41198e-06	1.71922e-06	1.29032e-06	9.99709e-07	7.40156e-07	5.38036e-07	3.9e-07	2.61577e-07	1.5341e-07	7.80709e-08	3.39142e-08
1.18024e-05	7.80201e-06	6.20769e-06	5.01082e-06	4.2311e-06	3.59676e-06	2.7557e-06	1.92848e-06	1.42513e-06	1.0916e-06	7.9843e-07	5.6923e-07	4.09185e-07	2.7247e-07	1.61714e-07	8.50235e-08	4.1576e-08
1.38788e-05	9.07878e-06	7.13292e-06	5.69923e-06	4.76729e-06	4.01919e-06	3.03692e-06	2.09014e-06	1.52983e-06	1.16498e-06	8.51361e-07	6.06621e-07	4.35423e-07	2.93776e-07	1.79341e-07	9.82753e-08	4.60649e-08
1.5225e-05	9.85107e-06	7.68166e-06	6.10229e-06	5.08557e-06	4.27116e-06	3.21138e-06	2.19743e-06	1.5987e-06	1.21525e-06	8.89121e-07	6.36092e-07	4.62383e-07	3.17351e-07	2.03032e-07	1.20616e-07	6.46764e-08
1.44059e-05	9.45906e-06	7.43787e-06	5.9488e-06	4.97979e-06	4.1963e-06	3.16552e-06	2.1674e-06	1.57452e-06	1.19109e-06	8.65631e-07	6.10345e-07	4.34946e-07	2.90891e-07	1.75046e-07	9.61587e-08	5.35859e-08
1.2941e-05	8.66269e-06	6.91448e-06	5.59274e-06	4.71336e-06	3.99826e-06	3.04843e-06	2.11113e-06	1.54114e-06	1.16811e-06	8.51498e-07	6.01201e-07	4.28651e-07	2.84107e-07	1.67303e-07	8.97838e-08	4.30396e-08
1.19022e-05	8.00829e-06	6.43937e-06	5.23229e-06	4.43751e-06	3.78524e-06	2.90005e-06	2.02205e-06	1.48543e-06	1.12744e-06	8.19644e-07	5.76484e-07	4.1077e-07	2.69093e-07	1.55118e-07	7.79638e-08	3.75152e-08
1.18765e-05	7.95668e-06	6.37142e-06	5.17743e-06	4.3909e-06	3.74465e-06	2.87792e-06	2.01521e-06	1.48468e-06	1.13251e-06	8.26109e-07	5.84107e-07	4.15236e-07	2.73258e-07	1.63573e-07	9.10608e-08	4.66684e-08
1.28665e-05	8.45039e-06	6.67055e-06	5.36657e-06	4.52512e-06	3.84559e-06	2.94282e-06	2.05677e-06	1.51621e-06	1.15533e-06	8.42521e-07	5.93817e-07	4.21292e-07	2.75623e-07	1.59123e-07	8.20963e-08	3.66165e-08
1.45988e-05	9.39775e-06	7.28587e-06	5.76966e-06	4.80942e-06	4.05242e-06	3.07321e-06	2.13652e-06	1.569e-06	1.1997e-06	8.79646e-07	6.25575e-07	4.45494e-07	2.93076e-07	1.68386e-07	8.37632e-08	3.25823e-08
1.56406e-05	9.99713e-06	7.7642e-06	6.13583e-06	5.10801e-06	4.2787e-06	3.22842e-06	2.2279e-06	1.6414e-06	1.25484e-06	9.21787e-07	6.57032e-07	4.68657e-07	3.06656e-07	1.79323e-07	8.86183e-08	3.58949e-08
1.48846e-05	9.65484e-06	7.66607e-06	6.15976e-06	5.18329e-06	4.39052e-06	3.35975e-06	2.35044e-06	1.74429e-06	1.34197e-06	9.90416e-07	7.10843e-07	5.09849e-07	3.41792e-07	2.01512e-07	1.04246e-07	4.74131e-08
1.28271e-05	8.43709e-06	6.88289e-06	5.63381e-06	4.82552e-06	4.14701e-06	3.23456e-06	2.3207e-06	1.74777e-06	1.35781e-06	1.00869e-06	7.28937e-07	5.25121e-07	3.50119e-07	2.04587e-07	1.0314e-07	4.43006e-08
1.15675e-05	7.55568e-06	6.23647e-06	5.15476e-06	4.453e-06	3.8536e-06	3.0394e-06	2.20938e-06	1.68018e-06	1.30893e-06	9.79024e-07	7.08314e-07	5.0636e-07	3.35849e-07	1.89438e-07	8.79482e-08	3.06984e-08
1.22283e-05	7.85914e-06	6.38508e-06	5.22376e-06	4.48213e-06	3.87002e-06	3.03908e-06	2.20179e-06	1.67516e-06	1.31022e-06	9.84663e-07	7.12057e-07	5.14249e-07	3.41741e-07	1.96113e-07	9.22217e-08	2.84479e-08
1.45542e-05	9.19083e-06	7.24269e-06	5.82044e-06	4.92591e-06	4.20848e-06	3.25713e-06	2.31721e-06	1.73603e-06	1.3458e-06	9.95461e-07	7.13865e-07	5.10684e-07	3.35685e-07	1.91461e-07	9.34228e-08	3.16593e-08
1.84747e-05	1.16435e-05	8.94909e-06	7.06882e-06	5.89012e-06	4.9562e-06	3.75433e-06	2.59796e-06	1.90945e-06	1.45417e-06	1.05926e-06	7.54596e-07	5.33833e-07	3.54578e-07	2.0659e-07	1.05937e-07	4.52626e-08
2.24581e-05	1.42797e-05	1.09389e-05	8.58602e-06	7.08779e-06	5.90666e-06	4.39152e-06	2.95977e-06	2.12503e-06	1.58891e-06	1.13809e-06	7.93031e-07	5.51926e-07	3.62113e-07	2.11786e-07	1.04003e-07	4.28225e-08
2.55473e-05	1.58683e-05	1.21282e-05	9.51006e-06	7.85328e-06	6.53237e-06	4.82925e-06	3.21272e-06	2.2719e-06	1.67441e-06	1.17733e-06	7.97158e-07	5.44579e-07	3.46048e-07	1.93499e-07	9.63892e-08	3.88262e-08
2.87606e-05	1.70567e-05	1.27877e-05	9.91191e-06	8.15434e-06	6.75735e-06	4.97449e-06	3.28395e-06	2.30513e-06	1.68297e-06	1.16742e-06	7.78896e-07	5.22581e-07	3.23349e-07	1.71555e-07	7.4658e-08	2.06716e-08
2.88647e-05	1.67218e-05	1.24285e-05	9.54648e-06	7.81652e-06	6.44572e-06	4.72588e-06	3.10805e-06	2.17609e-06	1.58395e-06	1.09594e-06	7.29373e-07	4.83627e-07	2.97292e-07	1.58394e-07	7.44304e-08	2.20244e-08
2.49306e-05	1.44628e-05	1.08412e-05	8.35839e-06	6.86574e-06	5.67505e-06	4.17982e-06	2.76697e-06	1.94618e-06	1.42282e-06	9.89038e-07	6.60838e-07	4.42877e-07	2.74579e-07	1.49965e-07	6.97163e-08	2.02675e-08
2.03447e-05	1.18861e-05	9.02835e-06	7.02632e-06	5.81918e-06	4.83952e-06	3.59613e-06	2.40834e-06	1.70989e-06	1.25745e-06	8.80914e-07	5.93269e-07	3.99689e-07	2.49235e-07	1.36256e-07	5.8323e-08	1.94073e-08
1.71219e-05	9.95719e-06	7.61543e-06	5.95629e-06	4.96154e-06	4.14344e-06	3.10007e-06	2.09181e-06	1.49822e-06	1.1093e-06	7.85774e-07	5.37108e-07	3.76704e-07	2.4438e-07	1.47432e-07	7.34822e-08	3.92444e-08
1.50325e-05	8.68818e-06	6.66546e-06	5.20935e-06	4.3358e-06	3.61614e-06	2.70362e-06	1.82179e-06	1.30272e-06	9.67482e-07	6.84022e-07	4.70326e-07	3.25398e-07	2.04668e-07	1.10628e-07	4.80694e-08	1.6512e-08
1.32558e-05	7.57241e-06	5.84886e-06	4.57246e-06	3.81343e-06	3.17808e-06	2.37895e-06	1.60724e-06	1.15677e-06	8.71833e-07	6.24564e-07	4.35151e-07	3.02913e-07	1.94002e-07	1.01831e-07	4.05983e-08	9.89986e-09
1.17733e-05	6.59564e-06	5.1278e-06	4.02337e-06	3.37695e-06	2.82504e-06	2.12948e-06	1.45379e-06	1.0565e-06	7.98665e-07	5.81121e-07	4.13759e-07	2.96035e-07	1.99477e-07	1.21517e-07	6.50635e-08	3.57179e-08
1.086e-05	5.91836e-06	4.6085e-06	3.61734e-06	3.05108e-06	2.56236e-06	1.94595e-06	1.34193e-06	9.81756e-07	7.46049e-07	5.42759e-07	3.87716e-07	2.7882e-07	1.90343e-07	1.1853e-07	6.62629e-08	3.29229e-08
1.08018e-05	5.7083e-06	4.41444e-06	3.44676e-06	2.91188e-06	2.44853e-06	1.86856e-06	1.30078e-06	9.59479e-07	7.32508e-07	5.36653e-07	3.82343e-07	2.73143e-07	1.83528e-07	1.12044e-07	5.7084e-08	2.12026e-08
1.15986e-05	5.84942e-06	4.4467e-06	3.43216e-06	2.88802e-06	2.4264e-06	1.84908e-06	1.28513e-06	9.49212e-07	7.25023e-07	5.29041e-07	3.74339e-07	2.66139e-07	1.78105e-07	1.04761e-07	5.54151e-08	2.12785e-08
1.26949e-05	6.07759e-06	4.52249e-06	3.44782e-06	2.89559e-06	2.41616e-06	1.83962e-06	1.27106e-06	9.34696e-07	7.10021e-07	5.17701e-07	3.64942e-07	2.58168e-07	1.70068e-07	9.75573e-08	4.67051e-08	1.8763e-08
1.30587e-05	6.05279e-06	4.48522e-06	3.40634e-06	2.8576e-06	2.3741e-06	1.79532e-06	1.23078e-06	8.98437e-07	6.78244e-07	4.92414e-07	3.46297e-07	2.41257e-07	1.56561e-07	8.88057e-08	3.95858e-08	1.25294e-08
1.21516e-05	5.79653e-06	4.34869e-06	3.31063e-06	2.76683e-06	2.28987e-06	1.71646e-06	1.16488e-06	8.46158e-07	6.38051e-07	4.62639e-07	3.2756e-07	2.31573e-07	1.55916e-07	9.31171e-08	4.60718e-08	2.10635e-08
1.04332e-05	5.31879e-06	4.01224e-06	3.05896e-06	2.53794e-06	2.09639e-06	1.56319e-06	1.05803e-06	7.69408e-07	5.82739e-07	4.2405e-07	3.02837e-07	2.15306e-07	1.46311e-07	9.09574e-08	4.5858e-08	2.66019e-08
8.90843e-06	4.691e-06	3.52717e-06	2.68391e-06	2.22014e-06	1.83435e-06	1.37266e-06	9.36835e-07	6.88282e-07	5.30141e-07	3.86919e-07	2.74521e-07	2.00053e-07	1.28278e-07	7.31408e-08	4.19122e-08	3.16838e-08
7.55153e-06	3.9346e-06	2.96148e-06	2.25621e-06	1.87595e-06	1.5582e-06	1.18085e-06	8.21946e-07	6.14825e-07	4.81895e-07	3.58004e-07	2.63395e-07	1.91886e-07	1.31476e-07	8.00693e-08	4.34799e-08	2.13038e-08
6.10964e-06	3.09855e-06	2.38248e-06	1.83565e-06	1.54739e-06	1.29977e-06	1.00633e-06	7.23772e-07	5.53316e-07	4.35507e-07	3.31492e-07	2.47832e-07	1.84628e-07	1.3245e-07	8.34577e-08	4.8297e-08	2.04187e-08
5.02627e-06	2.50936e-06	2.00095e-06	1.5761e-06	1.35878e-06	1.15733e-06	9.1418e-07	6.79276e-07	5.33365e-07	4.2829e-07	3.33873e-07	2.53881e-07	1.93752e-07	1.38224e-07	8.77541e-08	4.93198e-08	1.8054e-08
4.39557e-06	2.22985e-06	1.82113e-06	1.45037e-06	1.25757e-06	1.07588e-06	8.55357e-07	6.27424e-07	4.85916e-07	3.85193e-07	2.94078e-07	2.24683e-07	1.59132e-07	1.12885e-07	6.50838e-08	3.53612e-08	1.00382e-08
4.0177e-06	2.12223e-06	1.75477e-06	1.40795e-06	1.22161e-06	1.04621e-06	8.3043e-07	6.05752e-07	4.65247e-07	3.69937e-07	2.81681e-07	2.12769e-07	1.59671e-07	1.13375e-07	7.1732e-08	4.50316e-08	2.88369e-08
3.72983e-06	2.00502e-06	1.66795e-06	1.34158e-06	1.16063e-06	9.9062e-07	7.79121e-07	5.63993e-07	4.30153e-07	3.39524e-07	2.56605e-07	1.89199e-07	1.39149e-07	1.00351e-07	6.29946e-08	3.72431e-08	2.12637e-08
3.59394e-06	1.92878e-06	1.60444e-06	1.28886e-06	1.11449e-06	9.49623e-07	7.45209e-07	5.36876e-07	4.10573e-07	3.24345e-07	2.46852e-07	1.84276e-07	1.36023e-07	9.375e-08	5.66596e-08	2.72047e-08	7.71137e-09
3.67632e-06	1.96875e-06	1.63631e-06	1.31515e-06	1.13859e-06	9.72669e-07	7.65334e-07	5.54536e-07	4.25263e-07	3.38681e-07	2.59026e-07	1.95983e-07	1.4773e-07	1.06821e-07	7.1741e-08	4.30572e-08	2.0985e-08
3.85835e-06	2.07774e-06	1.73051e-06	1.396e-06	1.21462e-06	1.04298e-06	8.2775e-07	6.07678e-07	4.66716e-07	3.72614e-07	2.83923e-07	2.15281e-07	1.59293e-07	1.1587e-07	7.72255e-08	4.46869e-08	2.72293e-08
3.94783e-06	2.17161e-06	1.80317e-06	1.48049e-06	1.29849e-06	1.11405e-06	8.90701e-07	6.65061e-07	5.11377e-07	4.08513e-07	3.12614e-07	2.35298e-07	1.73443e-07	1.21776e-07	7.43452e-08	4.52442e-08	2.79758e-08
3.9056e-06	2.16077e-06	1.82454e-06	1.50133e-06	1.3224e-06	1.14585e-06	9.27692e-07	6.92628e-07	5.42525e-07	4.32913e-07	3.333e-07	2.49893e-07	1.85157e-07	1.29548e-07	7.87298e-08	4.21713e-08	1.61935e-08
3.91948e-06	2.17858e-06	1.84683e-06	1.52007e-06	1.3409e-06	1.16656e-06	9.48716e-07	7.12558e-07	5.60398e-07	4.46364e-07	3.44036e-07	2.58735e-07	1.92142e-07	1.37559e-07	8.68307e-08	4.92112e-08	2.24377e-08
4.1999e-06	2.36326e-06	1.98938e-06	1.63593e-06	1.43786e-06	1.25214e-06	1.01123e-06	7.55486e-07	5.90775e-07	4.7262e-07	3.63111e-07	2.72501e-07	2.02761e-07	1.41301e-07	8.7665e-08	4.73783e-08	2.02002e-08
4.75335e-06	2.6902e-06	2.23494e-06	1.82859e-06	1.59672e-06	1.38626e-06	1.11104e-06	8.20056e-07	6.32781e-07	5.00518e-07	3.81352e-07	2.8341e-07	2.06578e-07	1.41376e-07	8.73742e-08	4.72898e-08	2.1932e-08
5.41087e-06	3.05427e-06	2.49735e-06	2.03892e-06	1.77626e-06	1.53407e-06	1.22211e-06	8.96964e-07	6.90057e-07	5.44408e-07	4.13485e-07	3.06998e-07	2.27246e-07	1.59339e-07	1.04515e-07	6.27497e-08	3.16782e-08
6.15578e-06	3.33133e-06	2.64723e-06	2.13044e-06	1.84232e-06	1.58201e-06	1.2524e-06	9.06727e-07	6.93814e-07	5.4079e-07	4.0358e-07	2.92926e-07	2.09109e-07	1.40307e-07	8.34513e-08	4.40768e-08	2.33593e-08
6.88092e-06	3.74659e-06	2.89009e-06	2.27254e-06	1.93288e-06	1.64335e-06	1.28705e-06	9.28949e-07	7.05001e-07	5.50511e-07	4.12428e-07	2.99499e-07	2.15833e-07	1.48119e-07	8.8558e-08	4.92846e-08	2.43326e-08
6.83952e-06	3.96768e-06	3.0824e-06	2.42723e-06	2.047e-06	1.73229e-06	1.33904e-06	9.52019e-07	7.17774e-07	5.58005e-07	4.14402e-07	2.97621e-07	2.1196e-07	1.42781e-07	8.01881e-08	3.80337e-08	1.27158e-08
6.10485e-06	3.72748e-06	2.97473e-06	2.38829e-06	2.04175e-06	1.74914e-06	1.36555e-06	9.85098e-07	7.4842e-07	5.84951e-07	4.39898e-07	3.20264e-07	2.32077e-07	1.5524e-07	8.88442e-08	3.91198e-08	1.30568e-08
5.23344e-06	3.22987e-06	2.64904e-06	2.16836e-06	1.87785e-06	1.62533e-06	1.29073e-06	9.47003e-07	7.25132e-07	5.69769e-07	4.29359e-07	3.13216e-07	2.24854e-07	1.4735e-07	7.9097e-08	3.50363e-08	7.39402e-09
4.58438e-06	2.81019e-06	2.32998e-06	1.92481e-06	1.68145e-06	1.46376e-06	1.17671e-06	8.77828e-07	6.82651e-07	5.40914e-07	4.12447e-07	3.04356e-07	2.19141e-07	1.45947e-07	7.44584e-08	3.37471e-08	1.10342e-08
4.19447e-06	2.52915e-06	2.09931e-06	1.73481e-06	1.52006e-06	1.3266e-06	1.0739e-06	8.07136e-07	6.35216e-07	5.08001e-07	3.8847e-07	2.89883e-07	2.12442e-07	1.44784e-07	7.96026e-08	3.45307e-08	1.44089e-09
3.88263e-06	2.2951e-06	1.90156e-06	1.56336e-06	1.36733e-06	1.19123e-06	9.61803e-07	7.17857e-07	5.62351e-07	4.48607e-07	3.42889e-07	2.52578e-07	1.83692e-07	1.21543e-07	6.6156e-08	2.70363e-08	4.44916e-09
3.67337e-06	2.14427e-06	1.78106e-06	1.46289e-06	1.2807e-06	1.1151e-06	9.00576e-07	6.73328e-07	5.28566e-07	4.21179e-07	3.22337e-07	2.39054e-07	1.75691e-07	1.17347e-07	6.55114e-08	2.74534e-08	2.14874e-09
3.52961e-06	2.02491e-06	1.68252e-06	1.38043e-06	1.20907e-06	1.05215e-06	8.48256e-07	6.33936e-07	4.97346e-07	3.96979e-07	3.0297e-07	2.26959e-07	1.68794e-07	1.18567e-07	7.21183e-08	4.04828e-08	1.66709e-08
3.41471e-06	1.92041e-06	1.59467e-06	1.30554e-06	1.14495e-06	9.9483e-07	8.02417e-07	5.98665e-07	4.6677e-07	3.71556e-07	2.85922e-07	2.11891e-07	1.584e-07	1.10054e-07	6.59032e-08	3.46201e-08	1.12872e-08
3.31501e-06	1.839e-06	1.52425e-06	1.24422e-06	1.09003e-06	9.46536e-07	7.63227e-07	5.70009e-07	4.44614e-07	3.54508e-07	2.71695e-07	2.0252e-07	1.48601e-07	1.03276e-07	6.30198e-08	3.31404e-08	1.5281e-08
3.21415e-06	1.76793e-06	1.46912e-06	1.19722e-06	1.04947e-06	9.10968e-07	7.2876e-07	5.40914e-07	4.19942e-07	3.33729e-07	2.52597e-07	1.86253e-07	1.35949e-07	9.11044e-08	5.38183e-08	3.06251e-08	1.57739e-08
3.09203e-06	1.67671e-06	1.40447e-06	1.14371e-06	1.0023e-06	8.67224e-07	7.04947e-07	5.25607e-07	4.07695e-07	3.24212e-07	2.44571e-07	1.81754e-07	1.31133e-07	8.24718e-08	4.24303e-08	1.84661e-08	6.13008e-09
2.92377e-06	1.57781e-06	1.34051e-06	1.09875e-06	9.67492e-07	8.386e-07	6.77363e-07	5.04095e-07	3.91873e-07	3.1092e-07	2.34644e-07	1.73332e-07	1.28387e-07	8.42012e-08	4.47169e-08	1.5546e-08	-5.06825e-09
2.74506e-06	1.44379e-06	1.25102e-06	1.02832e-06	9.11565e-07	7.90672e-07	6.43011e-07	4.80043e-07	3.73104e-07	2.96752e-07	2.23862e-07	1.6614e-07	1.22283e-07	8.05106e-08	4.49065e-08	2.03488e-08	7.10313e-09
2.55408e-06	1.34279e-06	1.17598e-06	9.79499e-07	8.74365e-07	7.66223e-07	6.24523e-07	4.7055e-07	3.685e-07	2.97138e-07	2.28355e-07	1.70126e-07	1.25799e-07	8.59097e-08	5.20615e-08	2.33954e-08	1.02e-08
2.42412e-06	1.25291e-06	1.11587e-06	9.33658e-07	8.39358e-07	7.39459e-07	6.09644e-07	4.63789e-07	3.6681e-07	3e-07	2.34037e-07	1.7792e-07	1.34138e-07	9.60566e-08	6.26517e-08	3.43276e-08	1.35111e-08
2.32094e-06	1.17016e-06	1.05243e-06	8.82786e-07	7.98761e-07	7.04146e-07	5.78817e-07	4.40495e-07	3.47042e-07	2.79373e-07	2.14813e-07	1.6111e-07	1.17353e-07	8.3405e-08	5.11754e-08	2.18782e-08	-1.75683e-09
2.25076e-06	1.12223e-06	1.01389e-06	8.53931e-07	7.74141e-07	6.82861e-07	5.64345e-07	4.32495e-07	3.44995e-07	2.76403e-07	2.12778e-07	1.67126e-07	1.24532e-07	8.87386e-08	5.54853e-08	2.52275e-08	5.75076e-09
2.24483e-06	1.12434e-06	1.01665e-06	8.56269e-07	7.78071e-07	6.86261e-07	5.71537e-07	4.38574e-07	3.4928e-07	2.81901e-07	2.17101e-07	1.6365e-07	1.18857e-07	7.74646e-08	4.1595e-08	1.70501e-08	2.56572e-09
2.35022e-06	1.20043e-06	1.07744e-06	9.05394e-07	8.16515e-07	7.19988e-07	5.98397e-07	4.58214e-07	3.64418e-07	2.93283e-07	2.26042e-07	1.68938e-07	1.24864e-07	8.50628e-08	5.03172e-08	2.48995e-08	9.42895e-09
2.58007e-06	1.3735e-06	1.20038e-06	1.00188e-06	8.92176e-07	7.81244e-07	6.40432e-07	4.83999e-07	3.75543e-07	2.96309e-07	2.273e-07	1.66304e-07	1.18365e-07	7.81724e-08	4.59681e-08	1.88069e-08	1.02629e-08
3.03347e-06	1.68357e-06	1.43526e-06	1.19037e-06	1.05327e-06	9.20324e-07	7.45842e-07	5.53236e-07	4.26896e-07	3.3951e-07	2.5589e-07	1.88322e-07	1.35718e-07	8.88271e-08	4.96967e-08	2.11325e-08	5.87715e-09
3.72657e-06	2.12593e-06	1.75094e-06	1.4275e-06	1.24044e-06	1.06894e-06	8.45825e-07	6.06689e-07	4.58556e-07	3.57504e-07	2.63606e-07	1.92914e-07	1.38856e-07	9.06873e-08	5.24533e-08	2.53545e-08	9.42895e-09
4.6807e-06	2.66453e-06	2.08294e-06	1.63646e-06	1.378e-06	1.15233e-06	8.74178e-07	6.02224e-07	4.40963e-07	3.36426e-07	2.46309e-07	1.74596e-07	1.23534e-07	7.97396e-08	4.40091e-08	1.74545e-08	-1.01112e-10
5.58643e-06	3.07975e-06	2.25851e-06	1.67051e-06	1.33501e-06	1.06891e-06	7.58986e-07	4.86426e-07	3.40319e-07	2.51239e-07	1.80725e-07	1.24077e-07	8.30637e-08	5.13777e-08	2.49115e-08	6.14257e-09	-6.0541e-09
5.29122e-06	2.82669e-06	2.02135e-06	1.46223e-06	1.14513e-06	9.00215e-07	6.29537e-07	3.90407e-07	2.71752e-07	2.02667e-07	1.50379e-07	1.02869e-07	6.82255e-08	4.30865e-08	2.33316e-08	8.32912e-09	-1.1274e-08
3.87643e-06	2.03754e-06	1.52992e-06	1.14753e-06	9.37603e-07	7.61369e-07	5.59073e-07	3.75711e-07	2.68712e-07	2.04987e-07	1.47089e-07	1.03043e-07	6.92222e-08	4.4741e-08	2.15616e-08	9.82028e-09	-5.05548e-11
2.86818e-06	1.48579e-06	1.19164e-06	9.35241e-07	7.98001e-07	6.69177e-07	5.14635e-07	3.62077e-07	2.67858e-07	2.07194e-07	1.52065e-07	1.09436e-07	7.70436e-08	5.09327e-08	2.9637e-08	1.76685e-08	1.17537e-08
2.31793e-06	1.15829e-06	9.61907e-07	7.68408e-07	6.68841e-07	5.70309e-07	4.50785e-07	3.27267e-07	2.49096e-07	1.96304e-07	1.47747e-07	1.07972e-07	7.61861e-08	4.81535e-08	2.2282e-08	1.0566e-08	8.21516e-10
1.92777e-06	9.17395e-07	7.84048e-07	6.29354e-07	5.59704e-07	4.81295e-07	3.90893e-07	2.91189e-07	2.28919e-07	1.83067e-07	1.3949e-07	1.06188e-07	8.02411e-08	5.65062e-08	3.58298e-08	2.07522e-08	9.95905e-09
1.67855e-06	7.54948e-07	6.64004e-07	5.39582e-07	4.86528e-07	4.22352e-07	3.44501e-07	2.67889e-07	2.17703e-07	1.77211e-07	1.38147e-07	1.07752e-07	8.32217e-08	6.1004e-08	3.69032e-08	1.77691e-08	-2.65399e-10
1.50152e-06	6.26671e-07	5.59854e-07	4.55122e-07	4.13644e-07	3.58315e-07	2.98827e-07	2.28357e-07	1.83922e-07	1.49723e-07	1.16384e-07	9.06908e-08	6.74747e-08	4.54465e-08	2.09034e-08	-7.19106e-09	-2.83851e-08
1.40758e-06	5.50715e-07	4.98319e-07	4.00528e-07	3.64953e-07	3.1626e-07	2.65519e-07	2.02811e-07	1.62496e-07	1.32886e-07	1.04792e-07	8.10206e-08	6.20261e-08	4.21469e-08	2.49722e-08	3.67759e-09	-1.14877e-08
1.3534e-06	5.02224e-07	4.58561e-07	3.67632e-07	3.39336e-07	2.89619e-07	2.48711e-07	1.86129e-07	1.49138e-07	1.22814e-07	9.53645e-08	7.50177e-08	5.93848e-08	4.31579e-08	2.70322e-08	1.51148e-08	2.51491e-09
1.31565e-06	4.69683e-07	4.30418e-07	3.43978e-07	3.14647e-07	2.70441e-07	2.25818e-07	1.72059e-07	1.40124e-07	1.13813e-07	8.86263e-08	7.01377e-08	5.28497e-08	3.55238e-08	2.1016e-08	9.08631e-09	2.70441e-09
1.30226e-06	4.61203e-07	4.21913e-07	3.33868e-07	3.05535e-07	2.61671e-07	2.17781e-07	1.64742e-07	1.31771e-07	1.06331e-07	8.28005e-08	6.43498e-08	4.39909e-08	3.49425e-08	1.60369e-08	7.2918e-09	2.32529e-09
1.27629e-06	4.50284e-07	4.0968e-07	3.21572e-07	2.931e-07	2.48035e-07	2.02224e-07	1.51156e-07	1.17907e-07	9.32895e-08	7.15405e-08	5.31025e-08	3.17958e-08	2.20776e-08	6.54619e-09	-2.35056e-09	-1.89561e-09
1.22696e-06	4.28032e-07	3.88136e-07	2.99512e-07	2.72393e-07	2.28997e-07	1.84856e-07	1.3475e-07	1.03966e-07	8.24066e-08	6.13785e-08	4.42173e-08	2.93055e-08	1.90062e-08	1.20558e-08	8.8207e-09	1.09943e-08
1.2346e-06	4.51638e-07	4.15117e-07	3.32457e-07	3.0669e-07	2.59844e-07	2.19582e-07	1.69754e-07	1.40638e-07	1.13936e-07	9.2769e-08	7.51529e-08	6.0279e-08	4.67194e-08	3.42845e-08	2.60198e-08	1.72117e-08
1.18438e-06	4.43953e-07	4.04967e-07	3.24112e-07	2.96929e-07	2.54568e-07	2.12751e-07	1.62303e-07	1.3153e-07	1.07304e-07	8.56692e-08	6.79515e-08	5.32794e-08	3.82156e-08	2.71958e-08	1.57462e-08	3.00771e-09
1.15642e-06	4.32937e-07	3.92499e-07	3.15048e-07	2.87993e-07	2.45975e-07	2.03162e-07	1.55963e-07	1.22349e-07	9.9123e-08	7.69581e-08	6.08209e-08	4.22448e-08	2.85971e-08	1.90942e-08	6.95024e-09	-3.72785e-09
1.14911e-06	4.3051e-07	3.89908e-07	3.08578e-07	2.82698e-07	2.4092e-07	1.97564e-07	1.47914e-07	1.16688e-07	9.3904e-08	6.95276e-08	5.41234e-08	3.82263e-08	2.47302e-08	1.05517e-08	3.41193e-09	-2.28726e-09
1.18683e-06	4.48379e-07	4.06816e-07	3.20785e-07	2.93351e-07	2.52142e-07	2.05967e-07	1.53208e-07	1.19999e-07	9.57743e-08	7.06018e-08	5.28597e-08	3.71143e-08	2.05348e-08	1.12847e-08	6.95024e-10	-9.35123e-09
1.2426e-06	4.87073e-07	4.33456e-07	3.45102e-07	3.13587e-07	2.69283e-07	2.19647e-07	1.64274e-07	1.30295e-07	1.04504e-07	8.24909e-08	6.3195e-08	4.97245e-08	3.51547e-08	2.69789e-08	1.65664e-08	7.50607e-09
1.32988e-06	5.254e-07	4.67056e-07	3.70928e-07	3.34736e-07	2.85389e-07	2.32934e-07	1.709e-07	1.34241e-07	1.05151e-07	8.24424e-08	6.20467e-08	4.64023e-08	3.3298e-08	2.14194e-08	1.0299e-08	4.27124e-09
1.40682e-06	5.42673e-07	4.8241e-07	3.77287e-07	3.3771e-07	2.86924e-07	2.29162e-07	1.65437e-07	1.26706e-07	9.94364e-08	7.25207e-08	5.27952e-08	3.56854e-08	2.44768e-08	1.75015e-08	1.07789e-08	8.34007e-09
1.4726e-06	5.87154e-07	5.15758e-07	4.06869e-07	3.65434e-07	3.10263e-07	2.48863e-07	1.79653e-07	1.35033e-07	1.07359e-07	8.02037e-08	6.37889e-08	4.67929e-08	3.38278e-08	2.52224e-08	1.40138e-08	1.10948e-08
1.55944e-06	6.2446e-07	5.49157e-07	4.3487e-07	3.86319e-07	3.28835e-07	2.58549e-07	1.85698e-07	1.43162e-07	1.12e-07	8.45654e-08	6.26406e-08	5.01175e-08	3.19711e-08	2.08633e-08	1.08045e-08	4.22069e-09
1.63522e-06	6.52409e-07	5.82819e-07	4.5485e-07	3.99224e-07	3.39011e-07	2.73251e-07	1.99176e-07	1.50791e-07	1.21803e-07	9.13364e-08	7.06758e-08	4.73489e-08	3.41564e-08	2.0231e-08	9.12353e-09	0
1.69309e-06	6.87917e-07	5.90806e-07	4.57971e-07	3.98453e-07	3.36547e-07	2.69763e-07	1.92706e-07	1.46229e-07	1.14853e-07	8.43232e-08	6.24495e-08	4.25596e-08	2.65998e-08	1.15497e-08	-5.93914e-10	-1.19288e-08
1.73558e-06	7.0837e-07	6.00672e-07	4.65288e-07	4.05899e-07	3.40052e-07	2.66484e-07	1.87293e-07	1.42511e-07	1.09416e-07	8.20718e-08	6.03376e-08	4.37464e-08	2.93285e-08	1.86257e-08	1.08039e-08	4.91546e-09
1.78873e-06	7.42191e-07	6.2857e-07	4.81413e-07	4.2469e-07	3.53652e-07	2.76422e-07	1.97119e-07	1.46879e-07	1.13331e-07	8.16022e-08	5.68234e-08	3.65302e-08	2.15188e-08	1.14607e-08	1.6932e-09	-1.01087e-08
1.78532e-06	7.3991e-07	6.15141e-07	4.67348e-07	4.08085e-07	3.34984e-07	2.56413e-07	1.7189e-07	1.27107e-07	9.54156e-08	6.89681e-08	4.98117e-08	3.30562e-08	2.18226e-08	1.56309e-08	9.52766e-09	8.98431e-09
1.83432e-06	7.77521e-07	6.49975e-07	4.98143e-07	4.31248e-07	3.5724e-07	2.77003e-07	1.94011e-07	1.45906e-07	1.20003e-07	9.17614e-08	7.50316e-08	5.64443e-08	5.0278e-08	3.84256e-08	2.85696e-08	1.48218e-08
1.81876e-06	7.97132e-07	6.60576e-07	5.08213e-07	4.36593e-07	3.63065e-07	2.8212e-07	1.97637e-07	1.488e-07	1.18398e-07	8.9765e-08	6.89285e-08	5.25272e-08	3.87288e-08	3.15643e-08	2.24792e-08	6.76017e-09
1.78395e-06	7.93157e-07	6.52447e-07	5.01845e-07	4.28483e-07	3.55323e-07	2.70375e-07	1.87208e-07	1.41859e-07	1.14073e-07	8.19919e-08	5.95259e-08	4.62334e-08	3.08559e-08	1.82204e-08	9.464e-09	-1.36969e-08
1.75637e-06	7.83824e-07	6.40364e-07	4.90625e-07	4.17656e-07	3.38598e-07	2.55812e-07	1.74176e-07	1.27426e-07	9.92242e-08	7.39033e-08	5.04144e-08	3.79435e-08	2.44365e-08	1.21551e-08	2.37542e-09	-6.74719e-09
1.73597e-06	7.82933e-07	6.34751e-07	4.86266e-07	4.13236e-07	3.37553e-07	2.60531e-07	1.78607e-07	1.3067e-07	1.01976e-07	7.52533e-08	5.29654e-08	3.86501e-08	2.4777e-08	1.19779e-08	3.86627e-09	-3.27243e-09
1.71469e-06	7.80936e-07	6.26652e-07	4.77813e-07	4.05466e-07	3.35961e-07	2.56892e-07	1.79099e-07	1.33361e-07	1.03631e-07	7.97261e-08	5.67811e-08	3.94335e-08	2.61921e-08	1.24201e-08	-1.30139e-09	-6.14055e-09
1.69456e-06	7.62811e-07	6.11576e-07	4.63246e-07	3.94982e-07	3.26932e-07	2.5168e-07	1.76151e-07	1.32031e-07	1.04222e-07	7.87007e-08	5.73862e-08	4.10244e-08	2.97165e-08	1.96088e-08	1.4833e-08	2.91858e-09
1.6513e-06	7.52697e-07	5.97006e-07	4.52874e-07	3.8331e-07	3.18004e-07	2.45092e-07	1.71358e-07	1.2916e-07	1.01428e-07	7.70815e-08	5.90398e-08	4.2729e-08	3.08402e-08	2.01642e-08	1.5856e-08	3.71447e-09
1.6321e-06	7.32749e-07	5.69434e-07	4.28026e-07	3.63911e-07	3.07881e-07	2.27986e-07	1.60687e-07	1.18743e-07	9.36276e-08	6.77919e-08	5.14819e-08	3.40602e-08	2.36501e-08	1.07259e-08	3.01943e-09	-3.53741e-10
1.65889e-06	7.40304e-07	5.81398e-07	4.40521e-07	3.69242e-07	3.03118e-07	2.3429e-07	1.68532e-07	1.21358e-07	9.66597e-08	7.17968e-08	5.24294e-08	3.3858e-08	2.18056e-08	5.12924e-09	-5.77356e-09	-1.39222e-08
1.68414e-06	7.48301e-07	5.83239e-07	4.37922e-07	3.62023e-07	2.92731e-07	2.22669e-07	1.52733e-07	1.0738e-07	8.12173e-08	5.75431e-08	3.92127e-08	2.20193e-08	1.27088e-08	4.00465e-09	-6.746e-09	-1.01695e-08
1.74761e-06	7.79631e-07	5.9577e-07	4.40524e-07	3.67e-07	2.98909e-07	2.23288e-07	1.50471e-07	1.09389e-07	8.27838e-08	6.0234e-08	4.27247e-08	2.7603e-08	1.86463e-08	1.26961e-08	6.24068e-09	2.71609e-09
1.83666e-06	8.14043e-07	6.16779e-07	4.48015e-07	3.72988e-07	3.08876e-07	2.26863e-07	1.53566e-07	1.08631e-07	8.45398e-08	6.28237e-08	4.69062e-08	3.46648e-08	2.52533e-08	1.90505e-08	1.80525e-08	1.53238e-08
1.88435e-06	8.20372e-07	6.23045e-07	4.51414e-07	3.74706e-07	3.05326e-07	2.28808e-07	1.54122e-07	1.11966e-07	8.40597e-08	6.09667e-08	4.55039e-08	3.1974e-08	2.25372e-08	9.34839e-09	7.16289e-09	1.75598e-09
1.88205e-06	7.84108e-07	5.93545e-07	4.30331e-07	3.56796e-07	2.89894e-07	2.15475e-07	1.45023e-07	1.06582e-07	7.98509e-08	5.58742e-08	3.88075e-08	2.65538e-08	1.67509e-08	4.42142e-09	-1.22537e-09	-1.30369e-08
1.85347e-06	7.16435e-07	5.5187e-07	4.02501e-07	3.39325e-07	2.72372e-07	2.04788e-07	1.4045e-07	1.0211e-07	7.60864e-08	5.56342e-08	4.18772e-08	2.92825e-08	1.63466e-08	6.91006e-09	2.65285e-09	2.52653e-11
1.79764e-06	6.41403e-07	5.09562e-07	3.71027e-07	3.27914e-07	2.63251e-07	2.03375e-07	1.42476e-07	1.08888e-07	7.90637e-08	5.8183e-08	4.77742e-08	2.93568e-08	1.71037e-08	7.52867e-09	-3.22116e-09	-5.20439e-09
1.70476e-06	5.5284e-07	4.63317e-07	3.3562e-07	2.98494e-07	2.42951e-07	1.88785e-07	1.31171e-07	1.02547e-07	8.00111e-08	6.14168e-08	4.41236e-08	3.12895e-08	1.90238e-08	9.87823e-09	3.53696e-10	-2.95589e-09
1.54391e-06	4.81141e-07	4.14079e-07	3.00104e-07	2.64785e-07	2.21143e-07	1.65955e-07	1.17361e-07	9.04302e-08	7.16974e-08	5.17268e-08	3.80972e-08	2.51749e-08	1.58528e-08	9.4864e-09	4.50951e-09	5.55794e-10
1.39089e-06	4.57583e-07	3.86555e-07	2.87219e-07	2.58596e-07	2.11025e-07	1.68595e-07	1.20532e-07	9.7744e-08	7.98449e-08	6.11374e-08	5.04131e-08	3.7933e-08	2.72592e-08	1.8417e-08	9.6885e-09	-1.17475e-09
1.28636e-06	4.49334e-07	3.70096e-07	2.78112e-07	2.51446e-07	2.07703e-07	1.62052e-07	1.19597e-07	9.4965e-08	7.4489e-08	6.14405e-08	5.11457e-08	3.96256e-08	2.89013e-08	1.84296e-08	7.02322e-09	-5.3432e-09
1.18377e-06	4.25424e-07	3.50104e-07	2.62025e-07	2.37975e-07	1.9542e-07	1.58183e-07	1.14541e-07	9.02006e-08	7.85924e-08	6.44326e-08	5.12455e-08	4.12035e-08	3.3751e-08	2.64248e-08	1.41345e-08	6.69462e-09
1.08752e-06	3.98143e-07	3.29519e-07	2.52229e-07	2.22003e-07	1.87028e-07	1.57787e-07	1.17254e-07	9.49223e-08	8.35291e-08	6.72603e-08	5.77491e-08	4.6558e-08	3.81837e-08	3.08829e-08	2.23948e-08	8.47543e-09
9.81407e-07	3.57585e-07	2.9371e-07	2.23671e-07	1.99394e-07	1.67791e-07	1.36125e-07	1.01667e-07	8.17734e-08	6.76393e-08	5.77365e-08	4.73791e-08	3.5329e-08	2.87483e-08	2.06391e-08	1.53215e-08	8.71542e-09
9.0387e-07	3.13777e-07	2.56561e-07	1.98171e-07	1.74716e-07	1.44606e-07	1.1548e-07	8.38533e-08	6.25584e-08	4.67073e-08	3.47463e-08	2.46419e-08	1.17589e-08	3.52388e-09	-6.40362e-09	-1.43229e-08	-1.18347e-08
8.70879e-07	3.08409e-07	2.60186e-07	2.05396e-07	1.85541e-07	1.58537e-07	1.31723e-07	1.01788e-07	8.35249e-08	6.93662e-08	5.80873e-08	4.7604e-08	3.7146e-08	2.94541e-08	2.40988e-08	9.44755e-09	-3.77649e-09
8.2549e-07	2.76207e-07	2.40944e-07	1.84905e-07	1.72287e-07	1.46433e-07	1.19556e-07	9.05072e-08	7.24083e-08	5.80605e-08	4.79943e-08	3.90649e-08	2.90997e-08	2.35551e-08	2.08902e-08	1.65833e-08	1.77453e-08
8.07282e-07	2.54515e-07	2.25378e-07	1.78737e-07	1.66599e-07	1.40102e-07	1.18126e-07	8.87241e-08	7.35937e-08	6.26058e-08	4.97992e-08	4.05921e-08	3.42898e-08	2.74192e-08	2.07002e-08	1.44485e-08	8.62613e-09
7.75127e-07	2.08075e-07	2.05448e-07	1.64137e-07	1.55687e-07	1.31438e-07	1.10296e-07	8.1702e-08	6.28079e-08	5.17189e-08	3.88871e-08	3.01473e-08	2.01319e-08	1.40569e-08	5.5571e-09	-1.0609e-09	1.23772e-09
8.00652e-07	2.81661e-07	2.22266e-07	1.70408e-07	1.52365e-07	1.29473e-07	1.08462e-07	8.20475e-08	6.72239e-08	5.83096e-08	4.63522e-08	3.73494e-08	2.8233e-08	1.9748e-08	1.17806e-08	2.72734e-09	1.76772e-09
8.42374e-07	3.07574e-07	2.39564e-07	1.82627e-07	1.61679e-07	1.30123e-07	1.08594e-07	8.09152e-08	6.54721e-08	5.23146e-08	4.01293e-08	3.04442e-08	1.69078e-08	1.49759e-08	5.50547e-09	1.67942e-09	5.54335e-09
8.78984e-07	3.41292e-07	2.74282e-07	2.08369e-07	1.84504e-07	1.52609e-07	1.25309e-07	9.43861e-08	7.54836e-08	6.05586e-08	4.49013e-08	3.60751e-08	2.10112e-08	9.97525e-09	-3.01783e-09	-1.16925e-08	-1.52912e-08
9.19007e-07	3.78245e-07	2.99727e-07	2.3544e-07	2.05147e-07	1.67479e-07	1.39383e-07	1.06867e-07	8.65491e-08	7.00071e-08	5.37933e-08	4.47141e-08	3.16699e-08	2.44343e-08	1.27159e-08	1.93201e-09	-1.11627e-08
9.47935e-07	3.889e-07	3.14168e-07	2.39955e-07	2.12224e-07	1.82372e-07	1.44084e-07	1.10746e-07	8.60336e-08	7.09686e-08	5.34537e-08	4.27579e-08	3.13045e-08	2.15936e-08	1.19081e-08	2.47506e-09	-1.47115e-08
9.8813e-07	4.14659e-07	3.30479e-07	2.50947e-07	2.24441e-07	1.92441e-07	1.55023e-07	1.19576e-07	9.76158e-08	8.39269e-08	6.62222e-08	5.70288e-08	4.48932e-08	3.8276e-08	2.7239e-08	1.81467e-08	7.12229e-09
9.93509e-07	4.15922e-07	3.31578e-07	2.55127e-07	2.23708e-07	1.86101e-07	1.53344e-07	1.14323e-07	9.26529e-08	7.74612e-08	5.79507e-08	4.96035e-08	3.44623e-08	3.33889e-08	2.70243e-08	2.68854e-08	2.02935e-08
1.00679e-06	4.24684e-07	3.41563e-07	2.6218e-07	2.27831e-07	1.91549e-07	1.56353e-07	1.20211e-07	9.87169e-08	8.24514e-08	6.61228e-08	5.63989e-08	4.324e-08	3.45263e-08	2.72649e-08	1.91069e-08	1.58993e-08
1.02024e-06	4.36084e-07	3.46089e-07	2.6674e-07	2.30696e-07	1.96977e-07	1.60352e-07	1.24687e-07	1.0222e-07	8.56382e-08	7.00538e-08	5.93569e-08	4.74855e-08	3.75717e-08	3.09414e-08	2.12296e-08	1.5155e-08
1.01508e-06	4.23417e-07	3.32929e-07	2.52115e-07	2.13192e-07	1.82857e-07	1.46548e-07	1.11616e-07	8.89722e-08	7.58253e-08	6.03925e-08	5.07691e-08	3.97313e-08	2.66601e-08	2.5334e-08	1.27681e-08	-1.26291e-10
1.05642e-06	4.36537e-07	3.44266e-07	2.63274e-07	2.29566e-07	1.95062e-07	1.58538e-07	1.27191e-07	1.09043e-07	9.39e-08	7.16595e-08	6.04446e-08	5.03157e-08	3.61202e-08	2.78227e-08	1.44228e-08	-2.45011e-09
1.05717e-06	4.22682e-07	3.24173e-07	2.43079e-07	2.09977e-07	1.744e-07	1.40591e-07	1.0586e-07	8.28618e-08	6.65825e-08	5.15661e-08	4.23718e-08	3.28745e-08	2.80374e-08	1.7416e-08	4.26875e-09	-3.44784e-09
1.07897e-06	4.2431e-07	3.28109e-07	2.51497e-07	2.20629e-07	1.83738e-07	1.51153e-07	1.16409e-07	9.54937e-08	7.89361e-08	6.30226e-08	5.34618e-08	3.98974e-08	3.15618e-08	2.48175e-08	1.94498e-08	1.19099e-08
1.10634e-06	4.1981e-07	3.33127e-07	2.5353e-07	2.21007e-07	1.84871e-07	1.55935e-07	1.15227e-07	9.21262e-08	6.96567e-08	5.26688e-08	4.08846e-08	2.71175e-08	1.39061e-08	4.04173e-10	-8.38659e-09	-1.71016e-08
1.13446e-06	4.25401e-07	3.4124e-07	2.59896e-07	2.27927e-07	1.90653e-07	1.566e-07	1.16168e-07	9.22066e-08	6.85234e-08	5.01958e-08	3.78426e-08	2.57673e-08	1.49552e-08	3.78931e-09	-2.9304e-09	-6.65656e-09
1.20028e-06	4.64481e-07	3.74662e-07	2.892e-07	2.56259e-07	2.1882e-07	1.79639e-07	1.36238e-07	1.1109e-07	8.99078e-08	7.0936e-08	5.75092e-08	4.37287e-08	3.30302e-08	2.20033e-08	1.30479e-08	6.27763e-09
1.28011e-06	4.89831e-07	3.98555e-07	3.06659e-07	2.70634e-07	2.30692e-07	1.86709e-07	1.4006e-07	1.12005e-07	9.02534e-08	6.5369e-08	5.15625e-08	4.06614e-08	2.9356e-08	1.71791e-08	1.54359e-08	7.49059e-09
1.38346e-06	5.33601e-07	4.39227e-07	3.3927e-07	2.9948e-07	2.53221e-07	2.04424e-07	1.507e-07	1.19436e-07	9.54601e-08	7.01203e-08	5.32944e-08	4.44899e-08	3.42327e-08	2.07923e-08	1.39584e-08	5.79809e-09
1.55611e-06	5.9833e-07	4.96741e-07	3.81193e-07	3.34706e-07	2.77393e-07	2.21912e-07	1.61555e-07	1.24946e-07	9.88479e-08	7.54023e-08	5.66054e-08	4.28994e-08	3.05323e-08	1.79126e-08	8.13522e-09	4.5729e-09
1.81349e-06	7.08196e-07	5.72692e-07	4.3432e-07	3.77912e-07	3.12143e-07	2.43936e-07	1.73101e-07	1.29845e-07	1.00536e-07	7.47764e-08	5.59654e-08	3.91126e-08	2.56835e-08	1.55895e-08	4.16898e-09	4.01738e-09
2.17752e-06	8.58058e-07	6.71594e-07	5.04763e-07	4.30968e-07	3.57906e-07	2.75243e-07	1.96217e-07	1.46907e-07	1.1483e-07	8.54937e-08	6.56711e-08	4.78826e-08	3.37073e-08	2.13766e-08	1.20275e-08	7.64352e-09
2.5777e-06	1.01891e-06	7.78845e-07	5.78499e-07	4.93506e-07	4.06504e-07	3.13527e-07	2.19235e-07	1.65803e-07	1.31298e-07	9.67175e-08	7.14484e-08	5.13089e-08	3.79163e-08	2.33108e-08	1.78147e-08	1.3519e-08
3.03034e-06	1.1903e-06	9.03518e-07	6.64978e-07	5.60864e-07	4.59188e-07	3.48441e-07	2.40397e-07	1.8081e-07	1.41792e-07	1.05984e-07	7.96017e-08	5.86526e-08	4.26943e-08	2.72162e-08	1.77777e-08	1.32922e-08
3.69277e-06	1.44974e-06	1.06646e-06	7.66748e-07	6.35377e-07	5.08605e-07	3.77852e-07	2.53153e-07	1.8228e-07	1.35971e-07	9.74956e-08	6.73473e-08	4.18867e-08	2.81393e-08	1.21427e-08	8.4658e-10	-2.11013e-09
4.49634e-06	1.82906e-06	1.31002e-06	9.32904e-07	7.60728e-07	6.03829e-07	4.40131e-07	2.89575e-07	2.08264e-07	1.54309e-07	1.11145e-07	7.84938e-08	5.18069e-08	3.31438e-08	1.56558e-08	2.16073e-09	-4.96588e-09
5.11692e-06	2.2045e-06	1.5665e-06	1.11644e-06	8.99593e-07	7.11592e-07	5.14721e-07	3.35831e-07	2.37244e-07	1.8004e-07	1.32212e-07	9.5959e-08	6.83616e-08	4.8447e-08	2.9417e-08	1.54035e-08	6.16644e-09
5.33044e-06	2.4391e-06	1.74874e-06	1.26346e-06	1.01979e-06	8.14555e-07	5.89115e-07	3.8498e-07	2.7207e-07	2.13448e-07	1.55812e-07	1.15639e-07	8.66758e-08	6.33988e-08	3.55094e-08	1.86772e-08	5.87611e-09
5.10057e-06	2.46115e-06	1.79448e-06	1.32199e-06	1.07494e-06	8.65781e-07	6.29682e-07	4.13499e-07	2.97516e-07	2.24486e-07	1.66898e-07	1.21152e-07	8.71834e-08	6.01653e-08	3.63822e-08	1.90189e-08	1.2258e-09
4.60832e-06	2.3301e-06	1.74132e-06	1.315e-06	1.0865e-06	8.91166e-07	6.66296e-07	4.52066e-07	3.34576e-07	2.56249e-07	1.91849e-07	1.40907e-07	1.02843e-07	7.32086e-08	4.57096e-08	2.43271e-08	7.98686e-09
3.97729e-06	2.09003e-06	1.60104e-06	1.23685e-06	1.03766e-06	8.64924e-07	6.59429e-07	4.63413e-07	3.46422e-07	2.66714e-07	1.99555e-07	1.45755e-07	1.03379e-07	7.15062e-08	4.59899e-08	2.39365e-08	8.75818e-09
3.43734e-06	1.8602e-06	1.46781e-06	1.16126e-06	9.90939e-07	8.41354e-07	6.57609e-07	4.771e-07	3.63345e-07	2.85406e-07	2.14923e-07	1.59278e-07	1.15613e-07	8.06941e-08	5.17782e-08	3.05968e-08	1.55701e-08
2.98912e-06	1.64008e-06	1.33954e-06	1.08247e-06	9.51418e-07	8.219e-07	6.53304e-07	4.82243e-07	3.7263e-07	2.95043e-07	2.23902e-07	1.65727e-07	1.19964e-07	8.2832e-08	5.08063e-08	2.89419e-08	1.27648e-08
2.66425e-06	1.51793e-06	1.28891e-06	1.06934e-06	9.4899e-07	8.30869e-07	6.75678e-07	5.0685e-07	3.94795e-07	3.14881e-07	2.40843e-07	1.77549e-07	1.28687e-07	8.81297e-08	5.29183e-08	2.94608e-08	1.05407e-08
2.6993e-06	1.57489e-06	1.3507e-06	1.13271e-06	1.00871e-06	8.84628e-07	7.22225e-07	5.41407e-07	4.21194e-07	3.33186e-07	2.51586e-07	1.83144e-07	1.3131e-07	8.68576e-08	4.94957e-08	1.68483e-08	-4.65128e-09
3.03496e-06	1.78291e-06	1.51178e-06	1.25997e-06	1.11549e-06	9.74885e-07	7.86074e-07	5.79213e-07	4.42894e-07	3.46757e-07	2.56863e-07	1.91782e-07	1.3805e-07	8.25497e-08	4.97118e-08	1.61535e-08	3.47591e-09
3.56168e-06	2.11575e-06	1.77943e-06	1.47272e-06	1.29002e-06	1.12081e-06	8.93094e-07	6.48061e-07	4.88776e-07	3.79354e-07	2.80891e-07	2.05003e-07	1.47416e-07	1.00195e-07	6.58148e-08	4.16856e-08	2.29031e-08
4.26741e-06	2.55769e-06	2.11291e-06	1.72456e-06	1.48654e-06	1.26984e-06	9.82633e-07	6.87729e-07	5.0206e-07	3.77733e-07	2.70597e-07	1.91104e-07	1.33605e-07	8.97186e-08	5.43014e-08	2.82757e-08	9.03759e-09
5.37393e-06	3.12643e-06	2.47392e-06	1.9477e-06	1.62725e-06	1.34708e-06	9.94843e-07	6.58581e-07	4.61372e-07	3.36704e-07	2.34927e-07	1.5896e-07	1.08666e-07	6.89764e-08	3.91713e-08	1.81131e-08	6.80031e-09
6.90607e-06	3.64688e-06	2.67356e-06	1.9742e-06	1.57893e-06	1.26059e-06	8.85782e-07	5.54075e-07	3.80903e-07	2.75812e-07	1.96165e-07	1.43291e-07	1.04194e-07	7.94949e-08	5.76272e-08	4.31414e-08	3.07033e-08
7.22024e-06	3.34599e-06	2.26502e-06	1.57578e-06	1.22847e-06	9.53659e-07	6.6654e-07	4.18493e-07	2.95487e-07	2.22349e-07	1.64075e-07	1.25142e-07	9.39451e-08	7.2987e-08	5.03223e-08	3.29036e-08	1.78991e-08
5.28368e-06	2.1825e-06	1.53186e-06	1.09206e-06	8.95674e-07	7.24794e-07	5.45975e-07	3.75246e-07	2.81387e-07	2.21785e-07	1.69035e-07	1.3187e-07	1.02847e-07	8.161e-08	5.79208e-08	3.94777e-08	1.79881e-08
3.41674e-06	1.54647e-06	1.22877e-06	9.52469e-07	8.16474e-07	6.82628e-07	5.32437e-07	3.81678e-07	2.92228e-07	2.30084e-07	1.72553e-07	1.28094e-07	9.19905e-08	6.22962e-08	3.9959e-08	1.82161e-08	5.05651e-10
2.72608e-06	1.29578e-06	1.08058e-06	8.54584e-07	7.44855e-07	6.32395e-07	5.03919e-07	3.72333e-07	2.88746e-07	2.32732e-07	1.79334e-07	1.38236e-07	1.0203e-07	7.42314e-08	4.70646e-08	2.63451e-08	9.26628e-09
2.17615e-06	1.02575e-06	8.87085e-07	7.15008e-07	6.31333e-07	5.43538e-07	4.40408e-07	3.32638e-07	2.64121e-07	2.14477e-07	1.6922e-07	1.36453e-07	1.06442e-07	8.22462e-08	5.7987e-08	4.11104e-08	2.74828e-08
1.85603e-06	8.42848e-07	7.57452e-07	6.16558e-07	5.51503e-07	4.77687e-07	3.94314e-07	3.00233e-07	2.41347e-07	1.98845e-07	1.56911e-07	1.27961e-07	1.0044e-07	7.44482e-08	5.23881e-08	3.4879e-08	2.50689e-08
1.68067e-06	7.22276e-07	6.58913e-07	5.33464e-07	4.81188e-07	4.15348e-07	3.43502e-07	2.61226e-07	2.1048e-07	1.73477e-07	1.35601e-07	1.0488e-07	8.07206e-08	5.86473e-08	3.73831e-08	2.32491e-08	1.52592e-08
1.64102e-06	6.97168e-07	6.42225e-07	5.23552e-07	4.75247e-07	4.13666e-07	3.48774e-07	2.72642e-07	2.24829e-07	1.88382e-07	1.54463e-07	1.26245e-07	1.01669e-07	8.16182e-08	6.2579e-08	4.81795e-08	3.40961e-08
1.6243e-06	6.73557e-07	6.19598e-07	5.03666e-07	4.56282e-07	3.98278e-07	3.35887e-07	2.66505e-07	2.20195e-07	1.8075e-07	1.50168e-07	1.23037e-07	9.47053e-08	7.35417e-08	5.31619e-08	3.98367e-08	2.30347e-08
1.56224e-06	6.35032e-07	5.75714e-07	4.63856e-07	4.2225e-07	3.66334e-07	3.07345e-07	2.39912e-07	1.95082e-07	1.60354e-07	1.2957e-07	1.02073e-07	7.77118e-08	5.89001e-08	4.35398e-08	3.09608e-08	2.40076e-08
1.53895e-06	6.36679e-07	5.76955e-07	4.66851e-07	4.28355e-07	3.73031e-07	3.17568e-07	2.49855e-07	2.0663e-07	1.72103e-07	1.38297e-07	1.10723e-07	8.42246e-08	6.41483e-08	4.45018e-08	2.61574e-08	1.68778e-08
1.50123e-06	6.27794e-07	5.73341e-07	4.66395e-07	4.2896e-07	3.76429e-07	3.20256e-07	2.51631e-07	2.08759e-07	1.76279e-07	1.3916e-07	1.12243e-07	8.74507e-08	6.6552e-08	4.61717e-08	2.74097e-08	1.92045e-08
1.44079e-06	6.12148e-07	5.61877e-07	4.6408e-07	4.2864e-07	3.79748e-07	3.25722e-07	2.60835e-07	2.18227e-07	1.89235e-07	1.53998e-07	1.24652e-07	1.01363e-07	8.51793e-08	6.20796e-08	4.22672e-08	2.51606e-08
1.39053e-06	5.80314e-07	5.38918e-07	4.41851e-07	4.04526e-07	3.5696e-07	3.05778e-07	2.41017e-07	1.96776e-07	1.64155e-07	1.29662e-07	1.0263e-07	7.94159e-08	6.27134e-08	4.50373e-08	3.09521e-08	2.21646e-08
1.38653e-06	5.89531e-07	5.48868e-07	4.53129e-07	4.18688e-07	3.714e-07	3.17221e-07	2.53091e-07	2.1014e-07	1.76419e-07	1.41813e-07	1.17411e-07	9.35011e-08	7.51296e-08	5.65558e-08	4.2066e-08	2.93716e-08
1.40612e-06	6.0373e-07	5.59616e-07	4.61044e-07	4.25882e-07	3.77785e-07	3.23808e-07	2.5887e-07	2.13756e-07	1.78139e-07	1.45037e-07	1.15324e-07	9.20217e-08	7.10456e-08	5.13845e-08	3.55418e-08	2.26704e-08
1.44586e-06	6.3179e-07	5.84741e-07	4.8226e-07	4.44176e-07	3.92095e-07	3.35538e-07	2.68865e-07	2.22082e-07	1.85186e-07	1.50086e-07	1.20157e-07	9.64495e-08	7.45752e-08	5.60262e-08	4.03727e-08	2.90815e-08
1.51108e-06	6.55017e-07	6.03581e-07	4.96257e-07	4.55796e-07	4.013e-07	3.41354e-07	2.70218e-07	2.20312e-07	1.81216e-07	1.43233e-07	1.11408e-07	8.54744e-08	6.31701e-08	4.29142e-08	3.1054e-08	1.99272e-08
1.58688e-06	6.93152e-07	6.3265e-07	5.16298e-07	4.71867e-07	4.12793e-07	3.47436e-07	2.70673e-07	2.16695e-07	1.7679e-07	1.37454e-07	1.02974e-07	7.39556e-08	5.21065e-08	2.98908e-08	1.79547e-08	1.12912e-08
1.71187e-06	7.63852e-07	6.93346e-07	5.69254e-07	5.20914e-07	4.59437e-07	3.87768e-07	3.0286e-07	2.44986e-07	2.00807e-07	1.59017e-07	1.23043e-07	9.14321e-08	6.53087e-08	4.06393e-08	2.5428e-08	1.92196e-08
1.85098e-06	8.58032e-07	7.74264e-07	6.38023e-07	5.83161e-07	5.17386e-07	4.37728e-07	3.47676e-07	2.86099e-07	2.379e-07	1.91078e-07	1.53336e-07	1.22357e-07	9.36931e-08	6.52058e-08	4.28004e-08	2.10904e-08
1.94363e-06	9.12642e-07	8.11779e-07	6.66827e-07	6.02367e-07	5.28348e-07	4.43531e-07	3.43794e-07	2.72987e-07	2.20956e-07	1.70241e-07	1.28363e-07	9.45023e-08	6.41311e-08	3.62634e-08	2.04709e-08	6.38529e-09
2.06086e-06	9.88317e-07	8.74229e-07	7.14419e-07	6.40856e-07	5.61084e-07	4.65924e-07	3.60029e-07	2.82849e-07	2.30629e-07	1.72871e-07	1.26277e-07	8.92171e-08	5.63929e-08	2.73619e-08	6.7014e-10	-9.17965e-09
2.23706e-06	1.10922e-06	9.74433e-07	7.98005e-07	7.13653e-07	6.24308e-07	5.17551e-07	4.01942e-07	3.19412e-07	2.62107e-07	2.02817e-07	1.58068e-07	1.20097e-07	8.72974e-08	5.50666e-08	3.07008e-08	9.3569e-09
2.4212e-06	1.22087e-06	1.06181e-06	8.64903e-07	7.69966e-07	6.67872e-07	5.46318e-07	4.17189e-07	3.28954e-07	2.67146e-07	2.09107e-07	1.61588e-07	1.20277e-07	8.85388e-08	5.60796e-08	2.64782e-08	6.34768e-09
2.54173e-06	1.31172e-06	1.12263e-06	9.10298e-07	8.01856e-07	6.92795e-07	5.59911e-07	4.20098e-07	3.30433e-07	2.65642e-07	2.02215e-07	1.53078e-07	1.12665e-07	8.06231e-08	4.95675e-08	2.75783e-08	1.35931e-08
2.7053e-06	1.42264e-06	1.20832e-06	9.77491e-07	8.60116e-07	7.43892e-07	5.99734e-07	4.49469e-07	3.5564e-07	2.87709e-07	2.24962e-07	1.739e-07	1.32739e-07	9.66743e-08	6.26834e-08	3.73799e-08	1.77289e-08
2.8587e-06	1.50355e-06	1.27166e-06	1.02682e-06	8.96472e-07	7.73761e-07	6.21775e-07	4.63139e-07	3.63746e-07	2.9393e-07	2.28794e-07	1.76517e-07	1.36608e-07	1.00809e-07	6.59965e-08	4.1869e-08	2.15857e-08
2.99507e-06	1.59961e-06	1.33527e-06	1.07424e-06	9.3786e-07	8.05956e-07	6.43412e-07	4.77744e-07	3.73154e-07	2.98685e-07	2.3155e-07	1.79148e-07	1.37645e-07	1.00202e-07	6.55792e-08	4.1477e-08	2.48735e-08
3.15706e-06	1.6942e-06	1.40795e-06	1.13121e-06	9.84028e-07	8.47738e-07	6.77075e-07	5.00076e-07	3.90798e-07	3.10911e-07	2.4367e-07	1.87293e-07	1.40501e-07	1.02954e-07	6.89607e-08	4.26689e-08	2.31682e-08
3.32064e-06	1.79675e-06	1.48723e-06	1.199e-06	1.04552e-06	8.97309e-07	7.15715e-07	5.25685e-07	4.10461e-07	3.24818e-07	2.55033e-07	1.93495e-07	1.42743e-07	1.05309e-07	7.04042e-08	4.3922e-08	2.96312e-08
3.48433e-06	1.88738e-06	1.55809e-06	1.25324e-06	1.08821e-06	9.33491e-07	7.45751e-07	5.49259e-07	4.28141e-07	3.41474e-07	2.64405e-07	2.01588e-07	1.51217e-07	1.08749e-07	7.04295e-08	4.03177e-08	1.78698e-08
3.61825e-06	1.95666e-06	1.60832e-06	1.29401e-06	1.12207e-06	9.63691e-07	7.65277e-07	5.6188e-07	4.36096e-07	3.46039e-07	2.6486e-07	2.00008e-07	1.46904e-07	1.02565e-07	6.59778e-08	3.6549e-08	1.91218e-08
3.74643e-06	2.01741e-06	1.64878e-06	1.32545e-06	1.15127e-06	9.87227e-07	7.88871e-07	5.82598e-07	4.53585e-07	3.65297e-07	2.82408e-07	2.16125e-07	1.64639e-07	1.20602e-07	8.5848e-08	5.4104e-08	2.95434e-08
3.82314e-06	2.03871e-06	1.6533e-06	1.32516e-06	1.15088e-06	9.88074e-07	7.89359e-07	5.81247e-07	4.51675e-07	3.62549e-07	2.79228e-07	2.11716e-07	1.61254e-07	1.16735e-07	7.85526e-08	4.96788e-08	3.22254e-08
3.87201e-06	2.04416e-06	1.65561e-06	1.32877e-06	1.15394e-06	9.91653e-07	7.90383e-07	5.84674e-07	4.56114e-07	3.65635e-07	2.84148e-07	2.18129e-07	1.67033e-07	1.22629e-07	8.40163e-08	5.6053e-08	3.77776e-08
3.86884e-06	2.02779e-06	1.64172e-06	1.3192e-06	1.14631e-06	9.82787e-07	7.86394e-07	5.82083e-07	4.54114e-07	3.6529e-07	2.8633e-07	2.21246e-07	1.71894e-07	1.31561e-07	9.41239e-08	6.62611e-08	4.75552e-08
3.83274e-06	2.01769e-06	1.63862e-06	1.31843e-06	1.1466e-06	9.87175e-07	7.89462e-07	5.85715e-07	4.54353e-07	3.63958e-07	2.8229e-07	2.18013e-07	1.6684e-07	1.23735e-07	8.41723e-08	5.5942e-08	3.62618e-08
3.76444e-06	1.99849e-06	1.63504e-06	1.32312e-06	1.15785e-06	9.99431e-07	7.99327e-07	6.00804e-07	4.66533e-07	3.77378e-07	2.96165e-07	2.31496e-07	1.7988e-07	1.36573e-07	9.49105e-08	6.22534e-08	3.52879e-08
3.68554e-06	1.96529e-06	1.61929e-06	1.31507e-06	1.15264e-06	9.96623e-07	8.0429e-07	6.00056e-07	4.72314e-07	3.80884e-07	2.97979e-07	2.35967e-07	1.79673e-07	1.34862e-07	9.41871e-08	6.39845e-08	3.87651e-08
3.57331e-06	1.92342e-06	1.59267e-06	1.30074e-06	1.14282e-06	9.92032e-07	8.02008e-07	6.00627e-07	4.71732e-07	3.8121e-07	2.96254e-07	2.29498e-07	1.76692e-07	1.27226e-07	8.39447e-08	5.15532e-08	2.57386e-08
3.50916e-06	1.90243e-06	1.58698e-06	1.30283e-06	1.14785e-06	9.99481e-07	8.10402e-07	6.12013e-07	4.77625e-07	3.88948e-07	3.04065e-07	2.35916e-07	1.80896e-07	1.28418e-07	8.62108e-08	4.92398e-08	2.5967e-08
3.49664e-06	1.91653e-06	1.60587e-06	1.32432e-06	1.16646e-06	1.02016e-06	8.33207e-07	6.36703e-07	4.98166e-07	4.05239e-07	3.23872e-07	2.53636e-07	1.96049e-07	1.39903e-07	9.4116e-08	6.27356e-08	3.78817e-08
3.57788e-06	1.96008e-06	1.64688e-06	1.35729e-06	1.20555e-06	1.05702e-06	8.68281e-07	6.60899e-07	5.26245e-07	4.307e-07	3.38785e-07	2.58708e-07	2.01804e-07	1.47593e-07	9.86315e-08	6.02945e-08	2.99385e-08
3.69402e-06	2.03154e-06	1.70363e-06	1.40919e-06	1.25108e-06	1.09387e-06	8.99954e-07	6.86659e-07	5.49099e-07	4.44412e-07	3.46352e-07	2.64457e-07	1.99724e-07	1.47564e-07	9.3671e-08	5.20085e-08	3.08484e-08
3.91202e-06	2.13889e-06	1.79182e-06	1.47743e-06	1.30916e-06	1.14737e-06	9.44485e-07	7.22034e-07	5.75019e-07	4.65785e-07	3.63193e-07	2.75993e-07	2.05932e-07	1.43701e-07	8.67316e-08	4.50164e-08	1.90741e-08
4.16425e-06	2.27215e-06	1.89006e-06	1.55424e-06	1.37437e-06	1.20531e-06	9.8935e-07	7.56805e-07	6.00847e-07	4.86807e-07	3.76233e-07	2.82064e-07	2.09891e-07	1.40008e-07	8.27473e-08	4.34733e-08	1.83784e-08
4.42588e-06	2.39894e-06	1.98903e-06	1.63338e-06	1.44465e-06	1.26491e-06	1.03642e-06	7.88148e-07	6.23261e-07	5.01341e-07	3.85176e-07	2.84809e-07	2.05363e-07	1.36605e-07	7.56514e-08	3.25323e-08	3.89578e-09
4.62489e-06	2.5018e-06	2.06876e-06	1.70077e-06	1.50549e-06	1.31733e-06	1.07738e-06	8.19011e-07	6.43967e-07	5.16696e-07	3.95914e-07	2.94852e-07	2.15368e-07	1.49658e-07	8.96534e-08	4.86339e-08	2.30964e-08
4.72673e-06	2.56757e-06	2.11968e-06	1.74207e-06	1.53941e-06	1.34815e-06	1.09838e-06	8.28434e-07	6.47609e-07	5.11776e-07	3.90665e-07	2.87579e-07	2.10258e-07	1.44447e-07	8.81103e-08	4.73564e-08	2.12876e-08
4.78783e-06	2.59541e-06	2.14948e-06	1.76157e-06	1.55444e-06	1.35855e-06	1.10173e-06	8.22907e-07	6.35935e-07	5.01632e-07	3.76448e-07	2.75449e-07	1.9933e-07	1.35429e-07	8.01417e-08	4.24488e-08	2.33873e-08
4.78093e-06	2.60019e-06	2.14879e-06	1.76594e-06	1.55553e-06	1.35491e-06	1.09097e-06	8.07784e-07	6.19855e-07	4.86757e-07	3.63322e-07	2.65134e-07	1.91192e-07	1.30847e-07	8.02535e-08	4.60904e-08	1.99717e-08
4.74128e-06	2.57676e-06	2.1315e-06	1.74749e-06	1.5322e-06	1.3287e-06	1.06188e-06	7.75923e-07	5.91295e-07	4.5993e-07	3.41352e-07	2.45782e-07	1.74964e-07	1.15631e-07	6.73143e-08	3.3303e-08	1.2193e-08
4.70251e-06	2.55426e-06	2.10829e-06	1.72218e-06	1.50439e-06	1.29877e-06	1.02962e-06	7.47679e-07	5.69098e-07	4.43753e-07	3.30715e-07	2.38256e-07	1.72472e-07	1.17439e-07	7.20574e-08	3.58832e-08	1.38246e-08
4.66724e-06	2.53018e-06	2.0819e-06	1.69063e-06	1.47226e-06	1.26638e-06	9.99406e-07	7.21251e-07	5.45773e-07	4.26073e-07	3.17591e-07	2.32457e-07	1.70659e-07	1.1817e-07	7.42563e-08	3.73368e-08	1.28124e-08
4.60158e-06	2.46543e-06	2.01678e-06	1.62565e-06	1.40784e-06	1.20501e-06	9.44541e-07	6.75975e-07	5.03415e-07	3.89525e-07	2.87727e-07	2.02067e-07	1.42713e-07	9.32615e-08	5.193e-08	2.25376e-08	3.70567e-09
4.56999e-06	2.44406e-06	1.99403e-06	1.60422e-06	1.3777e-06	1.18761e-06	9.18161e-07	6.64095e-07	5.00291e-07	3.72986e-07	2.93209e-07	2.14671e-07	1.58872e-07	1.14051e-07	7.50601e-08	4.42772e-08	2.69382e-08
4.54025e-06	2.41029e-06	1.94552e-06	1.55446e-06	1.33741e-06	1.13719e-06	8.82553e-07	6.24187e-07	4.66373e-07	3.58576e-07	2.65979e-07	1.96487e-07	1.44447e-07	1.02828e-07	6.81893e-08	4.63996e-08	3.21597e-08
4.58077e-06	2.41174e-06	1.94009e-06	1.54342e-06	1.32455e-06	1.11416e-06	8.69511e-07	6.12024e-07	4.58633e-07	3.53893e-07	2.62583e-07	1.94165e-07	1.4206e-07	1.00225e-07	6.60537e-08	4.14938e-08	2.50658e-08
4.62077e-06	2.42036e-06	1.93518e-06	1.53017e-06	1.30644e-06	1.10438e-06	8.49335e-07	5.94061e-07	4.41512e-07	3.3894e-07	2.48622e-07	1.80624e-07	1.28332e-07	8.80672e-08	5.30376e-08	2.87066e-08	1.28484e-08
4.72987e-06	2.47793e-06	1.97606e-06	1.55731e-06	1.3254e-06	1.11516e-06	8.54587e-07	5.93477e-07	4.371e-07	3.3625e-07	2.46554e-07	1.75219e-07	1.2604e-07	8.83305e-08	5.64885e-08	3.37641e-08	1.69959e-08
4.91223e-06	2.58353e-06	2.05129e-06	1.6131e-06	1.37234e-06	1.15248e-06	8.79954e-07	6.11232e-07	4.53198e-07	3.49655e-07	2.56582e-07	1.87132e-07	1.37522e-07	9.42361e-08	6.07375e-08	3.69509e-08	2.24083e-08
5.09161e-06	2.68142e-06	2.13081e-06	1.65932e-06	1.39965e-06	1.16736e-06	8.84234e-07	6.07117e-07	4.44867e-07	3.40115e-07	2.484e-07	1.78524e-07	1.27804e-07	8.7934e-08	5.71306e-08	2.43671e-08	1.20634e-08
5.20312e-06	2.75699e-06	2.18528e-06	1.70329e-06	1.43257e-06	1.19054e-06	8.99545e-07	6.17413e-07	4.54654e-07	3.45056e-07	2.52833e-07	1.80008e-07	1.28579e-07	8.93778e-08	6.13682e-08	3.83662e-08	3.23976e-08
5.25549e-06	2.78501e-06	2.207e-06	1.71856e-06	1.44708e-06	1.20642e-06	9.10409e-07	6.23973e-07	4.57639e-07	3.49915e-07	2.56696e-07	1.83923e-07	1.3199e-07	8.79088e-08	5.31727e-08	2.90711e-08	1.37073e-08
5.21886e-06	2.76139e-06	2.19628e-06	1.71335e-06	1.44144e-06	1.19953e-06	9.05592e-07	6.19597e-07	4.52277e-07	3.41658e-07	2.4639e-07	1.73794e-07	1.20166e-07	7.75777e-08	4.27784e-08	1.83733e-08	5.87997e-09
5.18655e-06	2.76478e-06	2.21002e-06	1.72775e-06	1.45667e-06	1.21183e-06	9.16745e-07	6.25224e-07	4.58701e-07	3.44402e-07	2.51815e-07	1.76172e-07	1.22443e-07	7.69075e-08	4.26646e-08	1.89929e-08	1.04954e-09
5.20873e-06	2.77169e-06	2.2291e-06	1.74439e-06	1.4737e-06	1.22799e-06	9.29859e-07	6.38903e-07	4.6897e-07	3.5633e-07	2.61937e-07	1.88749e-07	1.35906e-07	9.14344e-08	5.6459e-08	3.25477e-08	1.51484e-08
5.22424e-06	2.77601e-06	2.22589e-06	1.74173e-06	1.47051e-06	1.22279e-06	9.29644e-07	6.40496e-07	4.6701e-07	3.56166e-07	2.60407e-07	1.86283e-07	1.32252e-07	8.88549e-08	5.34495e-08	2.97532e-08	1.41242e-08
5.22694e-06	2.77005e-06	2.21328e-06	1.72524e-06	1.45296e-06	1.20988e-06	9.1751e-07	6.26922e-07	4.57174e-07	3.49358e-07	2.52327e-07	1.77574e-07	1.22787e-07	8.31479e-08	4.6619e-08	2.30503e-08	1.07222e-08
5.29679e-06	2.82161e-06	2.24874e-06	1.75007e-06	1.47242e-06	1.22661e-06	9.27092e-07	6.37003e-07	4.68338e-07	3.57231e-07	2.59995e-07	1.85798e-07	1.30605e-07	8.80434e-08	5.39413e-08	3.02835e-08	1.78413e-08
5.43989e-06	2.9133e-06	2.32229e-06	1.80948e-06	1.52137e-06	1.26639e-06	9.56518e-07	6.56581e-07	4.79277e-07	3.6552e-07	2.63738e-07	1.87609e-07	1.32267e-07	8.8216e-08	5.73018e-08	3.43912e-08	2.18485e-08
5.58194e-06	2.99124e-06	2.39919e-06	1.87936e-06	1.58256e-06	1.31891e-06	9.99406e-07	6.82294e-07	4.96864e-07	3.74412e-07	2.70204e-07	1.92421e-07	1.34021e-07	9.12608e-08	5.30142e-08	2.68295e-08	1.344e-08
5.72858e-06	3.08935e-06	2.49412e-06	1.96656e-06	1.66556e-06	1.39444e-06	1.05686e-06	7.22153e-07	5.25173e-07	3.89815e-07	2.8016e-07	1.94743e-07	1.35231e-07	8.70483e-08	4.92073e-08	2.66898e-08	1.0064e-08
5.91769e-06	3.16723e-06	2.56239e-06	2.02287e-06	1.71712e-06	1.44622e-06	1.09294e-06	7.43824e-07	5.44125e-07	3.97894e-07	2.80325e-07	1.97385e-07	1.38974e-07	8.9577e-08	5.07118e-08	2.27072e-08	4.19754e-09
6.0736e-06	3.24586e-06	2.63445e-06	2.08525e-06	1.77852e-06	1.49157e-06	1.12456e-06	7.63358e-07	5.46046e-07	4.03077e-07	2.83397e-07	1.93137e-07	1.30908e-07	8.22945e-08	4.72855e-08	2.46036e-08	1.62844e-08
6.23278e-06	3.32162e-06	2.70499e-06	2.14523e-06	1.82511e-06	1.52851e-06	1.14322e-06	7.70304e-07	5.45173e-07	3.9825e-07	2.76512e-07	1.85357e-07	1.21953e-07	7.6148e-08	4.1772e-08	2.31112e-08	1.65369e-08
6.38643e-06	3.37921e-06	2.75556e-06	2.18434e-06	1.85606e-06	1.55324e-06	1.16139e-06	7.80209e-07	5.52315e-07	4.02425e-07	2.76429e-07	1.81421e-07	1.16754e-07	6.96857e-08	3.5298e-08	1.55756e-08	9.94968e-09
6.57703e-06	3.46785e-06	2.8329e-06	2.24671e-06	1.90949e-06	1.59754e-06	1.20255e-06	8.11828e-07	5.75173e-07	4.21894e-07	2.91638e-07	1.93052e-07	1.27525e-07	7.98503e-08	4.61579e-08	2.54242e-08	1.12898e-08
6.75271e-06	3.53018e-06	2.88308e-06	2.28383e-06	1.93653e-06	1.61797e-06	1.21215e-06	8.05532e-07	5.64957e-07	4.10946e-07	2.82864e-07	1.8582e-07	1.20572e-07	7.32003e-08	3.69415e-08	1.54618e-08	2.78136e-09
6.82236e-06	3.56934e-06	2.91315e-06	2.30712e-06	1.95137e-06	1.6292e-06	1.21674e-06	8.0445e-07	5.62503e-07	4.06827e-07	2.77509e-07	1.82453e-07	1.19178e-07	7.35904e-08	3.89254e-08	1.90139e-08	7.43363e-09
6.76725e-06	3.57232e-06	2.91411e-06	2.30804e-06	1.95162e-06	1.62438e-06	1.20784e-06	7.92801e-07	5.49015e-07	3.91261e-07	2.61397e-07	1.67286e-07	1.0492e-07	5.98372e-08	2.6385e-08	4.77888e-09	-6.4477e-09
6.67957e-06	3.58546e-06	2.93335e-06	2.32894e-06	1.96818e-06	1.63843e-06	1.21565e-06	7.96625e-07	5.5086e-07	3.93679e-07	2.66839e-07	1.74437e-07	1.10936e-07	6.84956e-08	3.3464e-08	1.03413e-08	-5.42351e-09
6.57982e-06	3.59508e-06	2.9356e-06	2.33097e-06	1.96353e-06	1.63048e-06	1.201e-06	7.74008e-07	5.30822e-07	3.75967e-07	2.52453e-07	1.60607e-07	9.41846e-08	6.11504e-08	3.01391e-08	1.13527e-08	1.59292e-09
6.49384e-06	3.60372e-06	2.94526e-06	2.3423e-06	1.97377e-06	1.63662e-06	1.20506e-06	7.7292e-07	5.27155e-07	3.73325e-07	2.53059e-07	1.64968e-07	1.06296e-07	7.01896e-08	3.59671e-08	1.24526e-08	2.11125e-09
6.35224e-06	3.53947e-06	2.89077e-06	2.29343e-06	1.92626e-06	1.59225e-06	1.16252e-06	7.34735e-07	4.93578e-07	3.42684e-07	2.26594e-07	1.4322e-07	8.97322e-08	5.1225e-08	2.3122e-08	4.90506e-09	-7.69892e-09
6.1071e-06	3.39012e-06	2.75726e-06	2.17266e-06	1.81474e-06	1.48933e-06	1.07524e-06	6.64998e-07	4.37614e-07	2.9848e-07	1.85857e-07	1.14305e-07	6.45732e-08	2.55613e-08	2.49039e-09	-1.13016e-08	-7.37004e-09
5.81831e-06	3.19191e-06	2.57404e-06	2.00747e-06	1.66494e-06	1.35252e-06	9.68865e-07	6.00786e-07	3.96723e-07	2.7288e-07	1.72397e-07	1.06095e-07	6.55686e-08	3.48511e-08	1.34626e-08	3.13495e-09	1.01128e-10
5.53921e-06	2.99858e-06	2.39633e-06	1.85091e-06	1.52712e-06	1.24061e-06	8.88732e-07	5.51602e-07	3.68303e-07	2.57262e-07	1.71681e-07	1.16515e-07	8.11443e-08	5.43701e-08	3.20583e-08	2.03272e-08	9.31661e-09
5.23638e-06	2.77928e-06	2.19244e-06	1.66962e-06	1.36611e-06	1.10101e-06	7.82379e-07	4.85539e-07	3.23132e-07	2.2561e-07	1.48995e-07	9.86727e-08	6.28618e-08	3.47744e-08	1.30957e-08	2.59133e-09	-6.37088e-09
4.92469e-06	2.57225e-06	1.9978e-06	1.50714e-06	1.22518e-06	9.82897e-07	6.95399e-07	4.29718e-07	2.86791e-07	2.0091e-07	1.33194e-07	8.73847e-08	5.55935e-08	2.85299e-08	1.1958e-08	3.95652e-09	-3.16016e-10
4.65548e-06	2.3852e-06	1.82974e-06	1.3657e-06	1.10722e-06	8.86136e-07	6.25329e-07	3.86958e-07	2.61566e-07	1.85092e-07	1.23395e-07	8.42097e-08	5.60345e-08	3.62524e-08	2.04647e-08	1.02513e-08	7.59682e-09
4.37168e-06	2.18615e-06	1.66429e-06	1.23575e-06	1.00211e-06	8.01264e-07	5.68272e-07	3.54291e-07	2.42574e-07	1.72911e-07	1.15902e-07	7.93831e-08	5.68828e-08	3.79598e-08	2.20579e-08	8.4945e-09	-7.45797e-10
4.14559e-06	2.00683e-06	1.52011e-06	1.12248e-06	9.10684e-07	7.24151e-07	5.14814e-07	3.24009e-07	2.24365e-07	1.59799e-07	1.14483e-07	8.12266e-08	5.64769e-08	3.94378e-08	2.30686e-08	1.46122e-08	5.44797e-09
3.97298e-06	1.86177e-06	1.39691e-06	1.0206e-06	8.26238e-07	6.5489e-07	4.6414e-07	2.91061e-07	2.00483e-07	1.43287e-07	1.01196e-07	6.96211e-08	4.5643e-08	2.92742e-08	8.55727e-09	5.48575e-09	-2.95776e-09
3.83907e-06	1.74359e-06	1.28861e-06	9.27448e-07	7.46853e-07	5.89122e-07	4.17109e-07	2.5924e-07	1.7736e-07	1.23869e-07	8.98048e-08	6.28697e-08	4.22291e-08	2.71247e-08	1.72279e-08	1.04656e-08	7.31837e-09
3.67863e-06	1.60386e-06	1.17372e-06	8.35701e-07	6.73273e-07	5.34215e-07	3.82088e-07	2.31654e-07	1.57853e-07	1.12869e-07	8.57706e-08	5.35782e-08	3.34564e-08	1.87821e-08	1.22854e-08	5.28325e-09	4.73976e-09
3.51555e-06	1.4667e-06	1.06461e-06	7.49785e-07	6.0249e-07	4.73016e-07	3.38701e-07	2.14143e-07	1.49381e-07	1.06648e-07	7.3635e-08	4.7093e-08	2.73888e-08	1.5091e-08	2.78059e-10	-5.71284e-09	-4.19616e-09
3.4294e-06	1.37589e-06	9.94287e-07	6.95799e-07	5.67364e-07	4.48105e-07	3.25889e-07	2.15869e-07	1.53169e-07	1.15189e-07	8.21137e-08	5.82265e-08	3.91547e-08	2.64275e-08	1.29926e-08	6.68588e-09	4.05703e-09
3.31648e-06	1.28105e-06	9.31854e-07	6.59547e-07	5.4814e-07	4.34217e-07	3.22519e-07	2.14271e-07	1.54264e-07	1.16488e-07	8.33502e-08	6.01587e-08	4.12517e-08	2.6212e-08	1.26258e-08	-5.68728e-10	-1.16905e-08
3.15741e-06	1.2066e-06	8.9471e-07	6.39262e-07	5.33466e-07	4.27026e-07	3.14595e-07	2.05968e-07	1.44672e-07	1.05139e-07	7.15965e-08	5.51539e-08	3.05723e-08	1.44836e-08	-3.79152e-10	-1.32703e-08	-2.80572e-08
3.04852e-06	1.16237e-06	8.73768e-07	6.3312e-07	5.29195e-07	4.26912e-07	3.13318e-07	1.98941e-07	1.39262e-07	1.04507e-07	6.97513e-08	4.61175e-08	3.11031e-08	1.24488e-08	5.45978e-09	-2.38866e-09	-9.21339e-09
3.00365e-06	1.1961e-06	9.09764e-07	6.63739e-07	5.52612e-07	4.49321e-07	3.28602e-07	2.18259e-07	1.57116e-07	1.15133e-07	8.57493e-08	6.00182e-08	4.37783e-08	2.8878e-08	1.9905e-08	1.45717e-08	1.03759e-08
3.01189e-06	1.265e-06	9.54416e-07	6.90868e-07	5.69849e-07	4.64324e-07	3.34863e-07	2.27669e-07	1.58642e-07	1.1173e-07	7.76463e-08	5.45824e-08	3.47285e-08	3.15691e-08	1.76676e-08	3.93034e-09	-1.27641e-09
3.14708e-06	1.35321e-06	1.00747e-06	7.27656e-07	5.963e-07	4.79527e-07	3.50306e-07	2.35467e-07	1.69712e-07	1.28046e-07	9.03346e-08	6.9356e-08	4.74168e-08	3.24032e-08	1.79203e-08	4.67597e-09	-7.25407e-09
3.32483e-06	1.43542e-06	1.0401e-06	7.43233e-07	6.04095e-07	4.80791e-07	3.49855e-07	2.29331e-07	1.64552e-07	1.23935e-07	8.72488e-08	6.37558e-08	4.29799e-08	2.79919e-08	1.32693e-08	4.70112e-09	-8.58082e-09
3.50255e-06	1.47857e-06	1.05308e-06	7.46386e-07	6.06e-07	4.79768e-07	3.49302e-07	2.2901e-07	1.64712e-07	1.22618e-07	8.9079e-08	6.59531e-08	4.62897e-08	3.15296e-08	1.45832e-08	1.28899e-09	-9.03554e-09
3.75938e-06	1.50444e-06	1.05056e-06	7.31898e-07	5.95446e-07	4.69166e-07	3.41029e-07	2.22104e-07	1.61309e-07	1.21743e-07	8.87356e-08	6.50795e-08	4.68446e-08	3.21985e-08	2.56148e-08	1.25483e-08	7.6579e-09
4.05831e-06	1.59149e-06	1.07906e-06	7.34381e-07	5.8918e-07	4.58222e-07	3.26492e-07	2.06263e-07	1.47867e-07	1.09197e-07	7.74781e-08	5.41879e-08	3.66982e-08	2.19507e-08	1.07036e-08	1.45327e-09	-6.53339e-09
4.18192e-06	1.76218e-06	1.18561e-06	7.96732e-07	6.16919e-07	4.69418e-07	3.22992e-07	1.9398e-07	1.29543e-07	8.98499e-08	6.07466e-08	3.73427e-08	2.17864e-08	1.02108e-08	1.13734e-09	-7.03887e-09	-1.05141e-08
4.19719e-06	1.89122e-06	1.27636e-06	8.58376e-07	6.56245e-07	4.98193e-07	3.33215e-07	1.94624e-07	1.29214e-07	8.87378e-08	6.03296e-08	3.91624e-08	2.51479e-08	1.43305e-08	5.04221e-09	-1.68074e-09	-4.47354e-09
3.98945e-06	1.81106e-06	1.23995e-06	8.44058e-07	6.532e-07	4.97296e-07	3.4306e-07	2.10774e-07	1.42471e-07	1.06013e-07	7.50644e-08	5.48577e-08	3.68372e-08	2.61462e-08	1.52656e-08	3.15928e-09	-2.66643e-09
3.59042e-06	1.57491e-06	1.09311e-06	7.50101e-07	5.84896e-07	4.47935e-07	3.0784e-07	1.87775e-07	1.2761e-07	8.98751e-08	6.08477e-08	4.14624e-08	2.32017e-08	1.29151e-08	5.32022e-09	-2.02194e-09	-2.29995e-09
3.3353e-06	1.38809e-06	9.61773e-07	6.59569e-07	5.22987e-07	4.04931e-07	2.84689e-07	1.74291e-07	1.22668e-07	8.47066e-08	6.03928e-08	4.05272e-08	2.32902e-08	8.55533e-09	-1.61755e-09	-9.04817e-09	-1.4103e-08
3.20691e-06	1.24649e-06	8.53536e-07	5.85692e-07	4.77076e-07	3.78204e-07	2.80051e-07	1.87105e-07	1.40183e-07	1.09779e-07	8.62988e-08	6.5258e-08	4.79199e-08	3.0228e-08	1.74392e-08	6.41965e-09	7.96138e-09
2.88652e-06	1.01213e-06	6.84745e-07	4.64327e-07	3.83176e-07	3.03402e-07	2.27646e-07	1.56604e-07	1.14941e-07	8.76971e-08	6.51031e-08	4.69066e-08	3.11363e-08	2.04585e-08	1.04756e-08	3.14648e-09	1.17519e-09
2.3774e-06	7.30413e-07	5.26966e-07	3.6431e-07	3.1854e-07	2.5877e-07	2.00705e-07	1.43411e-07	1.07751e-07	8.21624e-08	6.27906e-08	4.38865e-08	2.92408e-08	2.29731e-08	1.38369e-08	6.65942e-09	1.28892e-09
1.76003e-06	4.74929e-07	3.83896e-07	2.81477e-07	2.67413e-07	2.26749e-07	1.79855e-07	1.35236e-07	1.00814e-07	8.29332e-08	6.3056e-08	4.81071e-08	3.38531e-08	2.5829e-08	1.89421e-08	1.19794e-08	1.03114e-08
1.49905e-06	3.48543e-07	3.26215e-07	2.48781e-07	2.38887e-07	2.04352e-07	1.71283e-07	1.3268e-07	1.05891e-07	8.81119e-08	6.96126e-08	5.59655e-08	4.13455e-08	3.41934e-08	2.83934e-08	2.07486e-08	1.33059e-08
1.4236e-06	3.1515e-07	3.00455e-07	2.3135e-07	2.24248e-07	1.92456e-07	1.5858e-07	1.26194e-07	1.01984e-07	8.7162e-08	6.56937e-08	5.09982e-08	3.64417e-08	2.66363e-08	1.66414e-08	3.74021e-09	-9.54006e-09
1.27345e-06	2.78703e-07	2.72587e-07	2.07776e-07	2.00574e-07	1.70765e-07	1.44949e-07	1.10111e-07	8.74927e-08	6.9423e-08	5.24527e-08	3.93869e-08	2.59799e-08	1.92196e-08	8.15032e-09	-7.12679e-09	-1.61616e-08
1.10614e-06	2.37302e-07	2.42116e-07	1.85169e-07	1.78876e-07	1.50991e-07	1.26264e-07	9.52441e-08	7.19069e-08	5.55064e-08	3.86132e-08	2.6913e-08	1.38987e-08	4.15698e-09	-7.39159e-09	-1.40756e-08	-2.02795e-08
1.31817e-06	3.20682e-07	2.54694e-07	1.75262e-07	1.62767e-07	1.32533e-07	1.10335e-07	8.78838e-08	7.12192e-08	5.69046e-08	4.50158e-08	3.40493e-08	2.19962e-08	1.63108e-08	6.4561e-09	-3.79027e-10	-5.58433e-09
1.35779e-06	3.39145e-07	2.69671e-07	1.85832e-07	1.6889e-07	1.37002e-07	1.10016e-07	7.68774e-08	6.64039e-08	5.18243e-08	3.89756e-08	2.67207e-08	1.71316e-08	1.02966e-08	8.97008e-10	-1.50344e-09	3.01951e-09
1.4257e-06	3.70543e-07	2.98734e-07	2.10425e-07	1.8915e-07	1.51995e-07	1.24049e-07	8.97491e-08	7.49804e-08	5.96685e-08	4.58852e-08	3.61826e-08	2.82993e-08	2.20204e-08	1.34042e-08	6.84741e-09	3.67638e-09
1.51236e-06	3.98843e-07	3.18101e-07	2.29376e-07	2.03401e-07	1.67332e-07	1.38578e-07	1.06388e-07	8.6856e-08	7.69513e-08	6.3686e-08	5.00796e-08	4.35101e-08	3.74207e-08	2.90446e-08	2.32206e-08	1.27852e-08
1.56136e-06	4.1043e-07	3.31649e-07	2.3556e-07	2.09485e-07	1.72899e-07	1.37905e-07	1.02797e-07	8.52115e-08	7.67851e-08	6.30653e-08	5.39694e-08	4.40017e-08	4.06792e-08	3.68892e-08	3.45015e-08	2.76669e-08
1.5742e-06	4.2164e-07	3.28133e-07	2.34929e-07	2.03802e-07	1.68456e-07	1.35371e-07	9.23699e-08	7.23977e-08	6.34032e-08	5.02274e-08	4.2433e-08	3.16574e-08	2.72865e-08	2.12986e-08	1.88605e-08	1.81278e-08
1.60465e-06	4.47875e-07	3.5334e-07	2.4904e-07	2.23344e-07	1.82905e-07	1.48896e-07	1.09733e-07	9.02269e-08	7.59008e-08	6.08166e-08	4.87139e-08	3.52216e-08	3.00419e-08	2.31568e-08	1.4503e-08	8.6159e-09
1.60762e-06	4.43365e-07	3.4403e-07	2.44467e-07	2.20223e-07	1.80858e-07	1.46849e-07	1.05639e-07	8.77508e-08	7.38668e-08	5.74941e-08	4.47092e-08	3.09642e-08	2.22472e-08	1.28859e-08	3.97948e-09	2.14766e-10
1.64999e-06	4.25857e-07	3.35355e-07	2.34885e-07	2.11678e-07	1.72958e-07	1.38141e-07	9.66043e-08	7.84381e-08	6.746e-08	5.273e-08	3.6724e-08	2.65671e-08	1.75977e-08	7.8198e-09	-5.81116e-10	-6.44281e-10
1.67677e-06	4.42711e-07	3.3354e-07	2.33325e-07	2.11559e-07	1.72069e-07	1.40323e-07	1.0067e-07	7.61496e-08	6.48181e-08	5.03411e-08	3.76832e-08	2.60864e-08	2.04775e-08	1.24179e-08	4.2951e-09	-1.25063e-09
1.58755e-06	4.38203e-07	3.22882e-07	2.26712e-07	1.99742e-07	1.62767e-07	1.30997e-07	9.56393e-08	7.49476e-08	6.05341e-08	4.54258e-08	3.49031e-08	2.28645e-08	1.51967e-08	8.91842e-09	1.59167e-09	-1.02322e-09
1.43818e-06	4.29577e-07	3.2036e-07	2.2773e-07	2.00419e-07	1.63029e-07	1.30716e-07	9.51443e-08	7.51352e-08	5.95725e-08	3.83508e-08	2.61356e-08	1.33394e-08	3.17063e-09	-3.63802e-09	-8.95609e-09	-1.47794e-08
1.29862e-06	3.97913e-07	3.01763e-07	2.13571e-07	1.9067e-07	1.56263e-07	1.24495e-07	8.9809e-08	6.50642e-08	4.66603e-08	3.14774e-08	2.04249e-08	7.74303e-09	-3.33468e-09	-1.34777e-08	-2.17259e-08	-2.24838e-08
1.23474e-06	3.98797e-07	3.18146e-07	2.34489e-07	2.11399e-07	1.71483e-07	1.38175e-07	1.04007e-07	7.92871e-08	6.45589e-08	4.76329e-08	3.63025e-08	2.38859e-08	1.60924e-08	6.39147e-09	-5.17886e-10	-7.37672e-09
1.13477e-06	3.8717e-07	3.21667e-07	2.44784e-07	2.17665e-07	1.80569e-07	1.45468e-07	1.08788e-07	8.55606e-08	6.64376e-08	5.21144e-08	3.92437e-08	2.83434e-08	1.9805e-08	9.76355e-09	1.59147e-09	-4.95125e-09
1.01271e-06	3.68786e-07	3.15954e-07	2.43723e-07	2.16518e-07	1.77819e-07	1.42909e-07	1.05929e-07	8.32702e-08	6.57775e-08	4.79817e-08	3.53895e-08	2.66747e-08	1.78084e-08	8.66424e-09	1.60402e-09	-7.37597e-09
9.44451e-07	3.76651e-07	3.20307e-07	2.46558e-07	2.02655e-07	1.80286e-07	1.41347e-07	1.00311e-07	7.59593e-08	5.91608e-08	5.04459e-08	3.37106e-08	2.14338e-08	1.7771e-08	7.22459e-09	-4.42064e-10	-1.02054e-08
9.69952e-07	3.99045e-07	3.39316e-07	2.58608e-07	2.22674e-07	1.91464e-07	1.51931e-07	1.10592e-07	8.58994e-08	6.68654e-08	4.9587e-08	3.68555e-08	2.47556e-08	1.26304e-08	4.55958e-09	-6.59307e-09	-1.34893e-08
9.67479e-07	4.07502e-07	3.29995e-07	2.50543e-07	2.18969e-07	1.88356e-07	1.40995e-07	1.02854e-07	8.06264e-08	6.55342e-08	4.54029e-08	3.95176e-08	2.83405e-08	1.79591e-08	1.23137e-08	6.28947e-09	-4.43294e-09
9.80184e-07	4.30121e-07	3.49381e-07	2.75865e-07	2.38343e-07	2.01187e-07	1.59017e-07	1.18199e-07	9.13488e-08	7.43496e-08	5.85249e-08	4.84971e-08	3.44531e-08	3.06896e-08	2.24931e-08	1.74792e-08	4.98863e-09
9.56706e-07	4.34314e-07	3.50366e-07	2.7411e-07	2.36348e-07	1.96413e-07	1.54079e-07	1.10432e-07	8.09548e-08	6.31978e-08	4.66658e-08	3.54004e-08	2.36044e-08	1.59889e-08	7.45138e-09	3.92776e-09	-4.64764e-09
9.94936e-07	4.72405e-07	3.77472e-07	2.94549e-07	2.54086e-07	2.1366e-07	1.68245e-07	1.22098e-07	9.61835e-08	7.76692e-08	6.30825e-08	5.18173e-08	4.06405e-08	2.08128e-08	1.33995e-08	1.49655e-08	4.12973e-09
1.07735e-06	5.02299e-07	4.00167e-07	3.09616e-07	2.66399e-07	2.22008e-07	1.77111e-07	1.26961e-07	1.00679e-07	8.16852e-08	6.40044e-08	5.14132e-08	4.02617e-08	2.9489e-08	1.92594e-08	1.02422e-08	-2.85418e-09
1.18094e-06	5.49773e-07	4.20384e-07	3.15559e-07	2.66204e-07	2.19904e-07	1.70232e-07	1.19285e-07	9.00227e-08	7.1369e-08	5.41172e-08	3.92776e-08	2.7949e-08	1.75676e-08	5.05178e-09	-3.92776e-09	-1.52437e-08
1.26292e-06	5.81784e-07	4.37664e-07	3.31014e-07	2.77139e-07	2.29074e-07	1.78092e-07	1.28839e-07	9.65978e-08	7.86775e-08	6.06057e-08	4.27612e-08	3.46787e-08	2.03576e-08	1.88801e-08	1.38917e-08	2.67731e-09
1.2894e-06	5.53344e-07	4.11144e-07	3.07297e-07	2.55582e-07	2.11545e-07	1.62369e-07	1.14202e-07	8.4171e-08	6.33588e-08	4.90503e-08	3.12816e-08	1.71373e-08	9.45898e-09	2.72782e-09	-2.95514e-09	-4.35694e-09
1.30917e-06	5.17074e-07	3.94198e-07	2.98032e-07	2.57912e-07	2.12651e-07	1.70699e-07	1.20059e-07	9.9361e-08	8.31839e-08	6.63501e-08	5.26103e-08	4.00702e-08	3.57765e-08	3.07504e-08	2.61031e-08	1.8526e-08
1.31733e-06	4.67823e-07	3.7249e-07	2.85101e-07	2.53037e-07	2.1298e-07	1.74248e-07	1.31993e-07	1.08138e-07	8.93087e-08	7.45965e-08	6.1766e-08	5.21809e-08	4.20276e-08	3.75571e-08	3.022e-08	1.9751e-08
1.2539e-06	3.78908e-07	3.11348e-07	2.33091e-07	2.09969e-07	1.74686e-07	1.44151e-07	1.05887e-07	8.04415e-08	6.19033e-08	5.05632e-08	3.88443e-08	3.26186e-08	2.25792e-08	1.92327e-08	2.05713e-08	2.09123e-08
1.17403e-06	3.18457e-07	2.77492e-07	2.13265e-07	1.94701e-07	1.62992e-07	1.36498e-07	1.02856e-07	8.11487e-08	6.3002e-08	5.28363e-08	4.15214e-08	3.12295e-08	2.27055e-08	1.36005e-08	9.92575e-09	4.64717e-09
1.05571e-06	2.52538e-07	2.42411e-07	1.89034e-07	1.79147e-07	1.5201e-07	1.26515e-07	9.84822e-08	7.58662e-08	5.89959e-08	4.40701e-08	3.50667e-08	1.95853e-08	1.14532e-08	4.23023e-09	-2.67704e-09	-7.96798e-09
9.73596e-07	2.25446e-07	2.23666e-07	1.7399e-07	1.67753e-07	1.40554e-07	1.1862e-07	9.14084e-08	7.15585e-08	5.73402e-08	4.27305e-08	3.23762e-08	1.89029e-08	1.17181e-08	3.78817e-09	-3.38409e-09	-8.54863e-09
9.41045e-07	3.21696e-07	2.52715e-07	1.93634e-07	1.77509e-07	1.51498e-07	1.26067e-07	9.55099e-08	7.88929e-08	6.82863e-08	5.49775e-08	4.63028e-08	3.46987e-08	2.72362e-08	1.99e-08	1.31951e-08	3.05571e-09
9.99394e-07	3.73737e-07	2.82045e-07	2.16338e-07	1.88801e-07	1.57437e-07	1.325e-07	9.87753e-08	8.38384e-08	7.17424e-08	5.75e-08	4.875e-08	3.70707e-08	2.86616e-08	2.01768e-08	1.6351e-08	2.66414e-09
1.05129e-06	4.04846e-07	2.91434e-07	2.18023e-07	1.86785e-07	1.53691e-07	1.27832e-07	9.15175e-08	7.56332e-08	6.06581e-08	4.97361e-08	4.00641e-08	3.59353e-08	3.01144e-08	2.35991e-08	1.34726e-08	3.53544e-10
1.0747e-06	4.20101e-07	3.00884e-07	2.24457e-07	1.925e-07	1.58674e-07	1.30404e-07	9.7803e-08	7.88005e-08	6.56439e-08	5.43308e-08	4.7197e-08	3.72096e-08	3.08838e-08	2.62247e-08	2.23864e-08	1.89899e-08
1.01657e-06	4.02654e-07	2.86281e-07	2.09389e-07	1.80273e-07	1.55084e-07	1.29441e-07	9.70683e-08	8.08818e-08	7.10083e-08	6.16777e-08	4.34206e-08	4.08323e-08	3.64637e-08	3.04664e-08	2.79033e-08	2.03656e-08
9.20686e-07	3.70095e-07	2.69166e-07	2.05558e-07	1.78438e-07	1.49336e-07	1.23062e-07	9.36948e-08	7.46679e-08	6.22317e-08	5.91006e-08	4.37983e-08	3.64881e-08	3.04025e-08	3.04656e-08	2.60719e-08	1.97591e-08
8.34103e-07	3.29116e-07	2.35134e-07	1.75315e-07	1.50077e-07	1.21973e-07	9.79598e-08	7.03356e-08	5.94147e-08	4.8418e-08	3.7838e-08	3.31667e-08	2.4632e-08	1.7183e-08	1.59205e-08	1.43928e-08	1.13502e-08
7.68079e-07	2.93506e-07	2.17364e-07	1.5174e-07	1.26767e-07	1.00129e-07	7.73533e-08	5.18382e-08	3.74331e-08	2.8886e-08	1.97834e-08	1.56676e-08	5.56762e-09	8.76174e-09	-1.2625e-10	2.05787e-09	-4.31775e-09
6.62004e-07	2.86335e-07	2.14423e-07	1.65211e-07	1.43142e-07	1.21314e-07	1.00356e-07	7.54722e-08	6.12817e-08	4.63968e-08	4.13721e-08	3.51732e-08	2.37476e-08	2.23462e-08	2.03262e-08	1.53141e-08	8.38299e-09
5.63944e-07	2.44515e-07	1.79232e-07	1.39806e-07	1.22283e-07	1.01187e-07	8.31966e-08	6.44363e-08	5.30489e-08	4.35551e-08	3.87956e-08	3.26853e-08	2.61204e-08	2.22068e-08	1.63742e-08	1.31297e-08	7.18344e-09
7.5279e-07	3.28864e-07	2.24789e-07	1.63056e-07	1.35914e-07	1.11044e-07	8.83452e-08	6.25915e-08	5.25425e-08	4.23294e-08	3.22173e-08	2.45039e-08	1.35207e-08	7.44837e-09	9.34202e-10	-4.83513e-09	-7.99121e-09
8.91539e-07	3.67703e-07	2.54999e-07	1.90928e-07	1.63771e-07	1.34734e-07	1.0937e-07	8.44738e-08	7.15206e-08	6.24432e-08	5.08661e-08	4.48566e-08	3.26861e-08	2.67523e-08	2.13489e-08	1.45187e-08	1.98212e-09
1.05125e-06	4.00437e-07	2.82668e-07	2.12459e-07	1.83446e-07	1.511e-07	1.23804e-07	9.5965e-08	8.07893e-08	6.92246e-08	5.98566e-08	5.18521e-08	4.07545e-08	3.703e-08	3.06037e-08	2.2271e-08	7.75194e-09
1.22629e-06	4.17365e-07	3.0174e-07	2.20115e-07	1.90748e-07	1.56154e-07	1.27153e-07	9.70532e-08	8.17762e-08	7.05394e-08	6.02495e-08	5.30655e-08	4.15257e-08	3.76244e-08	3.13115e-08	2.02768e-08	9.98687e-09
1.34583e-06	4.33283e-07	3.09773e-07	2.24634e-07	1.94533e-07	1.57273e-07	1.27159e-07	9.55177e-08	8.03157e-08	6.86364e-08	5.93308e-08	5.27146e-08	3.94066e-08	3.57702e-08	3.0101e-08	1.91919e-08	1.08712e-08
1.38491e-06	4.26555e-07	3.04626e-07	2.21598e-07	1.95298e-07	1.55451e-07	1.24429e-07	9.13487e-08	7.28769e-08	6.17787e-08	5.37613e-08	4.58574e-08	3.37365e-08	2.81937e-08	2.16282e-08	9.14118e-09	-2.14641e-10
1.29097e-06	4.09467e-07	2.93934e-07	2.11824e-07	1.83098e-07	1.47453e-07	1.19548e-07	9.39796e-08	7.79944e-08	6.08601e-08	5.95091e-08	5.0822e-08	3.74883e-08	3.28796e-08	2.40284e-08	1.49878e-08	4.81073e-09
1.16036e-06	3.88934e-07	2.82514e-07	2.0626e-07	1.79782e-07	1.48316e-07	1.15524e-07	8.94995e-08	7.21754e-08	6.28441e-08	5.73261e-08	4.62902e-08	4.06334e-08	3.68327e-08	2.79686e-08	2.13142e-08	1.38643e-08
1.03841e-06	3.69081e-07	2.70488e-07	2.01581e-07	1.76933e-07	1.47637e-07	1.16966e-07	9.06634e-08	7.44501e-08	6.46135e-08	5.82746e-08	4.72384e-08	3.81342e-08	3.36642e-08	2.73127e-08	2.06202e-08	1.14276e-08
9.49439e-07	3.45123e-07	2.53738e-07	1.9031e-07	1.64448e-07	1.3365e-07	1.0395e-07	7.80256e-08	6.33397e-08	5.66219e-08	4.76311e-08	3.95368e-08	3.20487e-08	2.99651e-08	2.47752e-08	1.87519e-08	1.35999e-08
9.61118e-07	3.51278e-07	2.45479e-07	1.87528e-07	1.69521e-07	1.31964e-07	1.03021e-07	7.33571e-08	6.04006e-08	5.38339e-08	4.45901e-08	3.81118e-08	2.88428e-08	2.65571e-08	1.95989e-08	1.62525e-08	1.71869e-08
1.00378e-06	3.78542e-07	2.70735e-07	2.09956e-07	1.92655e-07	1.49985e-07	1.15321e-07	8.55811e-08	6.78386e-08	6.07415e-08	4.92246e-08	4.19129e-08	3.13431e-08	2.73905e-08	2.20362e-08	1.02415e-08	-1.61641e-09
1.03311e-06	4.00349e-07	2.99586e-07	2.27275e-07	1.9775e-07	1.61834e-07	1.28937e-07	9.56608e-08	7.90796e-08	6.75751e-08	5.83563e-08	5.02109e-08	4.0689e-08	3.54734e-08	2.6785e-08	1.23254e-08	-6.62996e-09
1.03295e-06	3.79003e-07	2.78693e-07	2.03589e-07	1.73507e-07	1.38513e-07	1.06183e-07	7.44721e-08	5.78021e-08	4.71812e-08	3.78486e-08	3.44767e-08	2.54092e-08	2.22772e-08	1.91579e-08	1.15806e-08	-4.72318e-09
1.02896e-06	3.75117e-07	2.79772e-07	2.04051e-07	1.7171e-07	1.40795e-07	1.10348e-07	7.95595e-08	6.45316e-08	5.48456e-08	4.74326e-08	4.03102e-08	3.27836e-08	2.99674e-08	2.48908e-08	1.79451e-08	4.02849e-09
1.02046e-06	3.52896e-07	2.53113e-07	1.82718e-07	1.54303e-07	1.21328e-07	9.29125e-08	6.29562e-08	4.81928e-08	3.84431e-08	3.18507e-08	2.6458e-08	1.63042e-08	1.48392e-08	1.03433e-08	7.64063e-09	1.57864e-09
1.02314e-06	3.35855e-07	2.46287e-07	1.78656e-07	1.50808e-07	1.17934e-07	9.16646e-08	6.36145e-08	4.96211e-08	4.62112e-08	3.22177e-08	3.10432e-08	2.10533e-08	1.68856e-08	1.15054e-08	1.02299e-08	2.6143e-09
1.00404e-06	3.11801e-07	2.29825e-07	1.67387e-07	1.44629e-07	1.13687e-07	8.96163e-08	6.37392e-08	5.11606e-08	4.60837e-08	3.96807e-08	3.3745e-08	2.83524e-08	2.75063e-08	2.48036e-08	1.74535e-08	1.20608e-08
9.39947e-07	3.14221e-07	2.34062e-07	1.77343e-07	1.56605e-07	1.27835e-07	1.0711e-07	7.95529e-08	6.67593e-08	6.06971e-08	5.62516e-08	5.43824e-08	4.65269e-08	4.5605e-08	3.92902e-08	3.11569e-08	1.96135e-08
8.06466e-07	2.81372e-07	2.03448e-07	1.52778e-07	1.30424e-07	1.05772e-07	8.57035e-08	6.44481e-08	5.38646e-08	4.89139e-08	4.366e-08	3.93407e-08	3.11947e-08	2.93256e-08	2.26572e-08	1.5711e-08	2.89214e-09
7.03852e-07	2.60558e-07	1.77204e-07	1.32963e-07	1.1191e-07	9.13362e-08	7.14953e-08	5.1907e-08	4.43673e-08	4.04774e-08	3.463e-08	2.85678e-08	1.7997e-08	1.55469e-08	8.94165e-09	2.52589e-10	-8.51225e-09
6.54075e-07	2.52898e-07	1.67639e-07	1.27175e-07	1.10593e-07	9.03993e-08	7.49413e-08	5.77657e-08	5.36359e-08	5.41664e-08	4.72203e-08	4.18024e-08	3.40608e-08	2.41469e-08	1.31596e-08	6.4156e-09	-2.53846e-09
5.72942e-07	1.99189e-07	1.22938e-07	8.84247e-08	7.30558e-08	5.54265e-08	4.34168e-08	3.26952e-08	3.00937e-08	2.89571e-08	2.35269e-08	1.93721e-08	1.14414e-08	8.85257e-09	5.63231e-09	3.78855e-09	6.31425e-10
9.77826e-07	3.62895e-07	2.78432e-07	2.05575e-07	1.76094e-07	1.42743e-07	1.12705e-07	8.13527e-08	6.42351e-08	4.8445e-08	3.50695e-08	2.51833e-08	1.69659e-08	1.10619e-08	2.02276e-09	-2.31353e-09	-1.06574e-08
1.14888e-06	4.21602e-07	3.21799e-07	2.3498e-07	1.99896e-07	1.59174e-07	1.22964e-07	8.7299e-08	6.89163e-08	5.20507e-08	3.90665e-08	2.95084e-08	2.08354e-08	1.57909e-08	5.85365e-09	5.68929e-09	-2.478e-09
1.32759e-06	4.89013e-07	3.77595e-07	2.79049e-07	2.4108e-07	1.94298e-07	1.52649e-07	1.11556e-07	8.95941e-08	7.24618e-08	5.73145e-08	4.60488e-08	3.4328e-08	2.71589e-08	1.86749e-08	9.33114e-09	-5.47478e-09
1.44836e-06	5.05235e-07	3.8754e-07	2.79809e-07	2.38652e-07	1.89149e-07	1.43072e-07	9.57312e-08	6.9102e-08	5.02997e-08	3.46205e-08	2.3721e-08	1.09501e-08	5.39919e-09	-1.49205e-09	-4.37498e-09	-1.32514e-08
1.59094e-06	5.64691e-07	4.37762e-07	3.20634e-07	2.79412e-07	2.24521e-07	1.73284e-07	1.20277e-07	9.18264e-08	7.3795e-08	5.70785e-08	4.50028e-08	3.16878e-08	2.44424e-08	1.58566e-08	8.81341e-09	-5.87982e-09
1.69415e-06	5.96274e-07	4.50984e-07	3.28671e-07	2.82437e-07	2.25239e-07	1.67345e-07	1.13638e-07	8.32617e-08	6.26486e-08	4.15044e-08	2.97309e-08	1.92473e-08	1.23552e-08	3.89499e-09	-2.80743e-09	-7.10709e-09
1.80731e-06	6.65861e-07	4.95902e-07	3.58686e-07	3.0648e-07	2.47799e-07	1.91446e-07	1.29869e-07	9.70761e-08	7.61331e-08	4.93854e-08	4.32138e-08	3.05797e-08	2.23467e-08	1.43161e-08	5.80484e-09	-7.41097e-09
1.92415e-06	7.29726e-07	5.39194e-07	3.92409e-07	3.32018e-07	2.69502e-07	2.09857e-07	1.502e-07	1.16937e-07	9.57657e-08	7.62761e-08	6.03911e-08	4.5151e-08	3.71705e-08	2.66353e-08	1.30141e-08	-7.09516e-09
1.97799e-06	7.72373e-07	5.55471e-07	3.98771e-07	3.37229e-07	2.74005e-07	2.11552e-07	1.50124e-07	1.14888e-07	9.30844e-08	7.25325e-08	5.82284e-08	3.52102e-08	3.03157e-08	2.21834e-08	9.2958e-09	-2.26387e-09
2.07406e-06	8.43397e-07	5.9468e-07	4.24266e-07	3.4986e-07	2.82157e-07	2.12734e-07	1.47118e-07	1.08808e-07	8.65859e-08	6.20494e-08	4.56075e-08	3.22768e-08	2.57253e-08	1.96545e-08	5.74204e-09	-7.90479e-09
2.21767e-06	9.28779e-07	6.46603e-07	4.60045e-07	3.74962e-07	2.99542e-07	2.28372e-07	1.59921e-07	1.20409e-07	9.26465e-08	6.71734e-08	4.81762e-08	2.49798e-08	2.38667e-08	1.15856e-08	-5.76748e-09	-1.90226e-08
2.39324e-06	1.01695e-06	7.01136e-07	4.88933e-07	3.90003e-07	3.03696e-07	2.20588e-07	1.42944e-07	1.05962e-07	7.54939e-08	4.61387e-08	2.74201e-08	1.2205e-08	-4.57845e-09	-1.42286e-08	-2.09825e-08	-2.29302e-08
2.64233e-06	1.14012e-06	7.88938e-07	5.44762e-07	4.30953e-07	3.36786e-07	2.40254e-07	1.51792e-07	1.16364e-07	8.33903e-08	4.07528e-08	2.07559e-08	5.52731e-09	-7.33601e-09	-1.77962e-08	-2.28175e-08	-2.52587e-08
2.93413e-06	1.28485e-06	8.99294e-07	6.35097e-07	5.01379e-07	3.98384e-07	2.84587e-07	1.85209e-07	1.28178e-07	9.06124e-08	6.09016e-08	4.06643e-08	2.54231e-08	1.29139e-08	-6.95657e-10	-1.00048e-08	-1.73029e-08
3.21323e-06	1.39082e-06	9.78296e-07	6.88611e-07	5.49796e-07	4.30219e-07	3.08163e-07	1.97377e-07	1.35931e-07	9.6165e-08	6.5164e-08	4.22453e-08	2.19195e-08	1.50009e-08	3.52888e-09	1.22689e-09	-1.61898e-09
