9.36476e-07	4.99258e-07	2.61156e-07	2.0181e-07	1.41494e-07	1.32723e-07	9.32223e-08	6.49083e-08	6.42916e-08	3.06043e-08	4.25465e-08	3.9627e-08	2.50422e-08	3.58141e-08	2.62376e-08	2.28525e-08	1.18541e-08
9.16151e-07	5.04442e-07	2.65605e-07	2.0228e-07	1.38025e-07	1.30034e-07	9.0154e-08	5.91589e-08	5.7611e-08	2.45017e-08	3.64316e-08	3.38644e-08	1.61457e-08	2.78617e-08	1.6649e-08	5.6126e-09	2.93215e-09
8.86471e-07	5.12195e-07	2.66046e-07	2.06997e-07	1.41832e-07	1.30393e-07	9.07501e-08	5.98666e-08	5.87465e-08	2.47168e-08	3.71885e-08	3.33375e-08	1.72917e-08	2.31563e-08	1.04833e-08	1.02316e-08	9.69041e-10
8.61409e-07	4.92701e-07	2.46451e-07	1.88513e-07	1.23528e-07	1.11585e-07	7.37063e-08	4.39067e-08	4.59076e-08	1.07973e-08	2.34697e-08	2.04873e-08	4.26608e-09	1.30751e-08	3.39777e-10	1.13259e-10	-6.39283e-09
8.59426e-07	4.78002e-07	2.40561e-07	1.8486e-07	1.23345e-07	1.1368e-07	7.62396e-08	4.78731e-08	4.6514e-08	1.47621e-08	2.58495e-08	2.12308e-08	8.88497e-09	1.94437e-08	1.06217e-08	6.72036e-09	-3.68739e-09
8.36794e-07	4.69821e-07	2.33885e-07	1.86942e-07	1.22681e-07	1.07113e-07	7.33847e-08	4.57978e-08	4.84407e-08	1.38815e-08	2.99781e-08	2.29052e-08	1.01941e-08	2.01994e-08	1.30257e-08	8.60832e-09	1.45989e-09
8.22699e-07	4.55989e-07	2.27302e-07	1.77276e-07	1.18025e-07	1.06648e-07	7.18367e-08	4.68801e-08	4.68172e-08	1.48003e-08	2.50069e-08	2.34715e-08	1.08485e-08	1.9117e-08	1.0408e-08	7.43789e-09	1.14526e-09
8.30229e-07	4.52249e-07	2.24495e-07	1.72691e-07	1.17389e-07	1.07043e-07	7.3917e-08	4.99157e-08	4.8204e-08	1.86145e-08	2.68206e-08	2.29693e-08	1.05596e-08	1.93445e-08	1.0912e-08	8.25635e-09	3.27233e-10
8.42303e-07	4.55623e-07	2.3009e-07	1.74826e-07	1.20847e-07	1.11168e-07	7.79929e-08	5.23183e-08	5.16386e-08	1.78464e-08	2.99537e-08	2.7424e-08	1.40581e-08	2.38874e-08	1.44357e-08	1.55432e-08	6.60743e-09
8.42126e-07	4.57801e-07	2.36345e-07	1.84618e-07	1.31758e-07	1.20066e-07	8.23852e-08	5.20791e-08	4.80895e-08	1.86015e-08	3.18038e-08	2.49698e-08	1.16417e-08	2.03005e-08	9.14972e-09	6.78363e-09	-2.6178e-09
8.44627e-07	4.58114e-07	2.32235e-07	1.83012e-07	1.25834e-07	1.1545e-07	8.03987e-08	5.65862e-08	5.68757e-08	2.22141e-08	3.16661e-08	2.73492e-08	1.42095e-08	2.45173e-08	1.37186e-08	1.27999e-08	-1.18307e-09
9.37712e-07	4.6739e-07	2.40617e-07	1.86108e-07	1.28917e-07	1.2192e-07	8.75853e-08	5.90153e-08	5.66869e-08	2.27679e-08	3.41707e-08	2.99544e-08	1.50276e-08	2.56123e-08	1.20195e-08	1.00435e-08	-1.12014e-09
1.11091e-06	4.97256e-07	2.54437e-07	1.90422e-07	1.37684e-07	1.20944e-07	8.77281e-08	5.96979e-08	5.73946e-08	2.40277e-08	3.61989e-08	3.46633e-08	1.91441e-08	2.7489e-08	1.76211e-08	1.76589e-08	7.33795e-09
1.26894e-06	5.63537e-07	2.73354e-07	1.9776e-07	1.4151e-07	1.21007e-07	8.34613e-08	5.2297e-08	4.95784e-08	1.44116e-08	2.54751e-08	2.17873e-08	6.02895e-09	1.61485e-08	5.07237e-09	3.927e-09	6.1674e-10
1.35209e-06	6.30299e-07	3.06616e-07	2.19842e-07	1.46146e-07	1.29078e-07	9.24882e-08	5.40731e-08	5.01334e-08	2.03403e-08	2.96294e-08	2.3764e-08	7.98006e-09	2.21529e-08	1.1668e-08	9.15064e-09	-8.30732e-10
1.35448e-06	6.78444e-07	3.43634e-07	2.41126e-07	1.61905e-07	1.40746e-07	9.71579e-08	5.95232e-08	5.55206e-08	2.00886e-08	2.90001e-08	2.77288e-08	1.22218e-08	2.39654e-08	1.42609e-08	1.27379e-08	3.93968e-09
1.3172e-06	7.1434e-07	3.65666e-07	2.6912e-07	1.85036e-07	1.61711e-07	1.09071e-07	7.14088e-08	6.20815e-08	2.74281e-08	3.54086e-08	2.98575e-08	1.26127e-08	1.80127e-08	4.12869e-09	-1.05735e-09	-8.28256e-09
1.24834e-06	7.15895e-07	3.79201e-07	2.83274e-07	1.95151e-07	1.68316e-07	1.14216e-07	7.16084e-08	6.5554e-08	2.66219e-08	3.74216e-08	3.11281e-08	1.50668e-08	2.31856e-08	7.53971e-09	1.90066e-09	-2.9454e-09
1.16359e-06	6.97321e-07	3.79211e-07	2.87045e-07	1.95836e-07	1.68647e-07	1.15327e-07	7.01249e-08	6.33654e-08	2.40547e-08	3.28407e-08	2.83722e-08	1.08378e-08	2.03288e-08	5.45038e-09	2.94547e-09	1.62379e-09
1.09442e-06	6.79506e-07	3.80951e-07	2.87843e-07	2.01521e-07	1.74836e-07	1.1847e-07	7.18224e-08	6.4912e-08	2.9819e-08	3.44511e-08	2.84848e-08	1.59354e-08	2.58666e-08	1.31788e-08	8.26977e-09	-1.43494e-09
1.07467e-06	6.78277e-07	3.77826e-07	2.93804e-07	2.06926e-07	1.81172e-07	1.23206e-07	7.62172e-08	6.88913e-08	2.70002e-08	3.70324e-08	3.17708e-08	1.51427e-08	2.45582e-08	1.35693e-08	1.00952e-08	-6.54549e-10
1.13334e-06	6.92337e-07	3.86058e-07	3.01709e-07	2.16681e-07	1.89882e-07	1.29525e-07	8.20326e-08	7.53235e-08	3.09652e-08	4.01792e-08	3.46282e-08	1.48029e-08	2.5389e-08	1.06238e-08	4.73289e-09	-4.05317e-09
1.19924e-06	7.01694e-07	3.86395e-07	3.02837e-07	2.19191e-07	1.91788e-07	1.30158e-07	8.18333e-08	7.25561e-08	3.20737e-08	3.83299e-08	3.08527e-08	1.36704e-08	1.90453e-08	5.22394e-09	9.81848e-10	-6.58342e-09
1.2767e-06	7.26422e-07	4.11682e-07	3.25264e-07	2.37248e-07	2.07314e-07	1.48917e-07	9.7432e-08	8.56495e-08	4.4864e-08	5.08434e-08	4.36556e-08	2.15005e-08	2.8575e-08	1.3721e-08	9.81873e-09	2.99597e-09
1.34507e-06	7.49352e-07	4.16467e-07	3.23028e-07	2.34901e-07	2.06087e-07	1.46535e-07	9.58183e-08	8.20221e-08	3.90222e-08	4.44098e-08	3.70585e-08	1.38843e-08	2.3514e-08	6.87294e-09	3.28542e-09	-4.04068e-09
1.42021e-06	7.76466e-07	4.31736e-07	3.33061e-07	2.44505e-07	2.15226e-07	1.5157e-07	1.01722e-07	8.51942e-08	4.22698e-08	4.3944e-08	3.38989e-08	1.37207e-08	2.02034e-08	4.20433e-09	-1.82523e-09	-1.03346e-08
1.5228e-06	7.94134e-07	4.51007e-07	3.47017e-07	2.59642e-07	2.29318e-07	1.66579e-07	1.12135e-07	9.60347e-08	5.36757e-08	5.65458e-08	4.59466e-08	2.48741e-08	2.99723e-08	1.49421e-08	8.52216e-09	-5.42548e-09
1.66389e-06	7.99957e-07	4.59604e-07	3.48888e-07	2.61462e-07	2.27146e-07	1.67263e-07	1.0889e-07	9.22858e-08	5.34631e-08	5.14489e-08	3.98927e-08	1.97764e-08	2.22815e-08	1.32556e-08	3.09675e-09	-5.14867e-09
1.81688e-06	8.28453e-07	4.81608e-07	3.63588e-07	2.74208e-07	2.40861e-07	1.75852e-07	1.1778e-07	1.0178e-07	5.96833e-08	6.04386e-08	5.08082e-08	2.97346e-08	3.50848e-08	2.70155e-08	1.53331e-08	5.19915e-09
1.94813e-06	8.81118e-07	5.03538e-07	3.74056e-07	2.82556e-07	2.47268e-07	1.76931e-07	1.18063e-07	9.97205e-08	5.17927e-08	5.4084e-08	4.51204e-08	1.99038e-08	2.66014e-08	1.35336e-08	8.25864e-09	-4.17968e-09
2.12204e-06	9.18973e-07	5.19275e-07	3.8629e-07	2.86328e-07	2.51353e-07	1.80045e-07	1.23102e-07	1.04117e-07	5.18318e-08	5.75475e-08	4.7161e-08	2.73322e-08	3.48987e-08	2.07352e-08	1.74745e-08	1.19728e-08
2.33758e-06	9.46015e-07	5.45046e-07	4.04595e-07	3.10852e-07	2.69722e-07	1.97671e-07	1.35528e-07	1.15397e-07	6.75186e-08	6.62848e-08	5.39972e-08	3.32494e-08	3.51756e-08	1.94385e-08	1.36976e-08	5.47652e-09
2.50749e-06	9.32016e-07	5.57535e-07	4.18557e-07	3.2533e-07	2.80121e-07	2.12313e-07	1.4487e-07	1.25998e-07	7.34357e-08	6.87146e-08	5.46015e-08	3.0039e-08	3.5012e-08	1.36346e-08	8.63654e-09	-4.63301e-09
2.76869e-06	9.15259e-07	5.78044e-07	4.40023e-07	3.57774e-07	3.11356e-07	2.39305e-07	1.65995e-07	1.39255e-07	8.73725e-08	8.08888e-08	6.38927e-08	3.8386e-08	3.88518e-08	2.08108e-08	1.92245e-08	7.23908e-09
3.11662e-06	1.02518e-06	6.61303e-07	5.01297e-07	4.108e-07	3.52772e-07	2.65385e-07	1.86748e-07	1.55613e-07	9.77741e-08	8.9301e-08	6.88548e-08	4.29571e-08	4.09553e-08	2.29894e-08	1.57123e-08	2.2662e-10
3.43631e-06	1.23424e-06	8.02196e-07	6.00325e-07	4.85321e-07	4.09709e-07	3.02045e-07	2.02639e-07	1.62227e-07	1.03837e-07	9.18522e-08	6.78568e-08	4.4365e-08	4.24136e-08	2.34666e-08	1.68572e-08	5.86665e-09
3.66037e-06	1.43218e-06	9.43802e-07	7.03968e-07	5.64821e-07	4.71196e-07	3.48012e-07	2.33364e-07	1.85084e-07	1.1879e-07	1.05522e-07	7.527e-08	5.02052e-08	4.4452e-08	2.54551e-08	1.40368e-08	2.01425e-10
3.86388e-06	1.60598e-06	1.07012e-06	7.93005e-07	6.33485e-07	5.2222e-07	3.83221e-07	2.53928e-07	1.98925e-07	1.27896e-07	1.06972e-07	7.81927e-08	4.83181e-08	4.58379e-08	2.39828e-08	1.6341e-08	6.53389e-09
4.29201e-06	1.85197e-06	1.20686e-06	8.88443e-07	7.07428e-07	5.79907e-07	4.26627e-07	2.79995e-07	2.1857e-07	1.39041e-07	1.12376e-07	8.35201e-08	4.87977e-08	4.38625e-08	2.17298e-08	1.19224e-08	5.45134e-09
5.09267e-06	2.10785e-06	1.33899e-06	9.74481e-07	7.73718e-07	6.4056e-07	4.71498e-07	3.11134e-07	2.3867e-07	1.60578e-07	1.27619e-07	9.35769e-08	5.59472e-08	4.75123e-08	2.5355e-08	1.29545e-08	1.92618e-09
5.84723e-06	2.38814e-06	1.47651e-06	1.06949e-06	8.49016e-07	7.03457e-07	5.17852e-07	3.39787e-07	2.54784e-07	1.71342e-07	1.33057e-07	9.51883e-08	5.77979e-08	4.67696e-08	2.28623e-08	1.45911e-08	6.47094e-09
7.09103e-06	2.8873e-06	1.76179e-06	1.26255e-06	1.00259e-06	8.27328e-07	6.03923e-07	3.97449e-07	2.94962e-07	1.99512e-07	1.55676e-07	1.10608e-07	6.98064e-08	5.62354e-08	3.06796e-08	2.06712e-08	1.10658e-08
9.12501e-06	3.92916e-06	2.42808e-06	1.73783e-06	1.36871e-06	1.11492e-06	7.98419e-07	5.13168e-07	3.69247e-07	2.49056e-07	1.89382e-07	1.33498e-07	9.1978e-08	7.09412e-08	4.11925e-08	2.58712e-08	3.22288e-09
1.03293e-05	5.01565e-06	3.31199e-06	2.44117e-06	1.9392e-06	1.58446e-06	1.13695e-06	7.33212e-07	5.20156e-07	3.58265e-07	2.63943e-07	1.80713e-07	1.22636e-07	9.21944e-08	5.30152e-08	3.1021e-08	8.61136e-09
1.07134e-05	5.65203e-06	3.9858e-06	3.06661e-06	2.49532e-06	2.07847e-06	1.52776e-06	1.00622e-06	7.19068e-07	5.0535e-07	3.65407e-07	2.4689e-07	1.57946e-07	1.05499e-07	5.56325e-08	2.88549e-08	8.74962e-09
1.09307e-05	5.82345e-06	4.27748e-06	3.40621e-06	2.85235e-06	2.42742e-06	1.84521e-06	1.2689e-06	9.28818e-07	6.7297e-07	4.91149e-07	3.36674e-07	2.20471e-07	1.48458e-07	7.58907e-08	3.20282e-08	1.03236e-09
1.09764e-05	5.57405e-06	4.1878e-06	3.40564e-06	2.92029e-06	2.53004e-06	1.98037e-06	1.40996e-06	1.06041e-06	7.88292e-07	5.86529e-07	4.08196e-07	2.7477e-07	1.8493e-07	9.42087e-08	3.91288e-08	5.66537e-09
1.08111e-05	5.12525e-06	3.89436e-06	3.19267e-06	2.78288e-06	2.43811e-06	1.95247e-06	1.43033e-06	1.10494e-06	8.42163e-07	6.43409e-07	4.5999e-07	3.17751e-07	2.14025e-07	1.17462e-07	5.96752e-08	2.02946e-08
1.02148e-05	4.75038e-06	3.61226e-06	2.95663e-06	2.59075e-06	2.28463e-06	1.85738e-06	1.39603e-06	1.10672e-06	8.65366e-07	6.79013e-07	5.01876e-07	3.59826e-07	2.50346e-07	1.43095e-07	7.42415e-08	2.73448e-08
9.2927e-06	4.37923e-06	3.34293e-06	2.73698e-06	2.39518e-06	2.11477e-06	1.7298e-06	1.31812e-06	1.05903e-06	8.3865e-07	6.68715e-07	5.09027e-07	3.73209e-07	2.68299e-07	1.58127e-07	7.87738e-08	3.45461e-08
8.29907e-06	4.05638e-06	3.10442e-06	2.55821e-06	2.23693e-06	1.97835e-06	1.61842e-06	1.242e-06	1.00359e-06	8.03701e-07	6.50711e-07	5.01284e-07	3.74317e-07	2.7438e-07	1.66851e-07	9.31638e-08	4.08536e-08
7.48207e-06	3.74229e-06	2.88519e-06	2.38672e-06	2.08811e-06	1.85181e-06	1.52056e-06	1.16577e-06	9.42065e-07	7.53959e-07	6.15895e-07	4.75376e-07	3.6001e-07	2.64572e-07	1.6143e-07	9.15351e-08	4.03731e-08
6.84086e-06	3.48099e-06	2.71574e-06	2.25995e-06	1.97684e-06	1.75474e-06	1.43689e-06	1.10253e-06	8.98935e-07	7.20007e-07	5.91346e-07	4.60244e-07	3.50731e-07	2.69872e-07	1.72508e-07	9.88116e-08	4.29539e-08
6.36696e-06	3.30124e-06	2.59643e-06	2.16136e-06	1.89091e-06	1.67939e-06	1.37178e-06	1.05203e-06	8.56053e-07	6.84434e-07	5.62179e-07	4.40603e-07	3.47379e-07	2.66794e-07	1.73029e-07	1.00488e-07	3.70757e-08
6.06665e-06	3.2044e-06	2.51332e-06	2.10513e-06	1.84445e-06	1.63892e-06	1.34182e-06	1.03068e-06	8.41013e-07	6.75026e-07	5.58741e-07	4.41826e-07	3.36644e-07	2.60518e-07	1.73049e-07	1.06252e-07	5.90553e-08
5.87409e-06	3.13349e-06	2.44223e-06	2.04729e-06	1.78565e-06	1.58892e-06	1.29851e-06	9.97243e-07	8.13224e-07	6.51601e-07	5.37051e-07	4.22903e-07	3.22301e-07	2.45543e-07	1.58551e-07	9.60822e-08	4.35215e-08
5.68156e-06	3.0307e-06	2.3622e-06	1.98434e-06	1.73774e-06	1.55131e-06	1.27077e-06	9.84641e-07	8.05411e-07	6.48047e-07	5.36168e-07	4.24906e-07	3.25528e-07	2.47728e-07	1.59906e-07	9.60798e-08	4.00458e-08
5.39237e-06	2.89892e-06	2.25754e-06	1.90766e-06	1.67602e-06	1.49746e-06	1.23839e-06	9.63806e-07	7.94869e-07	6.37312e-07	5.29497e-07	4.17565e-07	3.17353e-07	2.44373e-07	1.58097e-07	9.45463e-08	4.30683e-08
5.1053e-06	2.74488e-06	2.16366e-06	1.835e-06	1.62187e-06	1.45887e-06	1.21423e-06	9.51632e-07	7.87063e-07	6.33158e-07	5.2188e-07	4.10918e-07	3.10857e-07	2.38053e-07	1.49625e-07	8.86167e-08	4.06259e-08
4.76102e-06	2.62742e-06	2.08149e-06	1.78592e-06	1.58186e-06	1.43132e-06	1.19905e-06	9.53646e-07	7.97386e-07	6.42751e-07	5.38284e-07	4.25748e-07	3.22515e-07	2.4757e-07	1.59281e-07	9.719e-08	5.08108e-08
4.5e-06	2.51949e-06	2.00807e-06	1.74012e-06	1.55285e-06	1.41448e-06	1.19556e-06	9.55521e-07	8.01989e-07	6.54413e-07	5.4769e-07	4.34634e-07	3.33048e-07	2.52776e-07	1.63628e-07	9.37429e-08	4.32456e-08
4.27137e-06	2.44267e-06	1.93939e-06	1.69106e-06	1.50735e-06	1.37852e-06	1.17229e-06	9.403e-07	7.94309e-07	6.46594e-07	5.45386e-07	4.31525e-07	3.30052e-07	2.52575e-07	1.60393e-07	8.90218e-08	3.52008e-08
4.17455e-06	2.39443e-06	1.91618e-06	1.66891e-06	1.49816e-06	1.36915e-06	1.16968e-06	9.45815e-07	8.02384e-07	6.59369e-07	5.55217e-07	4.42957e-07	3.40278e-07	2.59241e-07	1.68622e-07	9.77062e-08	3.88634e-08
4.14886e-06	2.39898e-06	1.92007e-06	1.68642e-06	1.51107e-06	1.38468e-06	1.18618e-06	9.70716e-07	8.24311e-07	6.83029e-07	5.76797e-07	4.58706e-07	3.54111e-07	2.69986e-07	1.70037e-07	9.63868e-08	3.49868e-08
4.19958e-06	2.43848e-06	1.95852e-06	1.72248e-06	1.54924e-06	1.42722e-06	1.22804e-06	1.00564e-06	8.58105e-07	7.112e-07	6.00325e-07	4.79127e-07	3.6333e-07	2.7285e-07	1.65349e-07	8.77228e-08	3.23421e-08
4.27348e-06	2.49874e-06	2.00409e-06	1.76603e-06	1.59282e-06	1.47069e-06	1.2654e-06	1.03589e-06	8.80577e-07	7.24204e-07	6.07941e-07	4.82664e-07	3.66729e-07	2.72195e-07	1.62176e-07	8.36942e-08	2.51662e-08
4.38598e-06	2.56495e-06	2.07513e-06	1.82376e-06	1.64793e-06	1.51817e-06	1.30529e-06	1.06042e-06	8.93443e-07	7.30096e-07	6.06015e-07	4.74129e-07	3.54958e-07	2.58284e-07	1.52873e-07	7.79409e-08	2.31645e-08
4.50879e-06	2.64975e-06	2.14386e-06	1.88078e-06	1.69477e-06	1.55977e-06	1.33391e-06	1.07523e-06	9.03087e-07	7.31859e-07	5.97668e-07	4.6441e-07	3.43514e-07	2.50151e-07	1.50053e-07	8.17555e-08	3.33996e-08
4.59798e-06	2.69384e-06	2.15836e-06	1.8804e-06	1.68009e-06	1.53665e-06	1.29849e-06	1.02992e-06	8.49494e-07	6.7537e-07	5.45158e-07	4.13624e-07	2.97336e-07	2.12547e-07	1.2213e-07	6.83855e-08	2.68028e-08
4.62796e-06	2.66772e-06	2.10174e-06	1.80593e-06	1.59603e-06	1.44327e-06	1.19747e-06	9.23597e-07	7.46532e-07	5.8344e-07	4.62182e-07	3.43228e-07	2.46393e-07	1.74233e-07	9.98691e-08	5.40575e-08	2.31009e-08
4.61644e-06	2.6156e-06	2.02039e-06	1.71119e-06	1.49169e-06	1.33396e-06	1.0868e-06	8.22628e-07	6.57317e-07	5.04318e-07	3.98882e-07	2.93849e-07	2.07045e-07	1.50733e-07	8.76347e-08	4.89475e-08	1.81791e-08
4.55852e-06	2.53203e-06	1.91805e-06	1.60111e-06	1.37886e-06	1.22324e-06	9.82689e-07	7.31348e-07	5.7968e-07	4.38386e-07	3.46292e-07	2.55835e-07	1.76885e-07	1.29019e-07	7.08926e-08	3.58806e-08	1.12174e-08
4.4701e-06	2.43861e-06	1.82869e-06	1.51272e-06	1.29671e-06	1.1452e-06	9.11797e-07	6.74103e-07	5.31927e-07	4.01536e-07	3.19388e-07	2.34609e-07	1.61639e-07	1.18935e-07	6.51139e-08	3.04545e-08	5.71572e-09
4.37765e-06	2.34124e-06	1.7327e-06	1.41915e-06	1.21207e-06	1.06722e-06	8.47434e-07	6.2201e-07	4.9373e-07	3.71783e-07	2.97024e-07	2.20451e-07	1.52188e-07	1.14166e-07	6.57828e-08	4.0074e-08	1.77267e-08
4.30034e-06	2.26572e-06	1.65485e-06	1.34237e-06	1.14175e-06	9.9859e-07	7.90824e-07	5.80503e-07	4.58389e-07	3.41085e-07	2.72719e-07	2.01634e-07	1.38292e-07	1.04739e-07	5.75252e-08	3.1287e-08	1.17594e-08
4.23844e-06	2.22082e-06	1.59031e-06	1.27744e-06	1.06889e-06	9.30955e-07	7.28502e-07	5.27321e-07	4.13542e-07	3.02269e-07	2.40261e-07	1.76101e-07	1.19998e-07	8.94292e-08	4.49601e-08	2.14539e-08	4.63324e-09
4.22472e-06	2.18934e-06	1.55869e-06	1.23474e-06	1.02517e-06	8.84675e-07	6.88624e-07	4.90923e-07	3.79979e-07	2.74198e-07	2.21912e-07	1.63154e-07	1.11258e-07	8.38747e-08	4.4191e-08	2.40343e-08	6.38314e-09
4.21829e-06	2.19e-06	1.54973e-06	1.22419e-06	1.00905e-06	8.65287e-07	6.66541e-07	4.70527e-07	3.66722e-07	2.65977e-07	2.13564e-07	1.61114e-07	1.12769e-07	8.95276e-08	5.20345e-08	2.88563e-08	6.26983e-09
4.21311e-06	2.17335e-06	1.52964e-06	1.20104e-06	9.78509e-07	8.35902e-07	6.32082e-07	4.3598e-07	3.32364e-07	2.3775e-07	1.89001e-07	1.38515e-07	9.22722e-08	7.40923e-08	4.03762e-08	2.35811e-08	8.56121e-09
4.19812e-06	2.17912e-06	1.52998e-06	1.19535e-06	9.71257e-07	8.22632e-07	6.08803e-07	4.13141e-07	3.1261e-07	2.18512e-07	1.75832e-07	1.27814e-07	8.4202e-08	6.888e-08	3.71406e-08	2.56962e-08	1.06134e-08
4.19359e-06	2.18046e-06	1.53438e-06	1.19788e-06	9.73296e-07	8.22778e-07	6.09334e-07	4.11729e-07	3.11069e-07	2.16327e-07	1.7415e-07	1.27754e-07	8.64704e-08	7.24322e-08	4.06038e-08	2.74343e-08	1.1155e-08
4.19581e-06	2.18035e-06	1.53358e-06	1.19508e-06	9.69734e-07	8.18313e-07	6.05945e-07	4.05965e-07	3.06882e-07	2.12394e-07	1.71363e-07	1.27411e-07	8.60528e-08	7.02775e-08	3.87143e-08	1.99174e-08	4.87234e-09
4.21063e-06	2.18572e-06	1.53365e-06	1.19426e-06	9.61953e-07	8.12711e-07	5.97988e-07	3.98688e-07	3.03785e-07	2.09901e-07	1.66654e-07	1.2697e-07	8.67704e-08	7.32739e-08	4.28438e-08	2.83653e-08	6.91192e-09
4.2261e-06	2.17773e-06	1.52115e-06	1.18298e-06	9.50913e-07	8.03764e-07	5.85056e-07	3.8595e-07	2.88581e-07	1.93869e-07	1.51807e-07	1.10663e-07	6.99862e-08	6.01536e-08	2.97369e-08	1.55357e-08	5.03588e-09
4.28038e-06	2.1997e-06	1.53889e-06	1.19837e-06	9.65806e-07	8.13831e-07	5.95495e-07	3.9889e-07	2.97767e-07	2.02787e-07	1.60095e-07	1.17389e-07	7.63081e-08	6.79357e-08	3.69265e-08	1.95901e-08	-1.1331e-10
4.34382e-06	2.22145e-06	1.56149e-06	1.21703e-06	9.87498e-07	8.26447e-07	6.05869e-07	4.02289e-07	2.99932e-07	2.06464e-07	1.56935e-07	1.12379e-07	7.18512e-08	5.91857e-08	3.1324e-08	2.17556e-08	1.1054e-08
4.43022e-06	2.2596e-06	1.59662e-06	1.24919e-06	1.01594e-06	8.55262e-07	6.27263e-07	4.13983e-07	3.07934e-07	2.09214e-07	1.62516e-07	1.17707e-07	7.59701e-08	6.3002e-08	3.35532e-08	2.03963e-08	5.09909e-09
4.53171e-06	2.29652e-06	1.63403e-06	1.2804e-06	1.04189e-06	8.75548e-07	6.42091e-07	4.21967e-07	3.10986e-07	2.12016e-07	1.64791e-07	1.18183e-07	7.54142e-08	6.1049e-08	3.00901e-08	1.66062e-08	9.15294e-09
4.6065e-06	2.33799e-06	1.66629e-06	1.3047e-06	1.06295e-06	8.92894e-07	6.54899e-07	4.3137e-07	3.16949e-07	2.14514e-07	1.65261e-07	1.16498e-07	7.20041e-08	5.64928e-08	2.76358e-08	1.40886e-08	1.64933e-09
4.68505e-06	2.3986e-06	1.72276e-06	1.35458e-06	1.10781e-06	9.32818e-07	6.92179e-07	4.64344e-07	3.46549e-07	2.41105e-07	1.90265e-07	1.38985e-07	9.2539e-08	7.5605e-08	4.72893e-08	2.95747e-08	1.24141e-08
4.75723e-06	2.44621e-06	1.76063e-06	1.38224e-06	1.13487e-06	9.57557e-07	7.08212e-07	4.74151e-07	3.52274e-07	2.40809e-07	1.87764e-07	1.32315e-07	8.35768e-08	6.53581e-08	3.58204e-08	2.38845e-08	7.2774e-09
4.8327e-06	2.4867e-06	1.79827e-06	1.41927e-06	1.16715e-06	9.87673e-07	7.32769e-07	4.89852e-07	3.61197e-07	2.49276e-07	1.89129e-07	1.31601e-07	8.03682e-08	6.12425e-08	2.96391e-08	1.67334e-08	2.97147e-09
4.89281e-06	2.52526e-06	1.8294e-06	1.44714e-06	1.19131e-06	1.00937e-06	7.51127e-07	5.04545e-07	3.73045e-07	2.55836e-07	1.94329e-07	1.33716e-07	8.31256e-08	6.1658e-08	2.94503e-08	1.52351e-08	3.38697e-09
4.94782e-06	2.54693e-06	1.84089e-06	1.45545e-06	1.19977e-06	1.01862e-06	7.60986e-07	5.1351e-07	3.79857e-07	2.60797e-07	1.96998e-07	1.34472e-07	8.10607e-08	5.85354e-08	2.31548e-08	1.18859e-08	-2.77001e-10
5.03736e-06	2.55856e-06	1.84541e-06	1.45997e-06	1.20742e-06	1.02775e-06	7.73217e-07	5.26314e-07	3.92967e-07	2.7255e-07	2.07557e-07	1.43722e-07	9.09045e-08	6.72719e-08	3.34534e-08	2.2575e-08	7.03817e-09
5.12678e-06	2.56608e-06	1.84004e-06	1.45032e-06	1.19999e-06	1.02284e-06	7.72217e-07	5.28317e-07	3.94525e-07	2.72997e-07	2.07247e-07	1.42215e-07	8.67392e-08	6.07892e-08	2.73098e-08	1.13067e-08	-3.41215e-09
5.2669e-06	2.57921e-06	1.85381e-06	1.45718e-06	1.19999e-06	1.03528e-06	7.87092e-07	5.45314e-07	4.1082e-07	2.90504e-07	2.25599e-07	1.57874e-07	1.03407e-07	6.91479e-08	4.59433e-08	2.79261e-08	7.89434e-09
5.39803e-06	2.59021e-06	1.84084e-06	1.43801e-06	1.19209e-06	1.01469e-06	7.71638e-07	5.31666e-07	3.95482e-07	2.76082e-07	2.11402e-07	1.46433e-07	9.48604e-08	7.05094e-08	3.94601e-08	2.58367e-08	1.01483e-08
5.50781e-06	2.61377e-06	1.84304e-06	1.43748e-06	1.18872e-06	1.01128e-06	7.67288e-07	5.27348e-07	3.91665e-07	2.71456e-07	2.06749e-07	1.41274e-07	8.99899e-08	6.91388e-08	3.61748e-08	2.07756e-08	3.1856e-09
5.59014e-06	2.61913e-06	1.85086e-06	1.43552e-06	1.18813e-06	1.00915e-06	7.64064e-07	5.21984e-07	3.89234e-07	2.71833e-07	2.05729e-07	1.42017e-07	9.02543e-08	7.10904e-08	3.76354e-08	2.1317e-08	3.22337e-09
5.6488e-06	2.62208e-06	1.84314e-06	1.42804e-06	1.17807e-06	9.97041e-07	7.52386e-07	5.08423e-07	3.75438e-07	2.58656e-07	1.94971e-07	1.35114e-07	8.57193e-08	7.06605e-08	3.77729e-08	2.19587e-08	2.12787e-09
5.65528e-06	2.61639e-06	1.83871e-06	1.42902e-06	1.18128e-06	1.00088e-06	7.49673e-07	5.03425e-07	3.71594e-07	2.55301e-07	1.94901e-07	1.37661e-07	8.85923e-08	6.97809e-08	4.06824e-08	2.75875e-08	1.35105e-08
5.64827e-06	2.60494e-06	1.83348e-06	1.42017e-06	1.17224e-06	9.91413e-07	7.42836e-07	5.01372e-07	3.73017e-07	2.5899e-07	2.00277e-07	1.45555e-07	9.69025e-08	7.76127e-08	4.47494e-08	3.16545e-08	1.14077e-08
5.59382e-06	2.56278e-06	1.7979e-06	1.39409e-06	1.15084e-06	9.75573e-07	7.2935e-07	4.92974e-07	3.67502e-07	2.58776e-07	2.01461e-07	1.45077e-07	9.38932e-08	7.82548e-08	4.48628e-08	3.18182e-08	1.43792e-08
5.5017e-06	2.52292e-06	1.76617e-06	1.36964e-06	1.13206e-06	9.67413e-07	7.31849e-07	5.02959e-07	3.78856e-07	2.68478e-07	2.11161e-07	1.54121e-07	9.68168e-08	7.74887e-08	4.34914e-08	2.95651e-08	1.24405e-08
5.42286e-06	2.48591e-06	1.74952e-06	1.36463e-06	1.1355e-06	9.68949e-07	7.36256e-07	5.07353e-07	3.85366e-07	2.715e-07	2.1582e-07	1.55859e-07	1.03503e-07	7.82316e-08	4.08094e-08	2.17079e-08	2.15316e-09
5.35425e-06	2.44102e-06	1.72545e-06	1.35082e-06	1.12929e-06	9.67223e-07	7.39511e-07	5.13977e-07	3.89871e-07	2.78898e-07	2.16329e-07	1.5614e-07	1.04777e-07	7.86869e-08	4.09741e-08	2.21366e-08	5.55304e-09
5.26814e-06	2.39786e-06	1.68894e-06	1.32685e-06	1.11218e-06	9.59871e-07	7.41192e-07	5.20789e-07	3.98915e-07	2.86144e-07	2.22267e-07	1.60203e-07	1.05971e-07	7.93271e-08	3.9651e-08	2.22368e-08	7.31572e-09
5.18186e-06	2.35284e-06	1.66111e-06	1.31618e-06	1.10987e-06	9.61054e-07	7.48243e-07	5.33582e-07	4.1347e-07	3.01632e-07	2.37994e-07	1.69999e-07	1.1656e-07	8.89219e-08	4.81251e-08	2.7966e-08	7.15203e-09
5.08571e-06	2.28633e-06	1.6129e-06	1.27918e-06	1.07332e-06	9.37281e-07	7.3433e-07	5.27425e-07	4.11796e-07	3.0337e-07	2.42124e-07	1.7807e-07	1.24607e-07	9.39334e-08	5.31995e-08	2.93007e-08	5.52771e-09
4.96753e-06	2.233e-06	1.56836e-06	1.24455e-06	1.05014e-06	9.17298e-07	7.25856e-07	5.2823e-07	4.18092e-07	3.10824e-07	2.5046e-07	1.8725e-07	1.32023e-07	1.02924e-07	6.67355e-08	4.24715e-08	2.18212e-08
4.84068e-06	2.17259e-06	1.52297e-06	1.21093e-06	1.02705e-06	8.99872e-07	7.15883e-07	5.27752e-07	4.22952e-07	3.13493e-07	2.58203e-07	1.89151e-07	1.36329e-07	1.05895e-07	6.26684e-08	3.35188e-08	9.65776e-09
4.71323e-06	2.10674e-06	1.47542e-06	1.17548e-06	1.00242e-06	8.80266e-07	7.11161e-07	5.32877e-07	4.26213e-07	3.25594e-07	2.63782e-07	1.98079e-07	1.36405e-07	1.03327e-07	5.61963e-08	3.3607e-08	1.5047e-08
4.55049e-06	2.02988e-06	1.40866e-06	1.1257e-06	9.57453e-07	8.43965e-07	6.80891e-07	5.13586e-07	4.17386e-07	3.19021e-07	2.61288e-07	1.99124e-07	1.3993e-07	1.083e-07	6.27188e-08	4.16908e-08	2.14561e-08
4.40704e-06	1.96275e-06	1.35977e-06	1.08242e-06	9.28136e-07	8.22966e-07	6.64681e-07	5.08852e-07	4.17974e-07	3.25169e-07	2.69537e-07	2.05682e-07	1.48072e-07	1.15332e-07	6.90055e-08	3.75123e-08	1.96061e-08
4.26023e-06	1.89902e-06	1.31109e-06	1.04541e-06	8.91133e-07	7.92931e-07	6.41404e-07	4.84877e-07	4.00854e-07	3.08859e-07	2.57486e-07	1.93382e-07	1.38885e-07	1.04913e-07	6.01123e-08	4.17034e-08	1.65076e-08
4.16517e-06	1.88245e-06	1.29021e-06	1.02536e-06	8.69762e-07	7.73585e-07	6.27632e-07	4.80671e-07	4.0031e-07	3.10555e-07	2.61131e-07	2.055e-07	1.50322e-07	1.16551e-07	6.918e-08	4.09363e-08	1.54629e-08
4.09195e-06	1.86632e-06	1.26911e-06	1.00815e-06	8.50761e-07	7.52405e-07	6.09587e-07	4.67891e-07	3.90211e-07	3.02307e-07	2.54332e-07	2.00312e-07	1.44203e-07	1.11678e-07	6.30855e-08	3.31923e-08	1.81576e-08
4.08094e-06	1.88252e-06	1.28434e-06	1.02074e-06	8.60645e-07	7.61194e-07	6.17949e-07	4.75924e-07	4.0002e-07	3.11285e-07	2.66092e-07	2.09781e-07	1.54692e-07	1.23451e-07	7.47582e-08	4.12763e-08	1.56266e-08
4.11467e-06	1.88914e-06	1.287e-06	1.01629e-06	8.60733e-07	7.57014e-07	6.13e-07	4.68684e-07	3.9244e-07	3.02181e-07	2.57857e-07	2.02579e-07	1.48043e-07	1.1645e-07	6.88023e-08	4.03193e-08	1.74776e-08
4.20111e-06	1.94056e-06	1.31773e-06	1.04281e-06	8.79908e-07	7.78062e-07	6.32659e-07	4.85317e-07	4.07976e-07	3.19125e-07	2.73881e-07	2.19369e-07	1.65286e-07	1.35228e-07	8.65339e-08	5.60858e-08	2.95666e-08
4.32739e-06	1.98374e-06	1.34976e-06	1.06766e-06	9.01856e-07	7.97126e-07	6.49747e-07	5.03664e-07	4.21576e-07	3.33342e-07	2.8466e-07	2.26484e-07	1.70234e-07	1.36878e-07	8.64709e-08	5.49022e-08	2.4089e-08
4.45794e-06	2.02491e-06	1.37408e-06	1.08726e-06	9.18839e-07	8.13235e-07	6.60144e-07	5.09986e-07	4.2749e-07	3.36796e-07	2.86626e-07	2.28107e-07	1.71074e-07	1.35902e-07	8.42337e-08	5.19456e-08	2.36872e-08
4.60477e-06	2.07095e-06	1.40973e-06	1.11394e-06	9.43231e-07	8.35701e-07	6.82685e-07	5.30953e-07	4.46115e-07	3.52349e-07	3.00277e-07	2.40058e-07	1.78151e-07	1.41179e-07	9.17013e-08	5.54338e-08	2.31457e-08
4.71305e-06	2.09728e-06	1.42212e-06	1.12299e-06	9.48699e-07	8.38895e-07	6.84766e-07	5.31795e-07	4.4535e-07	3.51097e-07	2.95515e-07	2.33548e-07	1.68031e-07	1.31375e-07	8.35495e-08	4.84801e-08	1.91528e-08
4.80038e-06	2.12866e-06	1.44856e-06	1.13959e-06	9.62574e-07	8.52311e-07	6.93427e-07	5.37842e-07	4.48961e-07	3.49175e-07	2.92432e-07	2.26596e-07	1.64161e-07	1.25312e-07	7.32653e-08	3.98564e-08	1.75041e-08
4.85343e-06	2.15781e-06	1.47471e-06	1.16556e-06	9.9053e-07	8.7528e-07	7.16283e-07	5.54515e-07	4.63506e-07	3.65949e-07	3.02997e-07	2.35474e-07	1.75671e-07	1.34567e-07	7.59476e-08	4.00076e-08	1.16988e-08
4.89568e-06	2.1762e-06	1.50058e-06	1.18305e-06	1.0117e-06	8.9767e-07	7.35562e-07	5.73253e-07	4.80708e-07	3.75318e-07	3.14066e-07	2.44541e-07	1.79297e-07	1.36582e-07	8.11485e-08	4.56995e-08	1.78315e-08
4.91182e-06	2.18863e-06	1.51277e-06	1.20239e-06	1.02944e-06	9.11774e-07	7.49553e-07	5.83755e-07	4.82244e-07	3.74965e-07	3.11548e-07	2.37376e-07	1.6955e-07	1.27062e-07	6.92986e-08	3.66956e-08	1.39781e-08
4.91729e-06	2.20399e-06	1.53233e-06	1.22079e-06	1.04766e-06	9.32025e-07	7.67277e-07	5.9384e-07	4.88994e-07	3.83922e-07	3.18113e-07	2.43981e-07	1.74608e-07	1.33607e-07	7.50516e-08	4.4011e-08	1.39526e-08
4.87703e-06	2.21347e-06	1.53666e-06	1.23702e-06	1.05829e-06	9.35474e-07	7.64501e-07	5.9223e-07	4.8543e-07	3.7392e-07	2.98237e-07	2.23511e-07	1.57159e-07	1.22277e-07	6.19192e-08	3.99698e-08	4.31936e-09
4.85203e-06	2.21398e-06	1.5638e-06	1.25247e-06	1.07074e-06	9.43217e-07	7.70514e-07	5.89626e-07	4.82823e-07	3.69786e-07	2.99907e-07	2.24272e-07	1.5603e-07	1.16386e-07	6.05229e-08	3.34475e-08	1.10316e-08
4.86672e-06	2.2397e-06	1.58726e-06	1.27349e-06	1.08857e-06	9.60784e-07	7.78178e-07	5.8818e-07	4.78818e-07	3.66673e-07	2.9999e-07	2.256e-07	1.59799e-07	1.20621e-07	7.10148e-08	4.23016e-08	2.00237e-08
4.8465e-06	2.24144e-06	1.58693e-06	1.26839e-06	1.07727e-06	9.45835e-07	7.55472e-07	5.69365e-07	4.5722e-07	3.45125e-07	2.78002e-07	2.05463e-07	1.4009e-07	1.03619e-07	5.28801e-08	2.6396e-08	1.36262e-08
4.81022e-06	2.23966e-06	1.58892e-06	1.263e-06	1.06313e-06	9.27287e-07	7.33213e-07	5.43673e-07	4.30171e-07	3.19653e-07	2.55138e-07	1.88243e-07	1.25894e-07	9.21821e-08	4.55496e-08	2.42293e-08	1.19509e-08
4.78e-06	2.24966e-06	1.5983e-06	1.26368e-06	1.06317e-06	9.22741e-07	7.26211e-07	5.32427e-07	4.21507e-07	3.12437e-07	2.4966e-07	1.82652e-07	1.22998e-07	9.07591e-08	4.73252e-08	2.73902e-08	9.54564e-09
4.74255e-06	2.25488e-06	1.60659e-06	1.26977e-06	1.06384e-06	9.2357e-07	7.21872e-07	5.26799e-07	4.18356e-07	3.10594e-07	2.49125e-07	1.83953e-07	1.26011e-07	9.3935e-08	5.27038e-08	3.01111e-08	1.15482e-08
4.72636e-06	2.2561e-06	1.61941e-06	1.27081e-06	1.06466e-06	9.17261e-07	7.14404e-07	5.13752e-07	4.02237e-07	3.00985e-07	2.33924e-07	1.72166e-07	1.13052e-07	8.65552e-08	4.55507e-08	2.35876e-08	3.97955e-09
4.70055e-06	2.2755e-06	1.6299e-06	1.28335e-06	1.06984e-06	9.22651e-07	7.1919e-07	5.14495e-07	4.01065e-07	2.95167e-07	2.30474e-07	1.67393e-07	1.08657e-07	8.12407e-08	3.99088e-08	1.90036e-08	-2.68242e-09
4.67008e-06	2.27454e-06	1.63244e-06	1.28413e-06	1.07113e-06	9.20298e-07	7.08354e-07	5.01373e-07	3.84609e-07	2.77781e-07	2.18618e-07	1.55375e-07	1.00859e-07	7.44006e-08	3.45809e-08	1.79957e-08	5.79287e-10
4.64039e-06	2.28988e-06	1.64468e-06	1.29433e-06	1.07137e-06	9.14606e-07	6.96617e-07	4.83528e-07	3.68515e-07	2.58022e-07	1.96743e-07	1.36447e-07	8.45507e-08	6.34697e-08	2.67227e-08	1.14472e-08	2.85865e-09
4.66131e-06	2.34045e-06	1.69124e-06	1.33215e-06	1.10514e-06	9.40448e-07	7.10591e-07	4.8776e-07	3.67712e-07	2.60597e-07	2.04219e-07	1.44151e-07	9.37413e-08	7.40587e-08	4.17328e-08	2.91399e-08	1.44692e-08
4.66391e-06	2.37036e-06	1.71743e-06	1.35008e-06	1.11079e-06	9.40096e-07	7.01776e-07	4.73756e-07	3.55182e-07	2.49301e-07	1.95416e-07	1.37842e-07	9.05302e-08	7.2069e-08	4.12291e-08	2.69236e-08	1.26055e-08
4.64307e-06	2.38471e-06	1.71728e-06	1.3402e-06	1.08925e-06	9.13777e-07	6.67687e-07	4.38471e-07	3.20803e-07	2.1627e-07	1.65382e-07	1.15477e-07	7.27112e-08	5.71213e-08	3.08148e-08	1.48848e-08	7.42979e-09
4.60445e-06	2.36548e-06	1.69438e-06	1.3114e-06	1.0573e-06	8.80667e-07	6.335e-07	4.07314e-07	2.99945e-07	1.9284e-07	1.50174e-07	9.95618e-08	6.04095e-08	4.75897e-08	1.90031e-08	1.56533e-08	1.22028e-08
4.57009e-06	2.33524e-06	1.66107e-06	1.27522e-06	1.0216e-06	8.44713e-07	6.02257e-07	3.87606e-07	2.83385e-07	1.8575e-07	1.42908e-07	9.95366e-08	6.11147e-08	5.20351e-08	2.66472e-08	1.84742e-08	1.46207e-08
4.49684e-06	2.28394e-06	1.60893e-06	1.22262e-06	9.78328e-07	8.0646e-07	5.73631e-07	3.64035e-07	2.63015e-07	1.71313e-07	1.30538e-07	9.18398e-08	5.63279e-08	4.61277e-08	2.41783e-08	1.14595e-08	4.36973e-09
4.38402e-06	2.21522e-06	1.54e-06	1.16569e-06	9.25058e-07	7.61208e-07	5.39631e-07	3.39941e-07	2.4461e-07	1.58611e-07	1.2301e-07	8.44247e-08	4.99698e-08	4.18975e-08	1.80712e-08	8.84042e-09	1.04523e-09
4.25e-06	2.12026e-06	1.4556e-06	1.09253e-06	8.60392e-07	7.04375e-07	4.96688e-07	3.14477e-07	2.27169e-07	1.46131e-07	1.13868e-07	7.72088e-08	4.23257e-08	3.71121e-08	1.34495e-08	1.24673e-09	-8.43744e-09
4.12567e-06	2.03444e-06	1.38917e-06	1.03524e-06	8.14691e-07	6.68182e-07	4.74612e-07	3.01405e-07	2.22585e-07	1.45074e-07	1.16953e-07	8.39336e-08	5.17076e-08	4.25776e-08	1.70512e-08	8.80264e-09	-6.37215e-09
4.00701e-06	1.96767e-06	1.31443e-06	9.75367e-07	7.60094e-07	6.22384e-07	4.37335e-07	2.75722e-07	2.0103e-07	1.27673e-07	1.02511e-07	7.22615e-08	4.20371e-08	3.66975e-08	1.63086e-08	1.22787e-08	7.53092e-09
4.03262e-06	1.90079e-06	1.28501e-06	9.44365e-07	7.38131e-07	6.03186e-07	4.30235e-07	2.78517e-07	2.07442e-07	1.36796e-07	1.13903e-07	8.50649e-08	5.65042e-08	5.32427e-08	3.20866e-08	2.47828e-08	1.6887e-08
3.9091e-06	1.84963e-06	1.23522e-06	9.04906e-07	7.03498e-07	5.73836e-07	4.05864e-07	2.5954e-07	1.95691e-07	1.26955e-07	1.0401e-07	7.60144e-08	5.42906e-08	5.14445e-08	2.04015e-08	2.22149e-08	2.18497e-08
3.838e-06	1.80627e-06	1.1999e-06	8.7233e-07	6.76695e-07	5.55297e-07	3.92316e-07	2.58047e-07	1.96895e-07	1.30566e-07	1.0844e-07	8.00549e-08	5.08891e-08	4.66704e-08	2.13203e-08	1.1145e-08	-3.1483e-10
3.78631e-06	1.78901e-06	1.16909e-06	8.54926e-07	6.63611e-07	5.46016e-07	3.91812e-07	2.63248e-07	2.03859e-07	1.38311e-07	1.22292e-07	9.55193e-08	7.1693e-08	6.80914e-08	4.3182e-08	3.4115e-08	1.67363e-08
3.78552e-06	1.74269e-06	1.13133e-06	8.19648e-07	6.35947e-07	5.20427e-07	3.738e-07	2.47815e-07	1.91761e-07	1.28592e-07	1.08216e-07	8.19711e-08	5.33839e-08	5.12052e-08	3.27683e-08	2.85621e-08	2.54767e-08
3.77734e-06	1.72797e-06	1.11258e-06	8.02957e-07	6.22488e-07	5.11977e-07	3.67563e-07	2.45227e-07	1.84134e-07	1.21052e-07	1.00259e-07	7.30064e-08	4.90404e-08	4.38013e-08	2.77064e-08	2.88273e-08	1.59312e-08
3.78276e-06	1.73295e-06	1.10751e-06	8.03687e-07	6.22425e-07	5.11196e-07	3.69339e-07	2.43086e-07	1.86754e-07	1.24276e-07	1.03118e-07	7.50088e-08	4.82469e-08	4.30205e-08	1.8324e-08	1.48607e-08	6.5236e-09
3.81089e-06	1.76947e-06	1.12844e-06	8.19647e-07	6.34433e-07	5.24005e-07	3.74698e-07	2.47632e-07	1.88992e-07	1.24748e-07	1.04458e-07	7.8073e-08	5.06927e-08	4.82997e-08	2.74811e-08	2.36524e-08	1.33375e-08
3.86707e-06	1.80623e-06	1.17532e-06	8.57573e-07	6.67489e-07	5.50855e-07	3.9465e-07	2.55825e-07	1.93597e-07	1.25098e-07	1.04544e-07	7.64716e-08	4.82859e-08	4.58553e-08	2.68507e-08	1.74807e-08	6.58674e-09
3.89163e-06	1.83883e-06	1.20867e-06	8.80444e-07	6.82539e-07	5.57014e-07	3.90406e-07	2.41782e-07	1.77376e-07	1.06509e-07	8.43556e-08	5.84116e-08	3.0566e-08	2.4546e-08	7.98469e-09	4.15607e-09	-2.41808e-09
3.93514e-06	1.89484e-06	1.26775e-06	9.29397e-07	7.2478e-07	5.89028e-07	4.09763e-07	2.52903e-07	1.80562e-07	1.1205e-07	8.86753e-08	6.36508e-08	3.62082e-08	3.17246e-08	1.33372e-08	8.11063e-09	1.09569e-09
3.93797e-06	1.94572e-06	1.31338e-06	9.77708e-07	7.59666e-07	6.14796e-07	4.27521e-07	2.60686e-07	1.82728e-07	1.14468e-07	9.39397e-08	6.73283e-08	4.03642e-08	3.8664e-08	2.24931e-08	2.02136e-08	8.86628e-09
3.93736e-06	1.95966e-06	1.33067e-06	9.86247e-07	7.66291e-07	6.17352e-07	4.18692e-07	2.4721e-07	1.70764e-07	1.05363e-07	8.2945e-08	5.42556e-08	3.26818e-08	3.14854e-08	1.51256e-08	1.37024e-08	8.76552e-09
3.91726e-06	1.96231e-06	1.33702e-06	9.89572e-07	7.64332e-07	6.10523e-07	4.12284e-07	2.42028e-07	1.67825e-07	1.03017e-07	8.39882e-08	5.89517e-08	3.80459e-08	3.67614e-08	1.93945e-08	1.66238e-08	1.63594e-08
3.87278e-06	1.95855e-06	1.32581e-06	9.81285e-07	7.53249e-07	6.10164e-07	4.08715e-07	2.44987e-07	1.74068e-07	1.1029e-07	9.08312e-08	7.24559e-08	5.08186e-08	4.90302e-08	2.87028e-08	1.83753e-08	-1.46096e-09
3.84039e-06	1.90063e-06	1.27851e-06	9.40655e-07	7.19622e-07	5.77406e-07	3.83665e-07	2.34761e-07	1.6602e-07	1.06977e-07	8.67128e-08	6.39924e-08	4.12846e-08	4.03778e-08	2.48741e-08	1.65995e-08	5.16373e-09
3.83211e-06	1.84939e-06	1.23094e-06	8.98202e-07	6.85902e-07	5.4913e-07	3.70608e-07	2.21329e-07	1.58145e-07	9.75416e-08	8.1207e-08	5.54016e-08	3.25181e-08	3.11075e-08	1.96217e-08	1.471e-08	9.26929e-09
3.86745e-06	1.81358e-06	1.19801e-06	8.69814e-07	6.63699e-07	5.30037e-07	3.60998e-07	2.14075e-07	1.53031e-07	9.14587e-08	7.31594e-08	5.10189e-08	3.18884e-08	3.44576e-08	1.67628e-08	1.35891e-08	8.51364e-09
3.93176e-06	1.79693e-06	1.18637e-06	8.61429e-07	6.65714e-07	5.38075e-07	3.71366e-07	2.26838e-07	1.60147e-07	1.0071e-07	8.13013e-08	5.71943e-08	3.09335e-08	3.31377e-08	2.69535e-08	2.12605e-08	1.85526e-08
3.98239e-06	1.75247e-06	1.14672e-06	8.36638e-07	6.50868e-07	5.29473e-07	3.69348e-07	2.27826e-07	1.64269e-07	1.00625e-07	8.23866e-08	5.96267e-08	3.32393e-08	3.20553e-08	1.5442e-08	7.87213e-09	-2.35534e-09
4.04143e-06	1.69136e-06	1.08406e-06	7.81891e-07	6.04741e-07	4.88866e-07	3.37952e-07	2.02705e-07	1.46884e-07	8.17422e-08	7.19432e-08	5.05567e-08	2.71676e-08	2.60718e-08	-1.76331e-10	-1.92705e-09	2.5694e-09
4.18231e-06	1.69954e-06	1.08124e-06	7.74208e-07	6.05131e-07	4.92065e-07	3.48116e-07	2.19469e-07	1.67641e-07	1.07134e-07	8.83672e-08	6.45247e-08	4.04932e-08	4.01154e-08	2.84397e-08	2.3049e-08	1.40561e-08
4.29257e-06	1.70449e-06	1.07543e-06	7.53646e-07	5.8983e-07	4.74242e-07	3.3461e-07	2.09764e-07	1.55566e-07	9.61282e-08	7.71469e-08	5.1616e-08	3.25969e-08	3.16523e-08	1.80618e-08	9.25763e-09	3.8542e-09
4.36257e-06	1.6978e-06	1.04577e-06	7.35131e-07	5.65169e-07	4.57062e-07	3.21422e-07	1.97735e-07	1.47001e-07	8.7135e-08	7.03454e-08	5.09106e-08	2.34275e-08	2.15759e-08	9.08129e-09	5.40343e-09	1.58702e-09
4.42118e-06	1.68357e-06	1.02878e-06	7.06683e-07	5.44551e-07	4.34918e-07	3.01252e-07	1.85875e-07	1.38477e-07	8.18596e-08	6.7954e-08	4.93123e-08	2.24708e-08	2.25715e-08	1.05678e-08	7.50705e-09	4.16919e-09
4.49175e-06	1.68853e-06	1.01716e-06	6.88344e-07	5.27862e-07	4.16616e-07	2.86402e-07	1.72549e-07	1.24635e-07	6.99189e-08	5.49552e-08	3.49657e-08	1.5858e-08	1.78859e-08	1.44851e-09	6.09633e-09	5.27761e-09
4.59204e-06	1.71603e-06	1.02242e-06	6.81849e-07	5.19385e-07	4.06651e-07	2.78927e-07	1.66079e-07	1.23391e-07	7.40773e-08	5.96927e-08	3.96775e-08	1.87051e-08	1.80123e-08	1.66268e-09	1.13364e-10	-3.66545e-09
4.65901e-06	1.75249e-06	1.04189e-06	6.9143e-07	5.16463e-07	4.04625e-07	2.75683e-07	1.69564e-07	1.28426e-07	7.84714e-08	6.77776e-08	5.43002e-08	3.22828e-08	2.9411e-08	1.55431e-08	1.40694e-08	6.53718e-09
4.7542e-06	1.78504e-06	1.05931e-06	7.01436e-07	5.25545e-07	4.10946e-07	2.82554e-07	1.75929e-07	1.37309e-07	8.79078e-08	7.84356e-08	6.08011e-08	4.28266e-08	4.30281e-08	3.03817e-08	2.46127e-08	1.78738e-08
4.77061e-06	1.77316e-06	1.04999e-06	6.90251e-07	5.14989e-07	3.99635e-07	2.68019e-07	1.60537e-07	1.17433e-07	6.72755e-08	5.58005e-08	3.68182e-08	1.76345e-08	2.19045e-08	6.361e-09	1.23441e-09	-5.36592e-09
4.75147e-06	1.72606e-06	1.03682e-06	6.83285e-07	5.10493e-07	3.98136e-07	2.68132e-07	1.60965e-07	1.18038e-07	7.00592e-08	6.10782e-08	4.30281e-08	2.55322e-08	2.62124e-08	1.07192e-08	9.83751e-09	7.0034e-09
4.69692e-06	1.67887e-06	1.01614e-06	6.76828e-07	5.1402e-07	4.0093e-07	2.71779e-07	1.64282e-07	1.23784e-07	7.65229e-08	6.80833e-08	5.22245e-08	3.4577e-08	3.70837e-08	2.53691e-08	2.33537e-08	1.75719e-08
4.59082e-06	1.60784e-06	9.86471e-07	6.62337e-07	5.06815e-07	3.93933e-07	2.67522e-07	1.6269e-07	1.22569e-07	7.52923e-08	6.46856e-08	4.87252e-08	2.99053e-08	3.03084e-08	1.50408e-08	9.56112e-09	8.43999e-10
4.42033e-06	1.49675e-06	9.25818e-07	6.19542e-07	4.69604e-07	3.63276e-07	2.41806e-07	1.40655e-07	1.01252e-07	5.49593e-08	4.31562e-08	2.8078e-08	6.91558e-09	9.05701e-09	-3.37591e-09	-5.21503e-09	-7.45723e-09
4.26732e-06	1.39897e-06	8.81626e-07	5.94427e-07	4.55961e-07	3.5487e-07	2.40086e-07	1.40696e-07	1.03761e-07	6.10324e-08	5.2139e-08	3.7665e-08	2.03945e-08	2.45515e-08	1.14507e-08	1.30883e-08	5.24035e-09
4.05893e-06	1.28392e-06	8.13695e-07	5.61837e-07	4.28778e-07	3.35475e-07	2.28554e-07	1.35578e-07	1.00307e-07	5.57655e-08	4.95931e-08	3.80168e-08	2.17545e-08	2.59366e-08	1.0027e-08	9.81281e-09	3.7916e-09
3.819e-06	1.15966e-06	7.47562e-07	5.14424e-07	4.03253e-07	3.22869e-07	2.24346e-07	1.359e-07	9.77048e-08	5.56045e-08	4.43551e-08	3.01454e-08	1.45121e-08	1.82409e-08	6.86554e-09	1.31264e-08	9.29682e-09
3.59816e-06	1.04709e-06	6.81989e-07	4.70876e-07	3.73665e-07	2.97957e-07	2.07082e-07	1.2602e-07	9.28399e-08	5.04258e-08	4.17464e-08	2.89857e-08	1.09342e-08	1.4285e-08	8.26363e-09	7.60859e-09	1.99033e-09
3.40367e-06	9.64753e-07	6.39213e-07	4.55922e-07	3.69996e-07	2.993e-07	2.09645e-07	1.32851e-07	1.02517e-07	6.21551e-08	5.86531e-08	4.64841e-08	3.12287e-08	3.42773e-08	2.63284e-08	2.52576e-08	1.61246e-08
3.24464e-06	8.97344e-07	6.05301e-07	4.25903e-07	3.4562e-07	2.80215e-07	1.98383e-07	1.21879e-07	9.33713e-08	5.41936e-08	4.86004e-08	3.58772e-08	2.2461e-08	2.75251e-08	2.01305e-08	2.6467e-08	2.43254e-08
3.09807e-06	8.75888e-07	6.08604e-07	4.34429e-07	3.47997e-07	2.85739e-07	2.03968e-07	1.29957e-07	9.78962e-08	5.93348e-08	5.28975e-08	4.36382e-08	1.65911e-08	2.77148e-08	1.76871e-08	1.16402e-08	1.23457e-08
2.99373e-06	8.78534e-07	6.3448e-07	4.59688e-07	3.73671e-07	3.08277e-07	2.25485e-07	1.43273e-07	1.11527e-07	6.75233e-08	5.94986e-08	4.41799e-08	2.1227e-08	2.42504e-08	1.2585e-08	7.19325e-09	3.88007e-09
2.89403e-06	8.9104e-07	6.41878e-07	4.70748e-07	3.83217e-07	3.13525e-07	2.27368e-07	1.44385e-07	1.13281e-07	7.00698e-08	6.13268e-08	4.73935e-08	3.09784e-08	3.48207e-08	2.44778e-08	2.38353e-08	1.96528e-08
2.91272e-06	9.13903e-07	6.58474e-07	4.80649e-07	3.88707e-07	3.16607e-07	2.2789e-07	1.42537e-07	1.10865e-07	6.77157e-08	5.88087e-08	4.25821e-08	2.55619e-08	2.84595e-08	1.61258e-08	1.63274e-08	6.29913e-09
2.93732e-06	9.36328e-07	6.66083e-07	4.88019e-07	3.90231e-07	3.16267e-07	2.33081e-07	1.4294e-07	1.12717e-07	6.93409e-08	5.77379e-08	3.6346e-08	2.12533e-08	2.18328e-08	9.18414e-09	1.21825e-08	9.48649e-09
2.91103e-06	9.53184e-07	6.67788e-07	4.93575e-07	4.02096e-07	3.31318e-07	2.36992e-07	1.51851e-07	1.15327e-07	7.28702e-08	6.2615e-08	4.6325e-08	2.74649e-08	2.71248e-08	1.26994e-08	1.10868e-08	1.85199e-09
2.92944e-06	9.35772e-07	6.60052e-07	4.80938e-07	3.91186e-07	3.20357e-07	2.2908e-07	1.45929e-07	1.09633e-07	6.50843e-08	5.5081e-08	3.93454e-08	2.25263e-08	2.19593e-08	8.74342e-09	4.76226e-09	5.367e-09
2.93648e-06	9.15682e-07	6.45733e-07	4.72801e-07	3.82763e-07	3.12606e-07	2.24962e-07	1.42584e-07	1.07146e-07	6.52826e-08	5.49649e-08	3.98851e-08	2.35834e-08	2.46542e-08	1.03681e-08	1.17791e-08	5.68168e-09
2.99928e-06	9.18376e-07	6.50197e-07	4.77739e-07	3.89879e-07	3.17804e-07	2.30019e-07	1.49063e-07	1.14619e-07	7.35739e-08	6.32685e-08	4.75081e-08	3.46704e-08	4.06924e-08	2.9165e-08	1.78265e-08	1.16408e-08
3.00539e-06	9.43095e-07	6.47812e-07	4.69601e-07	3.79034e-07	3.04077e-07	2.17126e-07	1.36675e-07	1.01413e-07	6.0004e-08	4.75951e-08	3.35861e-08	1.91237e-08	1.87961e-08	6.22339e-09	3.19988e-09	-4.9258e-09
3.10076e-06	1.0181e-06	6.88679e-07	4.98362e-07	4.00338e-07	3.26728e-07	2.34952e-07	1.51238e-07	1.16153e-07	7.40507e-08	6.24354e-08	4.91194e-08	3.21626e-08	3.24397e-08	1.9804e-08	1.3568e-08	5.08957e-09
3.2185e-06	1.09814e-06	7.2687e-07	5.27867e-07	4.15226e-07	3.41804e-07	2.41761e-07	1.55815e-07	1.18751e-07	7.32967e-08	6.45409e-08	4.84907e-08	3.14957e-08	3.1987e-08	2.09635e-08	1.52313e-08	6.23614e-09
3.40691e-06	1.17455e-06	7.77048e-07	5.52258e-07	4.35988e-07	3.51013e-07	2.45288e-07	1.52363e-07	1.09126e-07	6.39992e-08	5.35174e-08	3.60814e-08	1.73982e-08	2.2047e-08	9.95263e-09	1.15148e-08	1.80155e-09
3.55852e-06	1.26666e-06	8.39078e-07	5.9803e-07	4.67143e-07	3.77819e-07	2.64218e-07	1.6353e-07	1.18704e-07	7.21773e-08	6.02086e-08	4.34021e-08	2.48318e-08	2.62806e-08	1.62774e-08	1.25356e-08	1.04064e-08
3.7191e-06	1.36271e-06	9.106e-07	6.55215e-07	5.20636e-07	4.23375e-07	2.97402e-07	1.89483e-07	1.43082e-07	9.45272e-08	8.18152e-08	6.24512e-08	4.36541e-08	4.09202e-08	3.52004e-08	9.51193e-09	5.61897e-09
3.82941e-06	1.43985e-06	9.56849e-07	6.91579e-07	5.42181e-07	4.33465e-07	3.01252e-07	1.85305e-07	1.35085e-07	8.53954e-08	7.15114e-08	5.07232e-08	3.24548e-08	3.06783e-08	1.48667e-08	9.70115e-09	6.50103e-09
4.01279e-06	1.54494e-06	1.04299e-06	7.48728e-07	5.88696e-07	4.66852e-07	3.26702e-07	2.04707e-07	1.50595e-07	1.00023e-07	8.40977e-08	6.21504e-08	4.57592e-08	4.50411e-08	2.97586e-08	2.31694e-08	1.23847e-08
4.10813e-06	1.63545e-06	1.10489e-06	7.93826e-07	6.21696e-07	4.97102e-07	3.49906e-07	2.13532e-07	1.56923e-07	1.03553e-07	8.6922e-08	6.11188e-08	4.19806e-08	3.85662e-08	2.12549e-08	1.50561e-08	5.68225e-09
4.19581e-06	1.69206e-06	1.15989e-06	8.27168e-07	6.5096e-07	5.21985e-07	3.66779e-07	2.3124e-07	1.7064e-07	1.12685e-07	9.34461e-08	6.79459e-08	4.71577e-08	4.19921e-08	2.77176e-08	2.39631e-08	1.55218e-08
4.20503e-06	1.74315e-06	1.19388e-06	8.66952e-07	6.84327e-07	5.51165e-07	3.91067e-07	2.48646e-07	1.83306e-07	1.19604e-07	9.83369e-08	7.09714e-08	4.87464e-08	4.508e-08	2.92302e-08	2.49339e-08	2.04233e-08
4.17985e-06	1.77499e-06	1.22657e-06	9.0407e-07	7.22011e-07	5.90185e-07	4.23309e-07	2.74436e-07	1.97757e-07	1.32506e-07	1.05632e-07	7.45496e-08	4.81416e-08	4.21066e-08	2.72143e-08	2.16077e-08	6.35001e-09
4.21849e-06	1.82625e-06	1.29282e-06	9.69133e-07	7.79053e-07	6.38021e-07	4.58537e-07	2.9901e-07	2.12745e-07	1.44875e-07	1.13075e-07	7.74077e-08	4.96775e-08	4.16268e-08	2.14559e-08	1.93645e-08	1.4325e-08
4.36869e-06	1.94354e-06	1.4053e-06	1.06293e-06	8.63475e-07	7.10974e-07	5.14099e-07	3.31385e-07	2.4285e-07	1.66738e-07	1.27706e-07	8.99836e-08	6.03125e-08	5.01071e-08	3.08933e-08	1.76641e-08	1.22338e-08
4.51004e-06	2.07621e-06	1.50849e-06	1.1519e-06	9.35303e-07	7.70795e-07	5.57893e-07	3.56873e-07	2.57289e-07	1.73945e-07	1.30931e-07	8.83709e-08	5.71627e-08	4.57604e-08	2.32078e-08	1.61396e-08	1.73869e-09
4.63699e-06	2.16823e-06	1.59132e-06	1.22252e-06	9.9743e-07	8.26677e-07	5.99267e-07	3.86912e-07	2.80149e-07	1.8785e-07	1.42242e-07	9.75029e-08	6.39016e-08	4.94885e-08	2.39631e-08	1.59124e-08	8.92002e-09
4.74807e-06	2.21378e-06	1.64212e-06	1.2678e-06	1.04246e-06	8.67056e-07	6.36219e-07	4.15008e-07	3.00572e-07	2.0729e-07	1.54526e-07	1.07544e-07	6.97853e-08	5.31422e-08	2.88515e-08	2.15945e-08	1.40226e-08
4.84553e-06	2.26501e-06	1.67634e-06	1.30235e-06	1.07768e-06	9.04974e-07	6.66289e-07	4.38905e-07	3.20091e-07	2.22558e-07	1.68053e-07	1.16999e-07	7.76509e-08	5.48458e-08	2.98483e-08	1.82567e-08	9.04647e-09
4.97275e-06	2.33812e-06	1.71751e-06	1.33713e-06	1.1044e-06	9.28823e-07	6.85508e-07	4.55145e-07	3.30734e-07	2.29859e-07	1.72794e-07	1.17771e-07	7.36335e-08	4.9971e-08	2.15961e-08	1.02563e-08	8.10171e-09
5.17412e-06	2.44451e-06	1.8032e-06	1.39529e-06	1.15046e-06	9.63185e-07	7.16492e-07	4.79186e-07	3.49969e-07	2.45231e-07	1.81013e-07	1.22679e-07	7.55953e-08	5.32443e-08	2.37369e-08	1.03692e-08	4.97669e-09
5.39635e-06	2.58277e-06	1.923e-06	1.48932e-06	1.22942e-06	1.03025e-06	7.69341e-07	5.19165e-07	3.82554e-07	2.74848e-07	2.00204e-07	1.39736e-07	9.12756e-08	6.84567e-08	3.93251e-08	3.34409e-08	2.34993e-08
5.60658e-06	2.72654e-06	2.04341e-06	1.59143e-06	1.31643e-06	1.10585e-06	8.26546e-07	5.57066e-07	4.11118e-07	2.90976e-07	2.19571e-07	1.51429e-07	1.00411e-07	7.60294e-08	4.37352e-08	2.87158e-08	1.71866e-08
5.81556e-06	2.84236e-06	2.16041e-06	1.69084e-06	1.40981e-06	1.18847e-06	8.91843e-07	6.0662e-07	4.47219e-07	3.21687e-07	2.44173e-07	1.6812e-07	1.15528e-07	8.43434e-08	4.68967e-08	3.04916e-08	2.15835e-08
6.01131e-06	2.93259e-06	2.2423e-06	1.76976e-06	1.48454e-06	1.25556e-06	9.51729e-07	6.52739e-07	4.82713e-07	3.47903e-07	2.62512e-07	1.82047e-07	1.19979e-07	8.38541e-08	4.58016e-08	2.6788e-08	1.5284e-08
6.22223e-06	3.01361e-06	2.31592e-06	1.83331e-06	1.55281e-06	1.32022e-06	1.01586e-06	7.06761e-07	5.28263e-07	3.90426e-07	2.9373e-07	2.08803e-07	1.43583e-07	1.03463e-07	5.90585e-08	3.54704e-08	1.52466e-08
6.41293e-06	3.06659e-06	2.35351e-06	1.86257e-06	1.58153e-06	1.35037e-06	1.04881e-06	7.39674e-07	5.56652e-07	4.13598e-07	3.11913e-07	2.21315e-07	1.51685e-07	1.05617e-07	6.00665e-08	3.71714e-08	1.61664e-08
6.58156e-06	3.11437e-06	2.38414e-06	1.8854e-06	1.59983e-06	1.36853e-06	1.06741e-06	7.58386e-07	5.73599e-07	4.28744e-07	3.22988e-07	2.27149e-07	1.5675e-07	1.08868e-07	5.82521e-08	3.39835e-08	1.6116e-08
6.73555e-06	3.18201e-06	2.41301e-06	1.90735e-06	1.61754e-06	1.38656e-06	1.08398e-06	7.79378e-07	5.94604e-07	4.4922e-07	3.39734e-07	2.42295e-07	1.69275e-07	1.18029e-07	6.30528e-08	3.59618e-08	1.66452e-08
6.91849e-06	3.25873e-06	2.46594e-06	1.93953e-06	1.64235e-06	1.40518e-06	1.09982e-06	7.94725e-07	6.11653e-07	4.66306e-07	3.54364e-07	2.54933e-07	1.77377e-07	1.22729e-07	6.83703e-08	4.17454e-08	2.35251e-08
7.09806e-06	3.31789e-06	2.51011e-06	1.9562e-06	1.65176e-06	1.40703e-06	1.09893e-06	7.93196e-07	6.15436e-07	4.69418e-07	3.59992e-07	2.6124e-07	1.80532e-07	1.27407e-07	7.07535e-08	3.813e-08	1.50454e-08
7.21675e-06	3.38547e-06	2.54064e-06	1.97474e-06	1.66334e-06	1.41515e-06	1.1034e-06	7.97014e-07	6.19015e-07	4.75706e-07	3.69708e-07	2.67692e-07	1.89075e-07	1.32901e-07	7.42944e-08	4.38004e-08	2.19758e-08
7.32223e-06	3.42856e-06	2.56351e-06	1.99199e-06	1.67294e-06	1.42122e-06	1.10472e-06	7.95642e-07	6.16765e-07	4.77746e-07	3.72814e-07	2.7582e-07	1.96204e-07	1.33966e-07	7.60245e-08	3.72247e-08	1.76168e-08
7.3624e-06	3.46925e-06	2.58469e-06	2.00418e-06	1.67524e-06	1.42559e-06	1.10551e-06	7.96013e-07	6.20694e-07	4.8227e-07	3.77555e-07	2.82001e-07	2.03773e-07	1.40843e-07	7.88956e-08	3.3456e-08	1.62807e-08
7.36616e-06	3.5036e-06	2.60141e-06	2.01996e-06	1.68569e-06	1.42869e-06	1.1047e-06	7.94717e-07	6.20523e-07	4.80934e-07	3.78305e-07	2.85594e-07	2.09542e-07	1.53351e-07	9.16148e-08	5.46664e-08	3.18951e-08
7.46121e-06	3.55768e-06	2.65631e-06	2.05747e-06	1.72053e-06	1.45495e-06	1.11817e-06	8.08229e-07	6.33661e-07	4.89553e-07	3.88809e-07	2.95186e-07	2.19824e-07	1.62747e-07	1.04449e-07	6.48393e-08	3.34089e-08
7.51536e-06	3.60775e-06	2.68857e-06	2.08077e-06	1.73533e-06	1.46495e-06	1.11971e-06	8.00436e-07	6.20684e-07	4.80378e-07	3.81497e-07	2.85993e-07	2.08373e-07	1.50489e-07	8.69209e-08	4.55966e-08	2.08071e-08
7.62139e-06	3.69616e-06	2.75752e-06	2.13457e-06	1.77848e-06	1.49899e-06	1.14842e-06	8.16169e-07	6.32426e-07	4.91745e-07	3.91519e-07	2.97051e-07	2.20958e-07	1.64663e-07	9.94329e-08	6.06553e-08	3.25142e-08
7.70984e-06	3.77486e-06	2.81163e-06	2.17482e-06	1.8091e-06	1.51956e-06	1.1556e-06	8.16925e-07	6.31682e-07	4.87574e-07	3.87297e-07	2.9351e-07	2.18399e-07	1.59193e-07	9.0586e-08	5.27788e-08	2.82798e-08
7.81232e-06	3.87064e-06	2.87721e-06	2.22483e-06	1.84556e-06	1.54788e-06	1.16892e-06	8.16942e-07	6.25315e-07	4.80341e-07	3.79108e-07	2.8453e-07	2.0922e-07	1.56568e-07	9.46038e-08	5.87887e-08	3.0182e-08
7.88877e-06	3.94207e-06	2.92545e-06	2.26032e-06	1.8665e-06	1.56203e-06	1.18377e-06	8.24986e-07	6.2517e-07	4.80478e-07	3.77892e-07	2.83674e-07	2.10856e-07	1.57332e-07	9.86414e-08	6.04804e-08	3.33468e-08
7.99146e-06	4.00188e-06	2.96606e-06	2.28704e-06	1.8849e-06	1.57505e-06	1.18551e-06	8.19244e-07	6.12917e-07	4.6707e-07	3.631e-07	2.68759e-07	2.00744e-07	1.46402e-07	8.67801e-08	5.00819e-08	2.77505e-08
8.05461e-06	4.08841e-06	3.02507e-06	2.33453e-06	1.92412e-06	1.61058e-06	1.21177e-06	8.37207e-07	6.31286e-07	4.79381e-07	3.73793e-07	2.78161e-07	2.07358e-07	1.52585e-07	9.27331e-08	5.32982e-08	2.39332e-08
8.11064e-06	4.16701e-06	3.09061e-06	2.38451e-06	1.96672e-06	1.64302e-06	1.23442e-06	8.52271e-07	6.40382e-07	4.83201e-07	3.73494e-07	2.79112e-07	2.03685e-07	1.48825e-07	9.03867e-08	4.93774e-08	2.48904e-08
8.24921e-06	4.26796e-06	3.15437e-06	2.43723e-06	2.00731e-06	1.67654e-06	1.25768e-06	8.63009e-07	6.42411e-07	4.85129e-07	3.73192e-07	2.73668e-07	1.98934e-07	1.44477e-07	8.66436e-08	4.58109e-08	2.32268e-08
8.37665e-06	4.35e-06	3.20498e-06	2.47644e-06	2.03497e-06	1.69498e-06	1.26725e-06	8.62841e-07	6.35785e-07	4.76836e-07	3.60951e-07	2.5782e-07	1.8132e-07	1.25992e-07	6.66952e-08	2.82812e-08	6.88125e-09
8.53003e-06	4.41687e-06	3.27155e-06	2.5276e-06	2.08212e-06	1.73837e-06	1.29471e-06	8.88466e-07	6.5955e-07	4.92338e-07	3.69675e-07	2.69244e-07	1.95317e-07	1.48548e-07	9.31466e-08	5.70273e-08	3.18092e-08
8.69174e-06	4.51903e-06	3.33809e-06	2.57769e-06	2.12359e-06	1.77354e-06	1.3232e-06	9.00474e-07	6.64079e-07	4.93988e-07	3.72747e-07	2.68016e-07	1.93532e-07	1.40839e-07	8.58644e-08	4.44761e-08	2.21309e-08
8.88455e-06	4.61192e-06	3.40786e-06	2.6248e-06	2.16256e-06	1.80011e-06	1.33962e-06	9.06874e-07	6.6712e-07	4.90295e-07	3.67577e-07	2.62137e-07	1.84853e-07	1.27571e-07	7.65023e-08	4.63047e-08	3.1647e-08
9.06222e-06	4.73595e-06	3.49253e-06	2.69541e-06	2.21741e-06	1.85149e-06	1.381e-06	9.38294e-07	6.9152e-07	5.12805e-07	3.89002e-07	2.80513e-07	2.01981e-07	1.44132e-07	8.78831e-08	5.11948e-08	2.59125e-08
9.18207e-06	4.83438e-06	3.56469e-06	2.75272e-06	2.26362e-06	1.88873e-06	1.40894e-06	9.57728e-07	7.02863e-07	5.24337e-07	3.99312e-07	2.90394e-07	2.08951e-07	1.5095e-07	9.4941e-08	5.30601e-08	2.22575e-08
9.21093e-06	4.87049e-06	3.58497e-06	2.77058e-06	2.27579e-06	1.8963e-06	1.41044e-06	9.52674e-07	6.96776e-07	5.153e-07	3.85448e-07	2.75345e-07	1.95932e-07	1.42002e-07	8.29678e-08	4.63173e-08	2.43875e-08
9.19007e-06	4.89966e-06	3.59885e-06	2.79017e-06	2.29218e-06	1.91157e-06	1.42273e-06	9.60211e-07	7.02069e-07	5.23783e-07	3.90616e-07	2.80853e-07	2.01717e-07	1.45354e-07	8.59044e-08	4.90144e-08	2.31145e-08
9.10609e-06	4.87748e-06	3.58395e-06	2.77705e-06	2.28127e-06	1.90408e-06	1.41226e-06	9.54187e-07	6.94659e-07	5.13939e-07	3.81125e-07	2.72598e-07	1.91999e-07	1.36305e-07	8.29804e-08	5.18628e-08	3.28821e-08
9.05524e-06	4.85628e-06	3.58277e-06	2.773e-06	2.28152e-06	1.90704e-06	1.42314e-06	9.64043e-07	7.04729e-07	5.25396e-07	3.91863e-07	2.82113e-07	2.05611e-07	1.50547e-07	9.68315e-08	6.31554e-08	4.00912e-08
9.02666e-06	4.85269e-06	3.56538e-06	2.77934e-06	2.28734e-06	1.90643e-06	1.42726e-06	9.61912e-07	7.1372e-07	5.29808e-07	3.97961e-07	2.82826e-07	2.04368e-07	1.46203e-07	9.57879e-08	6.2426e-08	2.33672e-08
8.9892e-06	4.85789e-06	3.55078e-06	2.76054e-06	2.26534e-06	1.8893e-06	1.40552e-06	9.43914e-07	6.90946e-07	5.0605e-07	3.78097e-07	2.60732e-07	1.79161e-07	1.23075e-07	7.53825e-08	4.73772e-08	2.48922e-08
9.14351e-06	4.95408e-06	3.62607e-06	2.81076e-06	2.31123e-06	1.93658e-06	1.44416e-06	9.7909e-07	7.16108e-07	5.30955e-07	3.924e-07	2.78296e-07	1.94996e-07	1.39123e-07	8.65768e-08	5.48399e-08	3.14974e-08
9.47014e-06	5.13559e-06	3.74671e-06	2.90377e-06	2.38637e-06	1.99516e-06	1.48413e-06	1.00595e-06	7.33137e-07	5.41478e-07	4.00408e-07	2.81571e-07	1.98162e-07	1.40389e-07	8.86645e-08	6.0181e-08	4.18809e-08
1.01072e-05	5.45422e-06	3.96494e-06	3.06028e-06	2.51018e-06	2.09439e-06	1.55819e-06	1.05277e-06	7.66164e-07	5.64279e-07	4.15871e-07	2.9214e-07	2.06385e-07	1.42119e-07	8.3285e-08	4.97593e-08	2.9669e-08
1.10557e-05	5.94619e-06	4.27985e-06	3.28788e-06	2.68575e-06	2.23545e-06	1.65422e-06	1.11561e-06	8.0666e-07	5.9115e-07	4.34209e-07	3.10176e-07	2.18106e-07	1.57571e-07	9.15278e-08	5.87079e-08	2.93665e-08
1.22946e-05	6.54221e-06	4.65455e-06	3.54323e-06	2.87938e-06	2.38514e-06	1.75576e-06	1.1687e-06	8.32619e-07	6.05256e-07	4.38984e-07	3.00983e-07	2.0639e-07	1.45261e-07	8.64255e-08	5.45248e-08	3.71313e-08
1.36853e-05	7.20848e-06	5.06762e-06	3.82688e-06	3.09427e-06	2.55125e-06	1.86909e-06	1.23276e-06	8.80599e-07	6.44559e-07	4.67531e-07	3.24813e-07	2.2694e-07	1.56331e-07	9.51121e-08	6.03872e-08	3.76617e-08
1.47851e-05	7.7876e-06	5.43157e-06	4.08325e-06	3.29043e-06	2.70554e-06	1.97489e-06	1.30224e-06	9.29958e-07	6.798e-07	4.93963e-07	3.4711e-07	2.4291e-07	1.69956e-07	1.03053e-07	6.17611e-08	3.625e-08
1.52719e-05	8.13177e-06	5.66974e-06	4.25898e-06	3.42457e-06	2.81209e-06	2.04504e-06	1.33876e-06	9.49933e-07	6.87536e-07	4.91832e-07	3.40031e-07	2.35876e-07	1.60877e-07	9.70706e-08	5.91424e-08	3.82182e-08
1.53124e-05	8.25523e-06	5.77973e-06	4.35346e-06	3.50033e-06	2.87385e-06	2.08698e-06	1.36974e-06	9.72282e-07	7.03249e-07	5.04727e-07	3.47232e-07	2.38063e-07	1.596e-07	9.22784e-08	5.15907e-08	3.02007e-08
1.50261e-05	8.1788e-06	5.76294e-06	4.35355e-06	3.50789e-06	2.8853e-06	2.10261e-06	1.38402e-06	9.84131e-07	7.16731e-07	5.18491e-07	3.59777e-07	2.49616e-07	1.73864e-07	1.04893e-07	6.66641e-08	3.73465e-08
1.46616e-05	8.02738e-06	5.67321e-06	4.29962e-06	3.47375e-06	2.86062e-06	2.08938e-06	1.37905e-06	9.84207e-07	7.1697e-07	5.17268e-07	3.56008e-07	2.42834e-07	1.61423e-07	9.3108e-08	4.93836e-08	2.50321e-08
1.43357e-05	7.88159e-06	5.58179e-06	4.23782e-06	3.4254e-06	2.82377e-06	2.06723e-06	1.37018e-06	9.79506e-07	7.16549e-07	5.16461e-07	3.57525e-07	2.47807e-07	1.66978e-07	9.89161e-08	5.79027e-08	3.21276e-08
1.40674e-05	7.78725e-06	5.54652e-06	4.22124e-06	3.41792e-06	2.82354e-06	2.07234e-06	1.37838e-06	9.90055e-07	7.27155e-07	5.28234e-07	3.68134e-07	2.57821e-07	1.7888e-07	1.10804e-07	7.23235e-08	4.72157e-08
1.39895e-05	7.8329e-06	5.59745e-06	4.27157e-06	3.46204e-06	2.86331e-06	2.10558e-06	1.40601e-06	1.01171e-06	7.41064e-07	5.36073e-07	3.7062e-07	2.57827e-07	1.7551e-07	1.03832e-07	6.37888e-08	4.02445e-08
1.41997e-05	8.02988e-06	5.75461e-06	4.39603e-06	3.56365e-06	2.94951e-06	2.16736e-06	1.44077e-06	1.03306e-06	7.50586e-07	5.38859e-07	3.65134e-07	2.4707e-07	1.61247e-07	8.63016e-08	4.51234e-08	1.72679e-08
1.47254e-05	8.41994e-06	6.06354e-06	4.64364e-06	3.77014e-06	3.12394e-06	2.30144e-06	1.53703e-06	1.10533e-06	8.09196e-07	5.84726e-07	4.02745e-07	2.80345e-07	1.91661e-07	1.11145e-07	6.26686e-08	2.85109e-08
1.53476e-05	8.81704e-06	6.37021e-06	4.88492e-06	3.96793e-06	3.28635e-06	2.41849e-06	1.61522e-06	1.15742e-06	8.49665e-07	6.1111e-07	4.21624e-07	2.90297e-07	2.02506e-07	1.20677e-07	7.05859e-08	4.03474e-08
1.5937e-05	9.20723e-06	6.66435e-06	5.11676e-06	4.15552e-06	3.44025e-06	2.52875e-06	1.68317e-06	1.20248e-06	8.77168e-07	6.27508e-07	4.24738e-07	2.90511e-07	1.8888e-07	1.07744e-07	5.86997e-08	3.57719e-08
1.66889e-05	9.68229e-06	7.00977e-06	5.38286e-06	4.37056e-06	3.61769e-06	2.65786e-06	1.77109e-06	1.2688e-06	9.31782e-07	6.70469e-07	4.5795e-07	3.17102e-07	2.15481e-07	1.27814e-07	7.868e-08	4.69534e-08
1.746e-05	1.01255e-05	7.33458e-06	5.62296e-06	4.56161e-06	3.77142e-06	2.76552e-06	1.83728e-06	1.31605e-06	9.66672e-07	6.97272e-07	4.78155e-07	3.28569e-07	2.20088e-07	1.29645e-07	8.26653e-08	5.53245e-08
1.806e-05	1.05212e-05	7.60146e-06	5.83165e-06	4.72514e-06	3.90555e-06	2.85976e-06	1.89697e-06	1.35064e-06	9.89462e-07	7.0696e-07	4.8074e-07	3.25926e-07	2.06645e-07	1.10205e-07	5.37222e-08	2.66216e-08
1.86481e-05	1.08676e-05	7.87792e-06	6.04914e-06	4.9087e-06	4.05776e-06	2.97362e-06	1.97533e-06	1.41151e-06	1.02889e-06	7.38176e-07	5.02735e-07	3.41867e-07	2.20441e-07	1.18351e-07	6.07321e-08	2.4429e-08
1.91408e-05	1.1291e-05	8.20368e-06	6.3115e-06	5.12052e-06	4.23434e-06	3.10372e-06	2.06151e-06	1.47122e-06	1.08322e-06	7.79837e-07	5.34488e-07	3.67015e-07	2.39424e-07	1.37662e-07	7.51903e-08	3.76645e-08
1.98703e-05	1.18523e-05	8.62561e-06	6.64942e-06	5.39851e-06	4.47008e-06	3.27978e-06	2.18023e-06	1.55424e-06	1.14242e-06	8.19245e-07	5.61764e-07	3.83896e-07	2.50561e-07	1.41642e-07	7.40162e-08	3.55459e-08
2.1176e-05	1.28163e-05	9.3652e-06	7.23459e-06	5.87719e-06	4.86695e-06	3.56751e-06	2.36309e-06	1.67794e-06	1.2277e-06	8.69047e-07	5.94424e-07	4.0453e-07	2.59006e-07	1.40696e-07	7.28313e-08	3.6819e-08
2.33729e-05	1.4568e-05	1.07035e-05	8.2788e-06	6.70797e-06	5.53871e-06	4.03396e-06	2.64512e-06	1.86195e-06	1.35337e-06	9.64e-07	6.51751e-07	4.46278e-07	2.89737e-07	1.63133e-07	9.1348e-08	5.12517e-08
2.64277e-05	1.68717e-05	1.24166e-05	9.58295e-06	7.72802e-06	6.35298e-06	4.58347e-06	2.96863e-06	2.06566e-06	1.4899e-06	1.04071e-06	6.92422e-07	4.66043e-07	2.99322e-07	1.69305e-07	9.61732e-08	5.33932e-08
3.01088e-05	1.94809e-05	1.42701e-05	1.09611e-05	8.7918e-06	7.19641e-06	5.15758e-06	3.31753e-06	2.29667e-06	1.65394e-06	1.15124e-06	7.66165e-07	5.16348e-07	3.2809e-07	1.8212e-07	9.82001e-08	5.12869e-08
3.27389e-05	2.1491e-05	1.58285e-05	1.22016e-05	9.8054e-06	8.04218e-06	5.78118e-06	3.7343e-06	2.59493e-06	1.8749e-06	1.31139e-06	8.79245e-07	5.96491e-07	3.80808e-07	2.11044e-07	1.15865e-07	6.17894e-08
3.32125e-05	2.21082e-05	1.65812e-05	1.29894e-05	1.05815e-05	8.77817e-06	6.41584e-06	4.22808e-06	2.9792e-06	2.18071e-06	1.54051e-06	1.04201e-06	7.11329e-07	4.54775e-07	2.48866e-07	1.21685e-07	5.16789e-08
3.2929e-05	2.20916e-05	1.68283e-05	1.33878e-05	1.1064e-05	9.2998e-06	6.94437e-06	4.70863e-06	3.39151e-06	2.5284e-06	1.81969e-06	1.25451e-06	8.71792e-07	5.68951e-07	3.2664e-07	1.68217e-07	7.75097e-08
3.39326e-05	2.2974e-05	1.76718e-05	1.42057e-05	1.18631e-05	1.00723e-05	7.65682e-06	5.31904e-06	3.90392e-06	2.95196e-06	2.14807e-06	1.4957e-06	1.04547e-06	6.79045e-07	3.80124e-07	1.8947e-07	8.17073e-08
3.68824e-05	2.56578e-05	1.99841e-05	1.62373e-05	1.36723e-05	1.17026e-05	9.01321e-06	6.37035e-06	4.73607e-06	3.62345e-06	2.66395e-06	1.87481e-06	1.32468e-06	8.68694e-07	4.9463e-07	2.52515e-07	1.1323e-07
3.92894e-05	2.84041e-05	2.2653e-05	1.87508e-05	1.6008e-05	1.38692e-05	1.08731e-05	7.85002e-06	5.92642e-06	4.59325e-06	3.41769e-06	2.43879e-06	1.7446e-06	1.15641e-06	6.72238e-07	3.4943e-07	1.5541e-07
3.96936e-05	2.97185e-05	2.43649e-05	2.063e-05	1.79395e-05	1.57981e-05	1.27089e-05	9.48753e-06	7.35304e-06	5.82597e-06	4.43424e-06	3.23911e-06	2.36941e-06	1.60375e-06	9.57861e-07	5.10702e-07	2.3268e-07
3.80383e-05	2.91736e-05	2.4423e-05	2.10475e-05	1.85653e-05	1.6575e-05	1.36363e-05	1.05021e-05	8.36938e-06	6.80079e-06	5.32532e-06	4.01765e-06	3.03043e-06	2.12159e-06	1.31545e-06	7.23675e-07	3.33539e-07
3.63503e-05	2.83061e-05	2.3924e-05	2.07745e-05	1.84389e-05	1.65424e-05	1.37371e-05	1.07358e-05	8.68465e-06	7.16954e-06	5.73913e-06	4.45147e-06	3.45765e-06	2.51597e-06	1.64151e-06	9.55843e-07	4.67805e-07
3.60813e-05	2.82179e-05	2.38552e-05	2.07152e-05	1.8377e-05	1.64782e-05	1.36713e-05	1.0679e-05	8.65125e-06	7.16117e-06	5.76718e-06	4.52116e-06	3.55931e-06	2.64857e-06	1.79126e-06	1.0973e-06	5.73047e-07
3.70394e-05	2.88136e-05	2.42315e-05	2.09488e-05	1.85162e-05	1.6552e-05	1.36703e-05	1.06051e-05	8.55077e-06	7.0497e-06	5.65368e-06	4.41857e-06	3.47903e-06	2.59237e-06	1.77e-06	1.10961e-06	6.08614e-07
3.85817e-05	2.98678e-05	2.50174e-05	2.1545e-05	1.89858e-05	1.69266e-05	1.39136e-05	1.0738e-05	8.61808e-06	7.07709e-06	5.65201e-06	4.3973e-06	3.44581e-06	2.55947e-06	1.74356e-06	1.10105e-06	6.21899e-07
4.11521e-05	3.19418e-05	2.67274e-05	2.30052e-05	2.02494e-05	1.80356e-05	1.47932e-05	1.13817e-05	9.10919e-06	7.45901e-06	5.93853e-06	4.60095e-06	3.58739e-06	2.64779e-06	1.78743e-06	1.11442e-06	6.19791e-07
4.43925e-05	3.45518e-05	2.89882e-05	2.49831e-05	2.20126e-05	1.96137e-05	1.60922e-05	1.23785e-05	9.8981e-06	8.09981e-06	6.44027e-06	4.98003e-06	3.87308e-06	2.84729e-06	1.90933e-06	1.17817e-06	6.47742e-07
4.65341e-05	3.638e-05	3.06248e-05	2.64825e-05	2.3396e-05	2.08991e-05	1.72094e-05	1.32949e-05	1.06621e-05	8.74723e-06	6.9716e-06	5.40087e-06	4.20689e-06	3.09375e-06	2.0739e-06	1.2751e-06	6.93251e-07
4.63165e-05	3.62771e-05	3.06447e-05	2.65976e-05	2.35807e-05	2.11371e-05	1.75066e-05	1.36264e-05	1.09939e-05	9.06202e-06	7.25682e-06	5.65133e-06	4.41996e-06	3.26176e-06	2.19415e-06	1.34934e-06	7.34609e-07
4.40593e-05	3.45881e-05	2.93475e-05	2.55871e-05	2.27847e-05	2.04991e-05	1.70897e-05	1.34194e-05	1.09053e-05	9.04295e-06	7.29032e-06	5.71865e-06	4.50025e-06	3.3469e-06	2.26709e-06	1.40585e-06	7.63122e-07
4.04637e-05	3.1902e-05	2.7201e-05	2.38365e-05	2.13242e-05	1.92706e-05	1.61827e-05	1.28291e-05	1.05073e-05	8.77375e-06	7.12414e-06	5.62696e-06	4.45927e-06	3.34076e-06	2.27921e-06	1.42052e-06	7.81047e-07
3.65113e-05	2.89077e-05	2.47805e-05	2.18304e-05	1.96225e-05	1.78121e-05	1.50772e-05	1.20771e-05	9.97881e-06	8.39062e-06	6.86912e-06	5.47256e-06	4.37043e-06	3.30265e-06	2.27739e-06	1.44112e-06	8.00131e-07
3.31018e-05	2.62925e-05	2.26548e-05	2.00512e-05	1.81054e-05	1.65085e-05	1.40822e-05	1.13981e-05	9.49914e-06	8.04465e-06	6.63638e-06	5.3304e-06	4.28741e-06	3.26373e-06	2.27204e-06	1.45071e-06	8.09719e-07
3.09414e-05	2.46142e-05	2.12894e-05	1.89123e-05	1.71422e-05	1.56884e-05	1.3472e-05	1.10057e-05	9.24261e-06	7.88001e-06	6.54712e-06	5.29492e-06	4.28506e-06	3.28347e-06	2.30218e-06	1.48026e-06	8.3098e-07
3.07039e-05	2.44147e-05	2.11207e-05	1.87744e-05	1.70264e-05	1.559e-05	1.3395e-05	1.09344e-05	9.16804e-06	7.79949e-06	6.45602e-06	5.19791e-06	4.1854e-06	3.1885e-06	2.22049e-06	1.41148e-06	7.7947e-07
3.13253e-05	2.45629e-05	2.10699e-05	1.857e-05	1.67172e-05	1.51952e-05	1.28912e-05	1.03473e-05	8.5557e-06	7.18977e-06	5.87889e-06	4.67607e-06	3.7302e-06	2.81371e-06	1.93611e-06	1.21059e-06	6.49595e-07
3.0366e-05	2.32459e-05	1.96076e-05	1.70516e-05	1.51847e-05	1.36743e-05	1.14424e-05	9.04136e-06	7.39637e-06	6.16989e-06	5.01084e-06	3.95673e-06	3.13296e-06	2.34098e-06	1.5869e-06	9.73958e-07	5.14849e-07
2.87867e-05	2.14953e-05	1.79083e-05	1.54204e-05	1.36402e-05	1.22132e-05	1.01419e-05	7.9489e-06	6.46551e-06	5.36524e-06	4.33299e-06	3.39538e-06	2.66427e-06	1.96776e-06	1.31256e-06	7.91307e-07	4.11738e-07
2.79666e-05	2.05522e-05	1.69838e-05	1.45357e-05	1.28072e-05	1.14299e-05	9.44308e-06	7.35243e-06	5.94872e-06	4.90694e-06	3.93133e-06	3.05016e-06	2.3681e-06	1.72447e-06	1.12683e-06	6.6157e-07	3.28636e-07
2.79274e-05	2.03637e-05	1.67716e-05	1.43266e-05	1.26061e-05	1.12361e-05	9.26463e-06	7.18868e-06	5.78586e-06	4.74547e-06	3.76947e-06	2.89285e-06	2.21799e-06	1.58833e-06	1.01266e-06	5.77197e-07	2.78016e-07
2.86031e-05	2.07741e-05	1.71069e-05	1.46044e-05	1.28474e-05	1.14425e-05	9.4138e-06	7.26511e-06	5.81048e-06	4.73068e-06	3.71908e-06	2.81151e-06	2.12743e-06	1.49395e-06	9.27682e-07	5.13501e-07	2.4296e-07
2.97603e-05	2.16395e-05	1.78095e-05	1.51891e-05	1.33417e-05	1.18611e-05	9.71346e-06	7.43424e-06	5.88901e-06	4.74607e-06	3.68311e-06	2.74733e-06	2.03948e-06	1.40253e-06	8.48351e-07	4.5448e-07	2.0719e-07
3.0669e-05	2.22442e-05	1.82406e-05	1.55012e-05	1.357e-05	1.20262e-05	9.77848e-06	7.39585e-06	5.78589e-06	4.60953e-06	3.52492e-06	2.58189e-06	1.88647e-06	1.27403e-06	7.56196e-07	4.02773e-07	1.86336e-07
3.06359e-05	2.2062e-05	1.80007e-05	1.52279e-05	1.32707e-05	1.17068e-05	9.44198e-06	7.04524e-06	5.44603e-06	4.2926e-06	3.24525e-06	2.3481e-06	1.70139e-06	1.14138e-06	6.76016e-07	3.62029e-07	1.62704e-07
2.92907e-05	2.085e-05	1.6905e-05	1.42227e-05	1.23324e-05	1.08197e-05	8.63772e-06	6.35463e-06	4.85337e-06	3.78476e-06	2.83095e-06	2.02582e-06	1.45327e-06	9.64641e-07	5.67881e-07	3.03668e-07	1.39985e-07
2.74115e-05	1.93251e-05	1.55899e-05	1.30447e-05	1.12534e-05	9.82142e-06	7.76955e-06	5.64656e-06	4.27169e-06	3.30513e-06	2.45439e-06	1.74449e-06	1.24542e-06	8.25131e-07	4.83839e-07	2.59101e-07	1.22668e-07
2.64e-05	1.85004e-05	1.48366e-05	1.23332e-05	1.05739e-05	9.1716e-06	7.18015e-06	5.14527e-06	3.85169e-06	2.95723e-06	2.18049e-06	1.54064e-06	1.09622e-06	7.2591e-07	4.27151e-07	2.27385e-07	1.07415e-07
2.63786e-05	1.83974e-05	1.46127e-05	1.20329e-05	1.02185e-05	8.78586e-06	6.78006e-06	4.7694e-06	3.51795e-06	2.66735e-06	1.94475e-06	1.35941e-06	9.59348e-07	6.33742e-07	3.7367e-07	2.03272e-07	9.65436e-08
2.69737e-05	1.8758e-05	1.47298e-05	1.19888e-05	1.00696e-05	8.56802e-06	6.49376e-06	4.46135e-06	3.23217e-06	2.41881e-06	1.74394e-06	1.2108e-06	8.52754e-07	5.68083e-07	3.40187e-07	1.93017e-07	9.82982e-08
2.71877e-05	1.88938e-05	1.46615e-05	1.17807e-05	9.7711e-06	8.21935e-06	6.11152e-06	4.09898e-06	2.91944e-06	2.15805e-06	1.54319e-06	1.06552e-06	7.48985e-07	5.00643e-07	3.0092e-07	1.68259e-07	8.36632e-08
2.58405e-05	1.77294e-05	1.35986e-05	1.08105e-05	8.88562e-06	7.41758e-06	5.45567e-06	3.61805e-06	2.56346e-06	1.88864e-06	1.35362e-06	9.37086e-07	6.60318e-07	4.44258e-07	2.6715e-07	1.50221e-07	6.88642e-08
2.33343e-05	1.55788e-05	1.18203e-05	9.32781e-06	7.64074e-06	6.36615e-06	4.6856e-06	3.12403e-06	2.23182e-06	1.65718e-06	1.19982e-06	8.42834e-07	5.94038e-07	4.0324e-07	2.44346e-07	1.40905e-07	6.84483e-08
2.05424e-05	1.32622e-05	9.9534e-06	7.81403e-06	6.40105e-06	5.34292e-06	3.96144e-06	2.67643e-06	1.93903e-06	1.45747e-06	1.06817e-06	7.5815e-07	5.47359e-07	3.77171e-07	2.31892e-07	1.31262e-07	6.43388e-08
1.81987e-05	1.13275e-05	8.41515e-06	6.57343e-06	5.38985e-06	4.50742e-06	3.36561e-06	2.30434e-06	1.69291e-06	1.28504e-06	9.54152e-07	6.84714e-07	4.9613e-07	3.44141e-07	2.10191e-07	1.18521e-07	5.62979e-08
1.68654e-05	1.01777e-05	7.4578e-06	5.77783e-06	4.72407e-06	3.9479e-06	2.95248e-06	2.03211e-06	1.50537e-06	1.15253e-06	8.72164e-07	6.29198e-07	4.5927e-07	3.2948e-07	2.10128e-07	1.25517e-07	6.46178e-08
1.63126e-05	9.57705e-06	6.91071e-06	5.29536e-06	4.30298e-06	3.57961e-06	2.67117e-06	1.83972e-06	1.36868e-06	1.06183e-06	8.07037e-07	5.91433e-07	4.37032e-07	3.11764e-07	1.97148e-07	1.08048e-07	5.8102e-08
1.6223e-05	9.34757e-06	6.64501e-06	5.04357e-06	4.07294e-06	3.37392e-06	2.51346e-06	1.74128e-06	1.30601e-06	1.01026e-06	7.70434e-07	5.68753e-07	4.21339e-07	2.99932e-07	1.90223e-07	1.08638e-07	5.3033e-08
1.6295e-05	9.39193e-06	6.60584e-06	4.97587e-06	3.99963e-06	3.29973e-06	2.45013e-06	1.69866e-06	1.27672e-06	9.8907e-07	7.52389e-07	5.58833e-07	4.1192e-07	2.94153e-07	1.88375e-07	1.14515e-07	5.91231e-08
1.57837e-05	9.17853e-06	6.50009e-06	4.91873e-06	3.96706e-06	3.28935e-06	2.45453e-06	1.70064e-06	1.27184e-06	9.85466e-07	7.43035e-07	5.4354e-07	3.97239e-07	2.78155e-07	1.74688e-07	1.01286e-07	5.25778e-08
1.49179e-05	8.81316e-06	6.34326e-06	4.8701e-06	3.96878e-06	3.31336e-06	2.49535e-06	1.73771e-06	1.3038e-06	1.00469e-06	7.619e-07	5.57281e-07	4.07284e-07	2.8212e-07	1.72978e-07	9.81621e-08	4.8873e-08
1.42013e-05	8.51163e-06	6.25611e-06	4.8735e-06	4.01395e-06	3.37548e-06	2.56203e-06	1.79749e-06	1.35183e-06	1.04039e-06	7.83499e-07	5.68877e-07	4.12996e-07	2.87294e-07	1.72936e-07	1.0387e-07	5.26787e-08
1.35612e-05	8.32569e-06	6.22505e-06	4.91835e-06	4.08647e-06	3.46552e-06	2.64702e-06	1.86496e-06	1.3965e-06	1.07185e-06	8.00013e-07	5.73377e-07	4.08887e-07	2.78596e-07	1.66066e-07	9.07727e-08	4.8834e-08
1.32718e-05	8.31883e-06	6.32143e-06	5.05282e-06	4.23242e-06	3.61126e-06	2.77505e-06	1.95942e-06	1.46244e-06	1.11717e-06	8.30821e-07	5.90962e-07	4.20673e-07	2.83701e-07	1.6541e-07	9.22476e-08	4.61994e-08
1.32501e-05	8.47054e-06	6.5323e-06	5.26667e-06	4.43576e-06	3.79487e-06	2.92364e-06	2.06033e-06	1.53053e-06	1.16039e-06	8.54204e-07	5.98538e-07	4.19967e-07	2.77386e-07	1.59145e-07	8.99786e-08	4.67667e-08
1.34463e-05	8.79418e-06	6.86118e-06	5.57677e-06	4.71025e-06	4.03704e-06	3.11014e-06	2.18488e-06	1.61744e-06	1.21225e-06	8.82778e-07	6.18584e-07	4.30932e-07	2.83557e-07	1.62074e-07	9.36492e-08	5.01336e-08
1.40956e-05	9.36163e-06	7.35952e-06	5.99496e-06	5.06067e-06	4.32758e-06	3.31191e-06	2.30176e-06	1.67643e-06	1.25717e-06	9.15707e-07	6.34048e-07	4.41485e-07	2.93105e-07	1.72028e-07	9.75293e-08	4.78508e-08
1.50756e-05	1.00896e-05	7.89251e-06	6.38215e-06	5.34256e-06	4.53232e-06	3.42033e-06	2.33498e-06	1.67312e-06	1.24404e-06	8.90974e-07	6.09303e-07	4.15253e-07	2.72104e-07	1.58086e-07	8.85541e-08	4.80903e-08
1.63961e-05	1.08627e-05	8.33915e-06	6.62564e-06	5.46187e-06	4.57115e-06	3.38658e-06	2.2646e-06	1.61284e-06	1.18149e-06	8.39741e-07	5.67946e-07	3.84694e-07	2.51639e-07	1.43228e-07	8.33375e-08	5.08017e-08
1.7559e-05	1.13089e-05	8.46598e-06	6.58615e-06	5.34528e-06	4.41776e-06	3.22038e-06	2.12317e-06	1.50267e-06	1.09877e-06	7.81641e-07	5.32725e-07	3.65709e-07	2.38541e-07	1.36799e-07	8.0955e-08	4.38685e-08
1.79623e-05	1.11414e-05	8.18212e-06	6.28781e-06	5.07143e-06	4.17084e-06	3.0209e-06	1.97851e-06	1.39625e-06	1.01897e-06	7.22651e-07	4.91856e-07	3.28972e-07	2.11015e-07	1.1546e-07	5.73961e-08	2.69016e-08
1.71784e-05	1.02515e-05	7.48408e-06	5.74514e-06	4.65083e-06	3.83308e-06	2.79003e-06	1.83461e-06	1.29608e-06	9.49348e-07	6.71974e-07	4.57303e-07	3.10957e-07	2.04927e-07	1.16418e-07	6.42034e-08	3.67219e-08
1.5539e-05	8.96362e-06	6.54316e-06	5.03149e-06	4.09713e-06	3.39091e-06	2.49009e-06	1.65322e-06	1.17823e-06	8.65583e-07	6.22101e-07	4.26961e-07	2.96692e-07	2.00661e-07	1.20109e-07	7.42487e-08	4.56837e-08
1.3794e-05	7.7298e-06	5.64507e-06	4.33859e-06	3.54212e-06	2.93667e-06	2.16839e-06	1.44806e-06	1.04064e-06	7.6676e-07	5.53476e-07	3.90213e-07	2.69975e-07	1.87253e-07	1.15624e-07	7.01409e-08	3.92305e-08
1.23102e-05	6.78435e-06	4.94054e-06	3.78958e-06	3.09351e-06	2.56583e-06	1.8971e-06	1.27317e-06	9.18049e-07	6.77604e-07	4.8844e-07	3.46095e-07	2.43495e-07	1.67179e-07	1.01137e-07	5.8983e-08	3.35821e-08
1.10708e-05	6.05723e-06	4.4176e-06	3.38303e-06	2.75773e-06	2.2851e-06	1.68997e-06	1.13375e-06	8.2032e-07	6.04702e-07	4.4025e-07	3.05635e-07	2.14307e-07	1.44762e-07	8.62977e-08	5.14559e-08	3.37829e-08
1.00731e-05	5.49052e-06	4.01764e-06	3.08568e-06	2.52313e-06	2.09608e-06	1.55351e-06	1.04673e-06	7.61124e-07	5.64112e-07	4.11837e-07	2.895e-07	2.04551e-07	1.44586e-07	8.86424e-08	5.48594e-08	3.31653e-08
9.32816e-06	5.01406e-06	3.69872e-06	2.84734e-06	2.33554e-06	1.94368e-06	1.44363e-06	9.76024e-07	7.07884e-07	5.24733e-07	3.8337e-07	2.67636e-07	1.86971e-07	1.27269e-07	7.59757e-08	4.68687e-08	2.70144e-08
8.8505e-06	4.71198e-06	3.48305e-06	2.69215e-06	2.21735e-06	1.84945e-06	1.37897e-06	9.33506e-07	6.77083e-07	5.00391e-07	3.67036e-07	2.56612e-07	1.79125e-07	1.23736e-07	7.45998e-08	4.64641e-08	2.64465e-08
8.73238e-06	4.58693e-06	3.37424e-06	2.60478e-06	2.14914e-06	1.79578e-06	1.33969e-06	9.1133e-07	6.62906e-07	4.8989e-07	3.59898e-07	2.5058e-07	1.76495e-07	1.2142e-07	7.53454e-08	4.68687e-08	2.64472e-08
8.94668e-06	4.62056e-06	3.36204e-06	2.56963e-06	2.10565e-06	1.75047e-06	1.30178e-06	8.7407e-07	6.30884e-07	4.62688e-07	3.34779e-07	2.26976e-07	1.54859e-07	1.02887e-07	5.95361e-08	3.45393e-08	2.3169e-08
9.31926e-06	4.74903e-06	3.41525e-06	2.5803e-06	2.10179e-06	1.73829e-06	1.28223e-06	8.55221e-07	6.1518e-07	4.48404e-07	3.27173e-07	2.25179e-07	1.52582e-07	1.05373e-07	5.6903e-08	3.2145e-08	1.88206e-08
9.58285e-06	4.79021e-06	3.40709e-06	2.54566e-06	2.0561e-06	1.68275e-06	1.228e-06	8.09777e-07	5.76518e-07	4.17948e-07	3.0592e-07	2.10934e-07	1.46165e-07	1.03482e-07	6.12142e-08	3.91287e-08	2.63715e-08
9.48986e-06	4.63097e-06	3.24687e-06	2.39974e-06	1.92193e-06	1.56077e-06	1.12162e-06	7.23079e-07	5.10766e-07	3.65744e-07	2.56801e-07	1.71281e-07	1.10897e-07	7.44523e-08	4.5042e-08	3.10491e-08	3.02549e-08
8.96456e-06	4.26512e-06	2.98255e-06	2.19232e-06	1.75297e-06	1.41699e-06	1.01493e-06	6.5256e-07	4.61185e-07	3.29627e-07	2.30958e-07	1.64095e-07	1.11804e-07	7.93183e-08	5.07022e-08	3.47931e-08	2.39392e-08
8.18557e-06	3.83274e-06	2.67273e-06	1.96147e-06	1.56608e-06	1.26488e-06	9.07128e-07	5.83279e-07	4.1159e-07	2.94438e-07	2.14084e-07	1.51253e-07	1.07685e-07	7.73789e-08	5.28844e-08	3.82356e-08	2.49735e-08
7.43295e-06	3.37717e-06	2.35984e-06	1.72203e-06	1.37577e-06	1.10946e-06	7.96498e-07	5.14926e-07	3.6263e-07	2.54532e-07	1.825e-07	1.22331e-07	7.72761e-08	5.43328e-08	3.2398e-08	1.93883e-08	1.16481e-08
6.56458e-06	2.92778e-06	2.05402e-06	1.50639e-06	1.20943e-06	9.80284e-07	7.06111e-07	4.53987e-07	3.32426e-07	2.24743e-07	1.62355e-07	1.14099e-07	7.7213e-08	5.81146e-08	3.81716e-08	2.5994e-08	2.1897e-08
5.8171e-06	2.52214e-06	1.7796e-06	1.31381e-06	1.06095e-06	8.6518e-07	6.24559e-07	4.0799e-07	2.91499e-07	2.05804e-07	1.52254e-07	1.02221e-07	7.01896e-08	5.91216e-08	4.21793e-08	3.32039e-08	3.26493e-08
5.33407e-06	2.24114e-06	1.5965e-06	1.18049e-06	9.62384e-07	7.89582e-07	5.81686e-07	3.82021e-07	2.79031e-07	2.03522e-07	1.54775e-07	1.08171e-07	7.61774e-08	6.00797e-08	4.11204e-08	3.0065e-08	1.79256e-08
4.91126e-06	2.02979e-06	1.45679e-06	1.07267e-06	8.76037e-07	7.23282e-07	5.34325e-07	3.54128e-07	2.6362e-07	1.89575e-07	1.45115e-07	1.02256e-07	7.4751e-08	4.58465e-08	2.7581e-08	1.65007e-08	1.66141e-08
4.67899e-06	1.90898e-06	1.37639e-06	1.00937e-06	8.21455e-07	6.71524e-07	4.92701e-07	3.19929e-07	2.30695e-07	1.60078e-07	1.20661e-07	8.06757e-08	5.25904e-08	3.76528e-08	2.00429e-08	1.33745e-08	6.16412e-09
4.55834e-06	1.83804e-06	1.33293e-06	9.77613e-07	7.95399e-07	6.49943e-07	4.79037e-07	3.10778e-07	2.25501e-07	1.56851e-07	1.22186e-07	8.60204e-08	5.36367e-08	4.25438e-08	2.47195e-08	1.63242e-08	9.22728e-09
4.49778e-06	1.75944e-06	1.28429e-06	9.4059e-07	7.67843e-07	6.26295e-07	4.59486e-07	3.04172e-07	2.21417e-07	1.57444e-07	1.20093e-07	8.63482e-08	5.91832e-08	4.65776e-08	2.95096e-08	2.46061e-08	1.77613e-08
4.54732e-06	1.69826e-06	1.2274e-06	8.91617e-07	7.29737e-07	5.91365e-07	4.3759e-07	2.85907e-07	2.08269e-07	1.45632e-07	1.09807e-07	7.69444e-08	5.18971e-08	3.8863e-08	2.20598e-08	1.42947e-08	1.60973e-08
4.64304e-06	1.67203e-06	1.17662e-06	8.44056e-07	6.87495e-07	5.55427e-07	4.02584e-07	2.58666e-07	1.8573e-07	1.26207e-07	9.09996e-08	5.88806e-08	3.36443e-08	2.41145e-08	1.28577e-08	1.07526e-08	1.60469e-08
4.72071e-06	1.66587e-06	1.1487e-06	8.14199e-07	6.60717e-07	5.32358e-07	3.86843e-07	2.4821e-07	1.77003e-07	1.1888e-07	8.53502e-08	5.70892e-08	3.27611e-08	2.36096e-08	1.3954e-08	1.34624e-08	1.75717e-08
4.71234e-06	1.66363e-06	1.1353e-06	7.98676e-07	6.42506e-07	5.14244e-07	3.70932e-07	2.37817e-07	1.70553e-07	1.1461e-07	8.2453e-08	5.4746e-08	3.18417e-08	2.43035e-08	1.75596e-08	1.08786e-08	1.14333e-08
4.657e-06	1.65244e-06	1.13796e-06	7.97958e-07	6.37287e-07	5.1495e-07	3.75066e-07	2.42582e-07	1.69255e-07	1.21808e-07	8.57179e-08	5.86789e-08	3.35056e-08	2.7039e-08	1.95638e-08	2.6623e-08	2.74801e-08
4.52384e-06	1.645e-06	1.13927e-06	8.00353e-07	6.43477e-07	5.12921e-07	3.68574e-07	2.32636e-07	1.65322e-07	1.11975e-07	8.07765e-08	5.19602e-08	3.24846e-08	2.45178e-08	1.49376e-08	1.6299e-08	1.3551e-08
4.4451e-06	1.67582e-06	1.14235e-06	8.09252e-07	6.42367e-07	5.17131e-07	3.63267e-07	2.26888e-07	1.53788e-07	1.05206e-07	7.13727e-08	4.38926e-08	2.16186e-08	1.39544e-08	3.74385e-09	2.31943e-09	1.01097e-08
4.40887e-06	1.67525e-06	1.15983e-06	8.29896e-07	6.55733e-07	5.34036e-07	3.78706e-07	2.39247e-07	1.68478e-07	1.18798e-07	8.47872e-08	5.50499e-08	3.53217e-08	2.82246e-08	1.97408e-08	1.41312e-08	1.42447e-08
4.37108e-06	1.67849e-06	1.16074e-06	8.26682e-07	6.62301e-07	5.33153e-07	3.79324e-07	2.41264e-07	1.7178e-07	1.18521e-07	8.82664e-08	5.84661e-08	3.86118e-08	3.49939e-08	2.76447e-08	2.1304e-08	1.71692e-08
4.39127e-06	1.65261e-06	1.15012e-06	8.14656e-07	6.53729e-07	5.21468e-07	3.65596e-07	2.25759e-07	1.52569e-07	9.97378e-08	6.79836e-08	4.04775e-08	2.08754e-08	1.32488e-08	3.29014e-09	7.02148e-09	1.02486e-08
4.50131e-06	1.68113e-06	1.18301e-06	8.39304e-07	6.75545e-07	5.40023e-07	3.85176e-07	2.41687e-07	1.67478e-07	1.10211e-07	7.96294e-08	5.14307e-08	3.04551e-08	2.56397e-08	7.09694e-09	4.28589e-09	4.81533e-09
4.52597e-06	1.75615e-06	1.22028e-06	8.73992e-07	7.02791e-07	5.65841e-07	4.06704e-07	2.56832e-07	1.82105e-07	1.25618e-07	8.89598e-08	6.04705e-08	3.74143e-08	2.93465e-08	1.60725e-08	1.48623e-08	1.49002e-08
4.5034e-06	1.79261e-06	1.26042e-06	9.07566e-07	7.32907e-07	5.94338e-07	4.30999e-07	2.77908e-07	1.96831e-07	1.3891e-07	1.04498e-07	7.50265e-08	5.20345e-08	4.3652e-08	3.5093e-08	3.41602e-08	2.90173e-08
4.40962e-06	1.76996e-06	1.24901e-06	9.00391e-07	7.22148e-07	5.82541e-07	4.16085e-07	2.60406e-07	1.79339e-07	1.19829e-07	8.39657e-08	5.2477e-08	2.96987e-08	2.06983e-08	1.36392e-08	1.37779e-08	1.55679e-08
4.32569e-06	1.77485e-06	1.26376e-06	9.21934e-07	7.45317e-07	6.06971e-07	4.40905e-07	2.83537e-07	2.03202e-07	1.40489e-07	1.02597e-07	6.8839e-08	4.54053e-08	3.52074e-08	2.25262e-08	1.90848e-08	1.33997e-08
4.26104e-06	1.76304e-06	1.2555e-06	9.18593e-07	7.4509e-07	6.08496e-07	4.4088e-07	2.81949e-07	1.9787e-07	1.34527e-07	9.62814e-08	6.16286e-08	3.70982e-08	2.96987e-08	1.4383e-08	1.02609e-08	7.79024e-09
4.24258e-06	1.75984e-06	1.26691e-06	9.3309e-07	7.59574e-07	6.22602e-07	4.55654e-07	3.01803e-07	2.2114e-07	1.56007e-07	1.164e-07	8.239e-08	5.70906e-08	4.76238e-08	3.30392e-08	2.80474e-08	2.15681e-08
4.23506e-06	1.76574e-06	1.26997e-06	9.39002e-07	7.67906e-07	6.32018e-07	4.65788e-07	3.11143e-07	2.2835e-07	1.63633e-07	1.2303e-07	8.85289e-08	6.33682e-08	4.87836e-08	3.26484e-08	2.34212e-08	1.46351e-08
4.27742e-06	1.76583e-06	1.27357e-06	9.32609e-07	7.70661e-07	6.32664e-07	4.65712e-07	3.08895e-07	2.22015e-07	1.53741e-07	1.13075e-07	7.74506e-08	5.15959e-08	4.30617e-08	3.07962e-08	1.31353e-08	7.97953e-09
4.35584e-06	1.79808e-06	1.2889e-06	9.46564e-07	7.73245e-07	6.32374e-07	4.67111e-07	3.05176e-07	2.23906e-07	1.57548e-07	1.14764e-07	7.77027e-08	5.36381e-08	3.98976e-08	2.44428e-08	1.62238e-08	1.22529e-08
4.43961e-06	1.84832e-06	1.31144e-06	9.64277e-07	7.8319e-07	6.45553e-07	4.72659e-07	3.12661e-07	2.23542e-07	1.557e-07	1.15994e-07	7.83921e-08	5.40639e-08	4.24167e-08	2.27399e-08	2.25382e-08	1.47734e-08
4.53847e-06	1.89802e-06	1.34147e-06	9.88012e-07	8.01475e-07	6.55666e-07	4.82642e-07	3.11559e-07	2.22047e-07	1.53977e-07	1.12921e-07	7.45998e-08	4.73843e-08	3.21316e-08	1.71562e-08	1.13576e-08	1.51897e-08
4.65788e-06	1.96966e-06	1.39241e-06	1.02931e-06	8.37186e-07	6.86802e-07	5.01437e-07	3.27745e-07	2.37892e-07	1.66179e-07	1.20282e-07	8.17219e-08	5.26031e-08	4.15732e-08	2.8123e-08	2.16186e-08	1.89714e-08
4.78285e-06	2.04143e-06	1.44757e-06	1.07151e-06	8.77174e-07	7.15978e-07	5.30089e-07	3.50817e-07	2.52798e-07	1.82852e-07	1.30527e-07	9.71991e-08	6.59633e-08	4.83159e-08	3.54838e-08	2.76433e-08	1.82272e-08
4.82451e-06	2.10471e-06	1.49266e-06	1.1075e-06	8.98339e-07	7.40773e-07	5.43576e-07	3.6046e-07	2.60172e-07	1.82789e-07	1.31359e-07	9.03923e-08	5.88035e-08	3.96309e-08	2.15802e-08	1.85801e-08	1.42818e-08
4.93156e-06	2.20025e-06	1.56793e-06	1.16381e-06	9.43477e-07	7.78028e-07	5.74108e-07	3.9013e-07	2.86361e-07	2.09769e-07	1.5317e-07	1.08168e-07	7.91126e-08	5.72671e-08	3.63293e-08	2.76314e-08	2.06101e-08
5.01811e-06	2.26402e-06	1.61698e-06	1.20782e-06	9.86449e-07	8.14867e-07	6.06187e-07	4.09557e-07	3.0327e-07	2.22546e-07	1.68797e-07	1.22233e-07	8.90309e-08	6.79423e-08	4.39923e-08	3.17148e-08	2.98366e-08
5.08212e-06	2.30676e-06	1.64925e-06	1.22915e-06	1.00082e-06	8.23463e-07	6.08317e-07	4.05234e-07	2.94093e-07	2.11768e-07	1.54591e-07	1.06666e-07	7.13962e-08	5.21353e-08	3.20552e-08	2.29794e-08	2.3055e-08
5.21614e-06	2.38436e-06	1.71571e-06	1.27962e-06	1.04184e-06	8.5878e-07	6.35497e-07	4.2511e-07	3.08912e-07	2.22892e-07	1.64931e-07	1.14333e-07	7.7915e-08	5.87798e-08	3.61654e-08	2.90684e-08	3.06063e-08
5.42283e-06	2.49655e-06	1.80358e-06	1.34454e-06	1.09534e-06	9.03819e-07	6.71133e-07	4.48405e-07	3.29321e-07	2.39569e-07	1.7968e-07	1.27077e-07	8.99912e-08	6.82844e-08	5.01324e-08	3.91151e-08	2.80852e-08
5.60535e-06	2.58511e-06	1.87997e-06	1.4023e-06	1.14213e-06	9.42215e-07	6.97912e-07	4.63128e-07	3.37901e-07	2.4637e-07	1.84008e-07	1.29324e-07	8.96909e-08	6.72398e-08	4.82175e-08	3.80824e-08	3.36199e-08
5.7861e-06	2.69166e-06	1.95825e-06	1.45931e-06	1.19104e-06	9.80284e-07	7.23944e-07	4.81432e-07	3.54969e-07	2.56769e-07	1.93097e-07	1.35891e-07	9.73301e-08	7.12233e-08	4.66166e-08	3.36451e-08	2.5779e-08
5.91849e-06	2.76951e-06	2.0222e-06	1.51486e-06	1.23375e-06	1.01426e-06	7.48336e-07	4.95576e-07	3.60598e-07	2.61458e-07	1.91171e-07	1.32166e-07	8.98502e-08	6.36439e-08	3.69082e-08	2.26516e-08	1.56809e-08
6.03691e-06	2.84381e-06	2.08885e-06	1.57356e-06	1.2859e-06	1.06006e-06	7.8498e-07	5.24391e-07	3.81977e-07	2.76458e-07	2.03361e-07	1.42149e-07	9.75016e-08	6.93289e-08	4.16099e-08	2.38996e-08	7.38668e-09
6.09059e-06	2.87712e-06	2.12278e-06	1.60518e-06	1.31506e-06	1.08688e-06	8.00698e-07	5.34034e-07	3.87095e-07	2.8116e-07	2.021e-07	1.39578e-07	9.18923e-08	6.27363e-08	3.62905e-08	2.37105e-08	1.46347e-08
6.18982e-06	2.91068e-06	2.1716e-06	1.64696e-06	1.35554e-06	1.12053e-06	8.30938e-07	5.54556e-07	4.00482e-07	2.90728e-07	2.1231e-07	1.47229e-07	1.00161e-07	6.96566e-08	4.1383e-08	2.51349e-08	1.49624e-08
6.23618e-06	2.9495e-06	2.20344e-06	1.6802e-06	1.3808e-06	1.13936e-06	8.42611e-07	5.58703e-07	4.01036e-07	2.89883e-07	2.09802e-07	1.44343e-07	9.96193e-08	7.00096e-08	4.49251e-08	3.14627e-08	2.1971e-08
6.31632e-06	3.00448e-06	2.2382e-06	1.70261e-06	1.39649e-06	1.1527e-06	8.49549e-07	5.62563e-07	4.03212e-07	2.90604e-07	2.10581e-07	1.44804e-07	1.02385e-07	7.22317e-08	4.7436e-08	3.53091e-08	2.61068e-08
6.41548e-06	3.05411e-06	2.26153e-06	1.71382e-06	1.40351e-06	1.15749e-06	8.51523e-07	5.63795e-07	4.02448e-07	2.93929e-07	2.14794e-07	1.48981e-07	1.03439e-07	7.62618e-08	4.85933e-08	3.42611e-08	2.49584e-08
6.47277e-06	3.06445e-06	2.24084e-06	1.68707e-06	1.37439e-06	1.12874e-06	8.26237e-07	5.44282e-07	3.83313e-07	2.7758e-07	2.01621e-07	1.37523e-07	9.34427e-08	6.67322e-08	4.06015e-08	2.67862e-08	1.83532e-08
6.51951e-06	3.03294e-06	2.21027e-06	1.64986e-06	1.34379e-06	1.10105e-06	8.03953e-07	5.27456e-07	3.78126e-07	2.71531e-07	1.98694e-07	1.3777e-07	9.56157e-08	7.10342e-08	4.68183e-08	3.31031e-08	2.44428e-08
6.49252e-06	2.98166e-06	2.1562e-06	1.60702e-06	1.30071e-06	1.0614e-06	7.73188e-07	5.03076e-07	3.5646e-07	2.5191e-07	1.81924e-07	1.23825e-07	8.39405e-08	6.09479e-08	3.61528e-08	2.41271e-08	1.50006e-08
6.47309e-06	2.93952e-06	2.10696e-06	1.55695e-06	1.25669e-06	1.02195e-06	7.38611e-07	4.77512e-07	3.34993e-07	2.34653e-07	1.64641e-07	1.08471e-07	6.84861e-08	4.71322e-08	2.5312e-08	1.61856e-08	9.70629e-09
6.37827e-06	2.8822e-06	2.05103e-06	1.50388e-06	1.20999e-06	9.80651e-07	7.11201e-07	4.57785e-07	3.22568e-07	2.25193e-07	1.57452e-07	1.0596e-07	6.86104e-08	4.65386e-08	2.70635e-08	1.82146e-08	1.25044e-08
6.23763e-06	2.79145e-06	1.99208e-06	1.4598e-06	1.17573e-06	9.54531e-07	6.95694e-07	4.50686e-07	3.21791e-07	2.26162e-07	1.60864e-07	1.06936e-07	6.91937e-08	4.81545e-08	2.99894e-08	1.99047e-08	1.29841e-08
6.12106e-06	2.72756e-06	1.95291e-06	1.43886e-06	1.16697e-06	9.50562e-07	6.96579e-07	4.54319e-07	3.25316e-07	2.28609e-07	1.62683e-07	1.09035e-07	7.11188e-08	4.91983e-08	2.98997e-08	2.1076e-08	1.46725e-08
6.0733e-06	2.75687e-06	1.98361e-06	1.47624e-06	1.20226e-06	9.86084e-07	7.22848e-07	4.77399e-07	3.41905e-07	2.42449e-07	1.73965e-07	1.19044e-07	8.38501e-08	6.57616e-08	4.90975e-08	3.1135e-08	2.26516e-08
6.27232e-06	2.91727e-06	2.11763e-06	1.5886e-06	1.29798e-06	1.06703e-06	7.8029e-07	5.12807e-07	3.70065e-07	2.60727e-07	1.8449e-07	1.23796e-07	8.53628e-08	6.64171e-08	4.83411e-08	4.18494e-08	3.07064e-08
6.03579e-06	2.74694e-06	1.99247e-06	1.48597e-06	1.21285e-06	9.93231e-07	7.27317e-07	4.73177e-07	3.28422e-07	2.2578e-07	1.55709e-07	9.86714e-08	6.08188e-08	4.18106e-08	2.5941e-08	2.37729e-08	2.59284e-08
5.00363e-06	2.15609e-06	1.55706e-06	1.15468e-06	9.445e-07	7.78695e-07	5.75857e-07	3.85383e-07	2.82943e-07	2.02435e-07	1.51864e-07	1.01835e-07	7.00204e-08	5.32433e-08	3.62896e-08	3.14871e-08	2.52729e-08
5.26477e-06	2.40487e-06	1.77389e-06	1.3456e-06	1.11289e-06	9.25492e-07	6.86982e-07	4.56047e-07	3.2464e-07	2.35599e-07	1.6873e-07	1.13155e-07	7.42809e-08	5.23735e-08	3.32392e-08	2.28401e-08	2.03696e-08
4.94251e-06	2.29892e-06	1.71219e-06	1.31229e-06	1.09036e-06	9.10595e-07	6.75242e-07	4.55329e-07	3.29586e-07	2.40244e-07	1.72406e-07	1.13013e-07	7.42916e-08	5.21705e-08	3.22552e-08	1.93103e-08	1.29323e-08
4.51103e-06	2.0513e-06	1.53105e-06	1.16875e-06	9.71967e-07	8.11586e-07	6.12925e-07	4.14515e-07	2.98339e-07	2.12728e-07	1.51684e-07	9.7648e-08	6.175e-08	4.20238e-08	2.54361e-08	1.58188e-08	1.23777e-08
4.26359e-06	1.88777e-06	1.39698e-06	1.05893e-06	8.75845e-07	7.30286e-07	5.49713e-07	3.69467e-07	2.61357e-07	1.85452e-07	1.36067e-07	8.96188e-08	5.95316e-08	4.18473e-08	2.73016e-08	2.04573e-08	2.289e-08
4.17326e-06	1.79879e-06	1.31542e-06	9.88177e-07	8.16363e-07	6.79666e-07	5.11521e-07	3.43375e-07	2.47038e-07	1.76855e-07	1.21849e-07	8.47408e-08	5.34814e-08	4.24019e-08	2.5726e-08	1.8554e-08	2.23228e-08
4.12838e-06	1.73819e-06	1.26921e-06	9.53199e-07	7.90713e-07	6.63621e-07	5.01765e-07	3.43098e-07	2.52647e-07	1.86574e-07	1.40037e-07	9.91479e-08	7.37622e-08	5.5246e-08	3.71836e-08	3.1209e-08	2.18438e-08
4.07254e-06	1.69943e-06	1.24836e-06	9.36726e-07	7.76601e-07	6.46676e-07	4.894e-07	3.32867e-07	2.48153e-07	1.80002e-07	1.35786e-07	9.5465e-08	6.64625e-08	4.93458e-08	3.28846e-08	2.25113e-08	1.23396e-08
4.05095e-06	1.7001e-06	1.25836e-06	9.46468e-07	7.85104e-07	6.52806e-07	4.95714e-07	3.40489e-07	2.55697e-07	1.85956e-07	1.42344e-07	1.05879e-07	7.4216e-08	5.24982e-08	3.27216e-08	1.75456e-08	4.02087e-09
4.08811e-06	1.71796e-06	1.27242e-06	9.41389e-07	7.75852e-07	6.50562e-07	4.95172e-07	3.27367e-07	2.50618e-07	1.74889e-07	1.3255e-07	9.57699e-08	7.00565e-08	4.90194e-08	2.94066e-08	2.24236e-08	1.83145e-08
4.1725e-06	1.76773e-06	1.29416e-06	9.66031e-07	7.94752e-07	6.56293e-07	4.89362e-07	3.28569e-07	2.42519e-07	1.72893e-07	1.34412e-07	8.82301e-08	6.72818e-08	4.4405e-08	2.57884e-08	1.45454e-08	5.07953e-09
4.29742e-06	1.85911e-06	1.35152e-06	1.01166e-06	8.24599e-07	6.78956e-07	5.02912e-07	3.38073e-07	2.47107e-07	1.79132e-07	1.3532e-07	9.37634e-08	7.21848e-08	5.60891e-08	3.9817e-08	3.26199e-08	2.23222e-08
4.46908e-06	1.9556e-06	1.4022e-06	1.03449e-06	8.4135e-07	6.90312e-07	5.03441e-07	3.31128e-07	2.35562e-07	1.69024e-07	1.25325e-07	8.62008e-08	5.76017e-08	4.36865e-08	3.2746e-08	2.88512e-08	2.15912e-08
4.64146e-06	2.08517e-06	1.48399e-06	1.08078e-06	8.72671e-07	7.12773e-07	5.12932e-07	3.31354e-07	2.37036e-07	1.69427e-07	1.21354e-07	8.47261e-08	5.75134e-08	4.31067e-08	2.71245e-08	1.7457e-08	1.53016e-08
4.84264e-06	2.24338e-06	1.58524e-06	1.15175e-06	9.19587e-07	7.44921e-07	5.35984e-07	3.38304e-07	2.37283e-07	1.68603e-07	1.22448e-07	8.30098e-08	5.3025e-08	3.83287e-08	1.71162e-08	4.24754e-09	-1.55029e-09
4.97565e-06	2.36384e-06	1.66026e-06	1.20696e-06	9.51045e-07	7.64917e-07	5.37586e-07	3.35148e-07	2.3802e-07	1.59066e-07	1.17195e-07	7.85752e-08	4.49091e-08	2.86622e-08	1.82258e-08	5.69714e-09	4.03338e-10
5.09072e-06	2.46646e-06	1.73834e-06	1.26754e-06	9.99382e-07	7.98442e-07	5.56288e-07	3.44609e-07	2.45368e-07	1.68045e-07	1.1797e-07	7.81427e-08	4.96584e-08	3.63868e-08	3.1068e-08	2.65811e-08	1.89307e-08
5.14471e-06	2.50619e-06	1.78925e-06	1.30214e-06	1.03398e-06	8.31018e-07	5.86879e-07	3.68477e-07	2.59075e-07	1.73116e-07	1.27691e-07	8.59718e-08	5.80539e-08	4.58785e-08	2.1641e-08	2.2183e-08	2.05697e-08
5.10542e-06	2.47428e-06	1.77722e-06	1.29544e-06	1.035e-06	8.28687e-07	5.87157e-07	3.66852e-07	2.52559e-07	1.70494e-07	1.23494e-07	7.7338e-08	4.5576e-08	3.1031e-08	1.91581e-08	1.82884e-08	2.59894e-08
5.01897e-06	2.43429e-06	1.73731e-06	1.28347e-06	1.02663e-06	8.33195e-07	5.98067e-07	3.79323e-07	2.66094e-07	1.84879e-07	1.29852e-07	8.58918e-08	5.55303e-08	3.93855e-08	2.64796e-08	2.17282e-08	1.83883e-08
5.00663e-06	2.37129e-06	1.70191e-06	1.25598e-06	1.01422e-06	8.26498e-07	6.00615e-07	3.87298e-07	2.72819e-07	1.91714e-07	1.37191e-07	9.30907e-08	5.85818e-08	4.31045e-08	2.71231e-08	1.27045e-08	8.20499e-09
4.98992e-06	2.34598e-06	1.66966e-06	1.23116e-06	9.96295e-07	8.23545e-07	5.9359e-07	3.85615e-07	2.73347e-07	1.97275e-07	1.36629e-07	9.08804e-08	5.64364e-08	4.1464e-08	2.24838e-08	1.69133e-08	1.00194e-08
5.00549e-06	2.33988e-06	1.66426e-06	1.22805e-06	9.94303e-07	8.19361e-07	5.97837e-07	3.92458e-07	2.83304e-07	2.01964e-07	1.44116e-07	9.83036e-08	6.64558e-08	4.34678e-08	2.82686e-08	1.99632e-08	1.42162e-08
5.04945e-06	2.35164e-06	1.66361e-06	1.23227e-06	9.93446e-07	8.17458e-07	6.01984e-07	3.975e-07	2.83833e-07	2.01926e-07	1.49157e-07	1.03257e-07	6.96948e-08	5.1559e-08	3.30325e-08	2.44751e-08	1.73544e-08
5.17034e-06	2.38729e-06	1.6827e-06	1.23696e-06	9.98525e-07	8.20374e-07	6.01641e-07	3.9909e-07	2.85212e-07	2.05701e-07	1.49304e-07	1.02548e-07	7.07012e-08	5.15829e-08	3.42416e-08	2.96038e-08	2.18027e-08
5.32792e-06	2.42122e-06	1.70862e-06	1.25709e-06	1.01922e-06	8.29771e-07	6.13793e-07	4.06536e-07	2.94646e-07	2.11302e-07	1.55685e-07	1.06357e-07	7.1371e-08	5.08154e-08	3.13941e-08	2.19167e-08	1.77703e-08
5.43817e-06	2.48374e-06	1.74362e-06	1.29302e-06	1.04584e-06	8.59627e-07	6.33743e-07	4.2258e-07	3.09984e-07	2.2349e-07	1.66511e-07	1.1281e-07	7.97268e-08	5.31974e-08	3.65236e-08	2.83946e-08	2.55085e-08
5.58561e-06	2.52045e-06	1.77914e-06	1.30972e-06	1.05981e-06	8.66231e-07	6.2961e-07	4.16505e-07	2.95528e-07	2.10093e-07	1.52093e-07	1.03282e-07	6.80186e-08	4.82444e-08	2.83316e-08	2.04043e-08	1.74804e-08
5.77219e-06	2.59908e-06	1.83424e-06	1.35041e-06	1.08955e-06	8.84206e-07	6.43457e-07	4.25833e-07	3.03927e-07	2.13515e-07	1.57673e-07	1.03418e-07	7.00963e-08	4.88355e-08	2.90997e-08	2.02904e-08	1.72531e-08
6.09872e-06	2.7087e-06	1.93276e-06	1.41449e-06	1.14446e-06	9.27308e-07	6.75077e-07	4.46943e-07	3.2607e-07	2.35646e-07	1.74346e-07	1.25107e-07	8.90508e-08	6.74749e-08	4.6693e-08	3.13934e-08	3.0612e-08
6.44011e-06	2.86979e-06	2.02178e-06	1.48113e-06	1.19389e-06	9.68658e-07	7.03819e-07	4.6184e-07	3.3511e-07	2.40239e-07	1.75451e-07	1.22533e-07	8.66919e-08	5.9017e-08	3.99118e-08	2.6465e-08	1.52489e-08
6.89974e-06	3.05885e-06	2.14428e-06	1.56696e-06	1.26296e-06	1.02883e-06	7.55703e-07	4.99093e-07	3.63793e-07	2.67335e-07	1.99647e-07	1.41676e-07	1.00265e-07	7.54127e-08	5.11531e-08	3.40769e-08	2.1298e-08
7.4535e-06	3.24852e-06	2.26095e-06	1.63968e-06	1.3227e-06	1.07667e-06	7.9322e-07	5.30636e-07	3.89238e-07	2.88456e-07	2.154e-07	1.55211e-07	1.1109e-07	8.42974e-08	5.67108e-08	3.63075e-08	1.41525e-08
7.93645e-06	3.41026e-06	2.35279e-06	1.69973e-06	1.37232e-06	1.11514e-06	8.18308e-07	5.50823e-07	4.05273e-07	2.97893e-07	2.21463e-07	1.57824e-07	1.12483e-07	8.69773e-08	5.60274e-08	4.03256e-08	2.76357e-08
8.2433e-06	3.60286e-06	2.47165e-06	1.78624e-06	1.44131e-06	1.17306e-06	8.60272e-07	5.7309e-07	4.17748e-07	3.03854e-07	2.24374e-07	1.57106e-07	1.1053e-07	7.92903e-08	4.77103e-08	3.06097e-08	1.73148e-08
8.52394e-06	3.87319e-06	2.65179e-06	1.92337e-06	1.54367e-06	1.25466e-06	9.19664e-07	6.12912e-07	4.47488e-07	3.27003e-07	2.41878e-07	1.7214e-07	1.20498e-07	8.84013e-08	5.49689e-08	3.48817e-08	2.55816e-08
8.81961e-06	4.12415e-06	2.83407e-06	2.06063e-06	1.65108e-06	1.34292e-06	9.77871e-07	6.49747e-07	4.73347e-07	3.47418e-07	2.55299e-07	1.83645e-07	1.30806e-07	9.64035e-08	6.11059e-08	4.19765e-08	3.10885e-08
9.1451e-06	4.35707e-06	3.00127e-06	2.18891e-06	1.75485e-06	1.42657e-06	1.03881e-06	6.85347e-07	4.94758e-07	3.60902e-07	2.67082e-07	1.90236e-07	1.33944e-07	9.68823e-08	6.20007e-08	4.12582e-08	2.18767e-08
9.55419e-06	4.60656e-06	3.1709e-06	2.31817e-06	1.85676e-06	1.51168e-06	1.10224e-06	7.29447e-07	5.2732e-07	3.85289e-07	2.83621e-07	2.02253e-07	1.41426e-07	1.02248e-07	6.43178e-08	3.95811e-08	2.23046e-08
9.86568e-06	4.83488e-06	3.35082e-06	2.46858e-06	1.98371e-06	1.61988e-06	1.18483e-06	7.82436e-07	5.65691e-07	4.14865e-07	3.0493e-07	2.20613e-07	1.56069e-07	1.14459e-07	7.23827e-08	4.58818e-08	2.67403e-08
1.03215e-05	5.15681e-06	3.60619e-06	2.67194e-06	2.15168e-06	1.75888e-06	1.28568e-06	8.52844e-07	6.15729e-07	4.53212e-07	3.35102e-07	2.40631e-07	1.71577e-07	1.25545e-07	8.17561e-08	5.27861e-08	2.81761e-08
1.09748e-05	5.63588e-06	3.94932e-06	2.93088e-06	2.35306e-06	1.92215e-06	1.3957e-06	9.13544e-07	6.5454e-07	4.8164e-07	3.55364e-07	2.53875e-07	1.76983e-07	1.23819e-07	7.49389e-08	4.34991e-08	2.09809e-08
1.1786e-05	6.15384e-06	4.31913e-06	3.2025e-06	2.56183e-06	2.08263e-06	1.50299e-06	9.75089e-07	6.92422e-07	5.03528e-07	3.68514e-07	2.62607e-07	1.84068e-07	1.24039e-07	7.45067e-08	4.28039e-08	2.94095e-08
1.27845e-05	6.61885e-06	4.6374e-06	3.42544e-06	2.73276e-06	2.21379e-06	1.59079e-06	1.03254e-06	7.33448e-07	5.36001e-07	3.93558e-07	2.7478e-07	1.98266e-07	1.40755e-07	8.90521e-08	5.30003e-08	3.04947e-08
1.38034e-05	6.9317e-06	4.86862e-06	3.5932e-06	2.87485e-06	2.32942e-06	1.67506e-06	1.09635e-06	7.76487e-07	5.71888e-07	4.19103e-07	2.96119e-07	2.06439e-07	1.47114e-07	9.12928e-08	4.95212e-08	2.70539e-08
1.42516e-05	6.96159e-06	4.95212e-06	3.66484e-06	2.95258e-06	2.39769e-06	1.73553e-06	1.13445e-06	8.14259e-07	5.99372e-07	4.39729e-07	3.10656e-07	2.1718e-07	1.54301e-07	9.1648e-08	5.42478e-08	2.70924e-08
1.40784e-05	6.94097e-06	4.99608e-06	3.72797e-06	3.02034e-06	2.46943e-06	1.80432e-06	1.19259e-06	8.58644e-07	6.35396e-07	4.67566e-07	3.30343e-07	2.33606e-07	1.65411e-07	9.92944e-08	5.74723e-08	2.95363e-08
1.32126e-05	6.87983e-06	4.96376e-06	3.74378e-06	3.04199e-06	2.50096e-06	1.84074e-06	1.23487e-06	8.96573e-07	6.67591e-07	4.93863e-07	3.51563e-07	2.49572e-07	1.81527e-07	1.07132e-07	6.90146e-08	3.96169e-08
1.18616e-05	6.55913e-06	4.79009e-06	3.6656e-06	2.99268e-06	2.48149e-06	1.84543e-06	1.24842e-06	9.1317e-07	6.82644e-07	5.05191e-07	3.59958e-07	2.55828e-07	1.76785e-07	1.07948e-07	6.47287e-08	3.83685e-08
1.07908e-05	6.22541e-06	4.59522e-06	3.55428e-06	2.91488e-06	2.43759e-06	1.82792e-06	1.2557e-06	9.28568e-07	7.02427e-07	5.25138e-07	3.78367e-07	2.70848e-07	1.89511e-07	1.15672e-07	6.89499e-08	4.012e-08
1.03408e-05	5.9817e-06	4.43221e-06	3.43817e-06	2.83238e-06	2.37095e-06	1.7902e-06	1.24284e-06	9.26867e-07	7.07429e-07	5.30229e-07	3.86696e-07	2.78383e-07	1.96643e-07	1.23044e-07	7.94083e-08	4.0624e-08
1.00047e-05	5.75668e-06	4.26146e-06	3.31602e-06	2.74364e-06	2.30959e-06	1.76312e-06	1.24082e-06	9.35548e-07	7.15947e-07	5.42527e-07	3.94408e-07	2.82188e-07	1.98748e-07	1.22754e-07	7.16212e-08	3.36055e-08
1.00972e-05	5.71108e-06	4.22593e-06	3.30027e-06	2.74726e-06	2.32929e-06	1.7966e-06	1.28625e-06	9.85068e-07	7.63224e-07	5.83667e-07	4.30483e-07	3.15693e-07	2.23873e-07	1.41831e-07	8.54061e-08	4.30811e-08
1.04545e-05	5.88706e-06	4.33999e-06	3.40659e-06	2.8463e-06	2.42532e-06	1.88259e-06	1.35362e-06	1.03501e-06	8.02281e-07	6.11429e-07	4.47782e-07	3.25277e-07	2.2878e-07	1.41394e-07	8.17288e-08	4.06376e-08
1.07417e-05	6.09868e-06	4.55926e-06	3.61344e-06	3.04177e-06	2.60504e-06	2.03254e-06	1.46833e-06	1.12373e-06	8.71317e-07	6.69157e-07	4.92616e-07	3.59434e-07	2.54984e-07	1.59543e-07	9.53275e-08	5.29877e-08
1.07782e-05	6.30215e-06	4.83667e-06	3.88986e-06	3.30741e-06	2.85089e-06	2.23823e-06	1.62602e-06	1.24735e-06	9.70224e-07	7.39126e-07	5.4341e-07	3.95199e-07	2.77747e-07	1.70817e-07	1.00189e-07	5.73967e-08
1.12069e-05	6.83107e-06	5.3386e-06	4.34052e-06	3.70378e-06	3.20128e-06	2.5167e-06	1.82664e-06	1.39552e-06	1.08369e-06	8.20644e-07	6.02009e-07	4.38782e-07	3.06971e-07	1.88946e-07	1.0347e-07	4.94733e-08
1.27529e-05	8.02553e-06	6.27527e-06	5.10167e-06	4.33636e-06	3.73558e-06	2.91372e-06	2.08904e-06	1.57958e-06	1.21599e-06	9.12067e-07	6.55729e-07	4.70538e-07	3.2266e-07	1.895e-07	1.02777e-07	4.82131e-08
1.54452e-05	9.913e-06	7.68822e-06	6.20551e-06	5.22669e-06	4.46546e-06	3.43636e-06	2.42541e-06	1.81033e-06	1.38494e-06	1.02456e-06	7.27518e-07	5.20541e-07	3.48258e-07	2.01482e-07	1.03904e-07	4.18767e-08
1.88269e-05	1.21358e-05	9.30394e-06	7.43092e-06	6.19561e-06	5.24583e-06	3.98359e-06	2.77126e-06	2.0483e-06	1.55942e-06	1.15461e-06	8.24894e-07	5.93281e-07	4.04388e-07	2.42615e-07	1.30495e-07	5.62683e-08
2.07883e-05	1.33733e-05	1.02105e-05	8.12652e-06	6.75819e-06	5.70764e-06	4.32044e-06	2.99227e-06	2.20386e-06	1.67531e-06	1.23898e-06	8.83768e-07	6.39395e-07	4.38198e-07	2.66402e-07	1.49124e-07	6.99685e-08
2.06595e-05	1.33443e-05	1.02348e-05	8.17958e-06	6.82991e-06	5.79034e-06	4.40872e-06	3.071e-06	2.27145e-06	1.73204e-06	1.27807e-06	9.10193e-07	6.52216e-07	4.39608e-07	2.57662e-07	1.39903e-07	5.90941e-08
1.97429e-05	1.28696e-05	9.91821e-06	7.96604e-06	6.67929e-06	5.68697e-06	4.35962e-06	3.07096e-06	2.29158e-06	1.76096e-06	1.31106e-06	9.44058e-07	6.78097e-07	4.62747e-07	2.78173e-07	1.49653e-07	6.7196e-08
1.7927e-05	1.17631e-05	9.13115e-06	7.37689e-06	6.21793e-06	5.31902e-06	4.10992e-06	2.92614e-06	2.20221e-06	1.70399e-06	1.28133e-06	9.36057e-07	6.77173e-07	4.64676e-07	2.77498e-07	1.56316e-07	7.55495e-08
1.59873e-05	1.0564e-05	8.24184e-06	6.694e-06	5.66744e-06	4.8719e-06	3.79421e-06	2.72731e-06	2.06477e-06	1.60315e-06	1.20899e-06	8.72432e-07	6.28979e-07	4.22638e-07	2.48003e-07	1.33604e-07	7.13134e-08
1.40664e-05	9.42861e-06	7.43011e-06	6.08776e-06	5.18449e-06	4.48246e-06	3.51681e-06	2.54772e-06	1.9367e-06	1.5036e-06	1.12829e-06	8.0928e-07	5.78435e-07	3.86329e-07	2.2438e-07	1.21761e-07	6.0679e-08
1.24821e-05	8.40159e-06	6.67293e-06	5.49598e-06	4.69853e-06	4.07249e-06	3.2022e-06	2.31414e-06	1.74945e-06	1.34504e-06	9.96068e-07	7.02661e-07	4.97291e-07	3.25428e-07	1.84843e-07	9.18038e-08	4.17874e-08
1.09158e-05	7.34496e-06	5.85898e-06	4.83831e-06	4.14102e-06	3.58889e-06	2.80982e-06	2.0142e-06	1.50796e-06	1.14729e-06	8.41663e-07	5.88361e-07	4.11009e-07	2.69709e-07	1.57329e-07	8.71768e-08	4.30339e-08
9.38466e-06	6.25627e-06	4.99259e-06	4.10844e-06	3.50331e-06	3.01846e-06	2.33584e-06	1.64648e-06	1.21535e-06	9.1296e-07	6.64214e-07	4.62787e-07	3.21748e-07	2.13234e-07	1.27794e-07	7.16662e-08	3.32812e-08
8.13678e-06	5.31144e-06	4.1897e-06	3.39698e-06	2.86096e-06	2.43854e-06	1.8591e-06	1.28616e-06	9.41791e-07	7.03385e-07	5.1477e-07	3.62537e-07	2.49319e-07	1.69032e-07	1.01963e-07	5.84106e-08	3.15052e-08
7.16819e-06	4.49544e-06	3.47027e-06	2.75864e-06	2.29276e-06	1.93223e-06	1.45316e-06	9.94934e-07	7.30707e-07	5.43399e-07	3.99377e-07	2.81075e-07	1.95814e-07	1.36637e-07	8.35098e-08	5.08972e-08	2.9752e-08
6.40751e-06	3.81046e-06	2.88778e-06	2.26012e-06	1.86693e-06	1.56748e-06	1.17808e-06	8.10121e-07	6.00749e-07	4.47351e-07	3.32968e-07	2.40625e-07	1.70397e-07	1.21339e-07	7.38444e-08	4.31851e-08	1.5777e-08
5.7042e-06	3.20558e-06	2.4073e-06	1.87553e-06	1.55418e-06	1.30785e-06	9.89315e-07	6.87298e-07	5.11883e-07	3.85156e-07	2.94556e-07	2.18196e-07	1.58077e-07	1.16557e-07	7.50126e-08	4.52243e-08	2.16734e-08
5.21354e-06	2.74691e-06	2.06123e-06	1.60395e-06	1.33521e-06	1.12348e-06	8.51883e-07	5.89117e-07	4.39538e-07	3.28305e-07	2.48122e-07	1.79419e-07	1.27073e-07	8.65341e-08	5.17793e-08	3.13776e-08	3.4843e-08
4.82595e-06	2.46288e-06	1.83157e-06	1.41094e-06	1.17025e-06	9.84098e-07	7.49131e-07	5.2224e-07	3.92427e-07	2.9152e-07	2.1933e-07	1.56149e-07	1.09388e-07	7.43196e-08	4.25655e-08	2.1245e-08	1.41003e-08
4.64868e-06	2.31806e-06	1.73038e-06	1.32445e-06	1.10473e-06	9.42827e-07	7.29157e-07	5.17466e-07	4.0559e-07	3.13915e-07	2.4942e-07	1.99569e-07	1.55603e-07	1.17042e-07	8.02838e-08	5.38208e-08	3.45406e-08
4.48248e-06	2.19001e-06	1.62602e-06	1.25624e-06	1.04254e-06	8.81401e-07	6.8285e-07	4.92755e-07	3.91142e-07	3.06174e-07	2.45262e-07	1.86442e-07	1.46636e-07	1.20514e-07	8.1754e-08	6.20464e-08	4.22001e-08
4.40567e-06	2.13192e-06	1.57485e-06	1.21286e-06	1.0114e-06	8.56032e-07	6.64432e-07	4.79548e-07	3.72061e-07	2.92623e-07	2.34431e-07	1.77348e-07	1.39192e-07	1.05925e-07	7.4271e-08	5.00769e-08	3.66189e-08
4.43184e-06	2.11864e-06	1.57114e-06	1.20425e-06	1.00567e-06	8.52659e-07	6.58896e-07	4.7534e-07	3.69645e-07	2.88067e-07	2.30053e-07	1.7379e-07	1.31918e-07	9.57157e-08	6.32308e-08	3.97933e-08	2.78982e-08
