5.41325e-06	2.67214e-06	2.14151e-06	1.69838e-06	1.47545e-06	1.25512e-06	9.98166e-07	7.3062e-07	5.65058e-07	4.50412e-07	3.46481e-07	2.67621e-07	2.03259e-07	1.4851e-07	1.0044e-07	6.37049e-08	3.66341e-08
5.41824e-06	2.69344e-06	2.14854e-06	1.69533e-06	1.4691e-06	1.24581e-06	9.85984e-07	7.16389e-07	5.49701e-07	4.36207e-07	3.323e-07	2.53643e-07	1.89293e-07	1.3395e-07	8.79548e-08	5.48879e-08	3.36234e-08
5.41871e-06	2.73583e-06	2.15361e-06	1.69042e-06	1.45134e-06	1.22657e-06	9.586e-07	6.88684e-07	5.20276e-07	4.07802e-07	3.06496e-07	2.29895e-07	1.64702e-07	1.1847e-07	7.22002e-08	3.8554e-08	2.1187e-08
5.45818e-06	2.81172e-06	2.17875e-06	1.70098e-06	1.45083e-06	1.22224e-06	9.54312e-07	6.84067e-07	5.19302e-07	4.08384e-07	3.10038e-07	2.35675e-07	1.73101e-07	1.25895e-07	8.05105e-08	4.57639e-08	2.32361e-08
5.37914e-06	2.79838e-06	2.15016e-06	1.6689e-06	1.41188e-06	1.18965e-06	9.20579e-07	6.64331e-07	4.91412e-07	3.85479e-07	2.87857e-07	2.17582e-07	1.58753e-07	1.10397e-07	6.82646e-08	3.84771e-08	1.91247e-08
5.29891e-06	2.76851e-06	2.10734e-06	1.62687e-06	1.37548e-06	1.149e-06	8.8822e-07	6.35039e-07	4.77942e-07	3.75737e-07	2.85812e-07	2.18906e-07	1.63699e-07	1.21329e-07	8.35378e-08	5.73066e-08	3.98907e-08
5.28192e-06	2.74093e-06	2.0746e-06	1.58564e-06	1.33211e-06	1.10484e-06	8.48645e-07	5.95022e-07	4.37811e-07	3.38009e-07	2.50917e-07	1.85781e-07	1.31308e-07	8.97605e-08	5.2374e-08	2.86849e-08	1.44183e-08
5.2065e-06	2.73015e-06	2.07407e-06	1.59495e-06	1.33867e-06	1.1107e-06	8.48792e-07	5.92361e-07	4.38928e-07	3.39838e-07	2.53332e-07	1.93107e-07	1.41153e-07	1.00126e-07	6.51448e-08	4.49349e-08	2.76464e-08
5.02895e-06	2.74906e-06	2.12229e-06	1.65056e-06	1.38307e-06	1.15177e-06	8.83312e-07	6.20495e-07	4.60075e-07	3.53681e-07	2.66573e-07	2.12206e-07	1.56815e-07	1.18585e-07	8.27579e-08	6.38516e-08	4.3453e-08
5.12497e-06	2.91971e-06	2.26273e-06	1.76906e-06	1.48242e-06	1.23317e-06	9.35937e-07	6.51496e-07	4.72559e-07	3.61858e-07	2.72984e-07	2.06201e-07	1.49017e-07	1.05592e-07	6.92607e-08	4.60179e-08	3.19179e-08
5.61573e-06	3.24139e-06	2.49866e-06	1.94893e-06	1.62888e-06	1.35178e-06	1.02327e-06	7.0736e-07	5.11141e-07	3.91199e-07	2.91161e-07	2.1654e-07	1.56146e-07	1.08877e-07	7.03465e-08	4.11356e-08	2.40642e-08
6.31351e-06	3.59287e-06	2.74057e-06	2.12339e-06	1.76467e-06	1.45921e-06	1.09156e-06	7.43937e-07	5.3729e-07	4.10536e-07	3.00346e-07	2.22579e-07	1.5948e-07	1.11859e-07	7.33037e-08	4.65087e-08	3.41291e-08
7.14413e-06	3.88137e-06	2.94274e-06	2.25988e-06	1.87416e-06	1.54622e-06	1.15661e-06	7.87757e-07	5.72075e-07	4.3426e-07	3.177e-07	2.33979e-07	1.6657e-07	1.16256e-07	7.7424e-08	4.71271e-08	3.1612e-08
7.63946e-06	4.02597e-06	3.03991e-06	2.32472e-06	1.93368e-06	1.59547e-06	1.20223e-06	8.26349e-07	6.07417e-07	4.6811e-07	3.4734e-07	2.59673e-07	1.89153e-07	1.33971e-07	8.97653e-08	5.75717e-08	3.42547e-08
7.62792e-06	4.05049e-06	3.04259e-06	2.32975e-06	1.94057e-06	1.60452e-06	1.2162e-06	8.41721e-07	6.25455e-07	4.85725e-07	3.60421e-07	2.68385e-07	1.96541e-07	1.36177e-07	8.41468e-08	4.57592e-08	1.98513e-08
7.08311e-06	3.8791e-06	2.93161e-06	2.26106e-06	1.88892e-06	1.57195e-06	1.20544e-06	8.45817e-07	6.37872e-07	4.98938e-07	3.78275e-07	2.85214e-07	2.10689e-07	1.49024e-07	9.42747e-08	5.18283e-08	2.02053e-08
6.31509e-06	3.50871e-06	2.69747e-06	2.10744e-06	1.77588e-06	1.49334e-06	1.15576e-06	8.21448e-07	6.19102e-07	4.88115e-07	3.69519e-07	2.76969e-07	2.0552e-07	1.44199e-07	9.21206e-08	5.0043e-08	2.35675e-08
5.71261e-06	3.2007e-06	2.52923e-06	2.01674e-06	1.72385e-06	1.46134e-06	1.14486e-06	8.24015e-07	6.26865e-07	4.9402e-07	3.73401e-07	2.78069e-07	2.03611e-07	1.40242e-07	8.36747e-08	4.10914e-08	8.92631e-09
5.45937e-06	3.194e-06	2.55742e-06	2.05998e-06	1.76899e-06	1.50832e-06	1.1857e-06	8.56112e-07	6.50905e-07	5.0976e-07	3.8256e-07	2.89294e-07	2.12223e-07	1.46746e-07	9.18757e-08	4.92945e-08	2.20871e-08
5.62393e-06	3.4511e-06	2.74955e-06	2.21647e-06	1.89159e-06	1.60602e-06	1.25199e-06	8.96331e-07	6.75618e-07	5.28913e-07	3.91868e-07	2.99072e-07	2.22079e-07	1.56464e-07	1.00609e-07	5.56272e-08	3.20362e-08
5.78582e-06	3.65999e-06	2.89531e-06	2.32575e-06	1.97372e-06	1.67428e-06	1.2946e-06	9.19783e-07	6.90511e-07	5.3722e-07	4.03626e-07	3.02157e-07	2.22193e-07	1.52773e-07	9.62856e-08	5.38193e-08	2.82814e-08
6.14769e-06	3.93539e-06	3.09332e-06	2.47493e-06	2.08557e-06	1.75813e-06	1.34313e-06	9.35793e-07	6.8884e-07	5.2814e-07	3.92332e-07	2.88582e-07	2.10103e-07	1.44089e-07	9.24985e-08	5.40933e-08	2.7546e-08
6.53508e-06	4.17516e-06	3.27687e-06	2.61414e-06	2.19255e-06	1.8404e-06	1.39252e-06	9.52216e-07	6.86206e-07	5.15587e-07	3.71249e-07	2.65226e-07	1.89012e-07	1.28701e-07	8.25728e-08	5.13615e-08	2.90749e-08
6.48436e-06	4.01308e-06	3.13434e-06	2.49e-06	2.0916e-06	1.75557e-06	1.33339e-06	9.15582e-07	6.63666e-07	4.98458e-07	3.57975e-07	2.54911e-07	1.79531e-07	1.18752e-07	6.98177e-08	3.54714e-08	1.54982e-08
5.60678e-06	3.33675e-06	2.60953e-06	2.07198e-06	1.75318e-06	1.47654e-06	1.13379e-06	7.96739e-07	5.88952e-07	4.52345e-07	3.33321e-07	2.43635e-07	1.76981e-07	1.20554e-07	7.45544e-08	4.43307e-08	1.81393e-08
4.39455e-06	2.53675e-06	2.01267e-06	1.60348e-06	1.3672e-06	1.15547e-06	8.96448e-07	6.36165e-07	4.74099e-07	3.6606e-07	2.68765e-07	2.05082e-07	1.49185e-07	1.03337e-07	6.45683e-08	3.23221e-08	1.57629e-08
3.61881e-06	2.00384e-06	1.60268e-06	1.26923e-06	1.08671e-06	9.13894e-07	7.1127e-07	5.03565e-07	3.76959e-07	2.91928e-07	2.11257e-07	1.6057e-07	1.1418e-07	7.7346e-08	4.54545e-08	2.21205e-08	9.98584e-09
2.99019e-06	1.60563e-06	1.28273e-06	1.01379e-06	8.70061e-07	7.31008e-07	5.71618e-07	4.07652e-07	3.07228e-07	2.40375e-07	1.8108e-07	1.3751e-07	1.01006e-07	7.23766e-08	4.71092e-08	2.99189e-08	1.9415e-08
2.43301e-06	1.25569e-06	1.01431e-06	8.00571e-07	6.91971e-07	5.8102e-07	4.54978e-07	3.27608e-07	2.44059e-07	1.87838e-07	1.40667e-07	1.04998e-07	7.20208e-08	4.74872e-08	2.51782e-08	1.00485e-08	-3.19784e-09
2.14671e-06	1.06125e-06	8.58911e-07	6.75986e-07	5.8865e-07	4.9368e-07	3.87462e-07	2.82482e-07	2.12955e-07	1.68251e-07	1.26213e-07	1.01074e-07	7.36097e-08	5.28691e-08	3.39611e-08	1.88574e-08	8.2912e-09
2.04985e-06	9.67026e-07	7.72389e-07	5.98923e-07	5.17555e-07	4.29021e-07	3.37542e-07	2.41463e-07	1.81113e-07	1.43032e-07	1.06153e-07	8.37441e-08	5.9503e-08	4.31486e-08	2.74134e-08	1.52423e-08	7.06504e-09
2.00714e-06	9.16787e-07	7.25601e-07	5.5719e-07	4.80081e-07	3.95781e-07	3.09345e-07	2.17942e-07	1.61396e-07	1.26008e-07	9.20224e-08	7.48717e-08	5.48014e-08	3.99636e-08	2.56313e-08	1.35993e-08	2.83107e-09
2.03311e-06	8.85177e-07	7.05215e-07	5.39483e-07	4.67872e-07	3.78138e-07	2.95822e-07	2.11054e-07	1.56151e-07	1.20763e-07	9.16054e-08	7.11307e-08	5.47762e-08	4.40585e-08	2.79947e-08	1.49642e-08	-5.43465e-10
2.08228e-06	8.66159e-07	6.94833e-07	5.26604e-07	4.56296e-07	3.73591e-07	2.91024e-07	2.02935e-07	1.5027e-07	1.11648e-07	8.30974e-08	6.58207e-08	4.33118e-08	2.97255e-08	1.72767e-08	7.12805e-09	1.12482e-09
2.21524e-06	8.81363e-07	7.02758e-07	5.28601e-07	4.59759e-07	3.7531e-07	2.922e-07	1.99762e-07	1.50081e-07	1.14036e-07	8.16819e-08	6.79693e-08	4.65219e-08	3.37951e-08	2.15611e-08	1.51787e-08	1.15136e-08
2.39236e-06	9.60089e-07	7.40035e-07	5.48593e-07	4.77845e-07	3.8517e-07	2.95213e-07	2.01552e-07	1.47967e-07	1.121e-07	8.17051e-08	6.47954e-08	4.12633e-08	2.99396e-08	1.55954e-08	1.00725e-08	2.33804e-09
2.54401e-06	1.05552e-06	8.07037e-07	6.03331e-07	5.18932e-07	4.20555e-07	3.24567e-07	2.24837e-07	1.65083e-07	1.24728e-07	9.67216e-08	7.6576e-08	5.32708e-08	3.81174e-08	2.06511e-08	8.39189e-09	-5.94004e-09
2.63504e-06	1.12708e-06	8.60422e-07	6.45152e-07	5.51565e-07	4.51266e-07	3.42993e-07	2.41444e-07	1.73588e-07	1.3269e-07	9.77959e-08	7.83075e-08	5.47369e-08	3.92169e-08	2.24584e-08	1.53556e-08	-4.92897e-10
2.72322e-06	1.21318e-06	9.39614e-07	7.10379e-07	6.08336e-07	4.98711e-07	3.87771e-07	2.74645e-07	2.04628e-07	1.61215e-07	1.22605e-07	1.00538e-07	7.58809e-08	5.64936e-08	3.94571e-08	2.59466e-08	1.30807e-08
2.79201e-06	1.28829e-06	1.00444e-06	7.67883e-07	6.59673e-07	5.43324e-07	4.21187e-07	3.00705e-07	2.27327e-07	1.81702e-07	1.3882e-07	1.12418e-07	8.77736e-08	6.57323e-08	4.44366e-08	2.83479e-08	1.18548e-08
2.8369e-06	1.33675e-06	1.04156e-06	7.94532e-07	6.78484e-07	5.6222e-07	4.32117e-07	2.9845e-07	2.25614e-07	1.75842e-07	1.27108e-07	9.89232e-08	7.12318e-08	4.85832e-08	2.73502e-08	1.07303e-08	-2.91954e-09
2.91127e-06	1.39944e-06	1.08996e-06	8.39467e-07	7.16799e-07	6.0141e-07	4.60922e-07	3.23265e-07	2.40382e-07	1.90435e-07	1.36886e-07	1.06491e-07	7.60831e-08	5.11476e-08	3.39973e-08	1.64805e-08	2.14853e-09
2.98679e-06	1.45422e-06	1.13619e-06	8.79708e-07	7.53918e-07	6.26573e-07	4.86009e-07	3.43878e-07	2.58948e-07	2.05285e-07	1.53e-07	1.17613e-07	8.80011e-08	6.36848e-08	4.14666e-08	2.52262e-08	1.11976e-08
3.10061e-06	1.52099e-06	1.18774e-06	9.18381e-07	7.83985e-07	6.5209e-07	5.05498e-07	3.56504e-07	2.6715e-07	2.10101e-07	1.56729e-07	1.20507e-07	8.77231e-08	6.19534e-08	3.67524e-08	1.95895e-08	7.93691e-09
3.30689e-06	1.63348e-06	1.27077e-06	9.84885e-07	8.41557e-07	7.03119e-07	5.4872e-07	3.92526e-07	2.97804e-07	2.34474e-07	1.78791e-07	1.3984e-07	1.04277e-07	7.62076e-08	4.88714e-08	2.95099e-08	1.15512e-08
3.53708e-06	1.76524e-06	1.36471e-06	1.05738e-06	9.00966e-07	7.53324e-07	5.88823e-07	4.22666e-07	3.22266e-07	2.54512e-07	1.95503e-07	1.53455e-07	1.1487e-07	8.47025e-08	5.55963e-08	3.28851e-08	1.4294e-08
3.71947e-06	1.87255e-06	1.43994e-06	1.11169e-06	9.48562e-07	7.98468e-07	6.24577e-07	4.49472e-07	3.43309e-07	2.72294e-07	2.09519e-07	1.64969e-07	1.23237e-07	9.03519e-08	5.84273e-08	3.20383e-08	1.5798e-08
3.81754e-06	1.94375e-06	1.49879e-06	1.15973e-06	9.88196e-07	8.27086e-07	6.46387e-07	4.67331e-07	3.56343e-07	2.83447e-07	2.17994e-07	1.71764e-07	1.28693e-07	9.21821e-08	5.82741e-08	3.06979e-08	1.37376e-08
3.76999e-06	1.93869e-06	1.51166e-06	1.1693e-06	9.80702e-07	8.19263e-07	6.46715e-07	4.57587e-07	3.49986e-07	2.70012e-07	2.03852e-07	1.58481e-07	1.15929e-07	8.18568e-08	5.00594e-08	2.71971e-08	2.00566e-08
3.72115e-06	1.94069e-06	1.51092e-06	1.17306e-06	9.80007e-07	8.17802e-07	6.48683e-07	4.59016e-07	3.40929e-07	2.67465e-07	1.99398e-07	1.5461e-07	1.08268e-07	7.27429e-08	3.95941e-08	1.94621e-08	-3.28582e-10
3.66755e-06	1.91924e-06	1.48846e-06	1.15505e-06	9.76936e-07	8.12115e-07	6.31142e-07	4.42903e-07	3.31956e-07	2.56066e-07	1.89212e-07	1.41758e-07	9.93327e-08	6.75741e-08	3.64346e-08	1.15509e-08	-9.16237e-09
3.66333e-06	1.9496e-06	1.5099e-06	1.1722e-06	9.93176e-07	8.26964e-07	6.40456e-07	4.53177e-07	3.41093e-07	2.63763e-07	1.94937e-07	1.46446e-07	1.02505e-07	6.69422e-08	3.68138e-08	1.14372e-08	-7.34253e-09
3.76445e-06	2.02509e-06	1.56371e-06	1.21324e-06	1.02885e-06	8.56881e-07	6.63086e-07	4.73095e-07	3.54e-07	2.78959e-07	2.07848e-07	1.59143e-07	1.14697e-07	8.09175e-08	4.9842e-08	2.59194e-08	7.93631e-09
3.9658e-06	2.13672e-06	1.64559e-06	1.27919e-06	1.07886e-06	9.01691e-07	7.00422e-07	5.00632e-07	3.76883e-07	2.97366e-07	2.24838e-07	1.73731e-07	1.28501e-07	9.35825e-08	6.09266e-08	3.48423e-08	1.97528e-08
4.16787e-06	2.23756e-06	1.7198e-06	1.33677e-06	1.13241e-06	9.45127e-07	7.33242e-07	5.25263e-07	3.97217e-07	3.12595e-07	2.34658e-07	1.81086e-07	1.3118e-07	9.15858e-08	5.44813e-08	2.71712e-08	5.1562e-09
4.31735e-06	2.296e-06	1.76249e-06	1.37025e-06	1.15548e-06	9.6541e-07	7.47017e-07	5.3325e-07	4.03839e-07	3.13884e-07	2.35656e-07	1.78875e-07	1.30763e-07	8.55702e-08	5.16505e-08	2.35947e-08	2.46436e-09
4.53085e-06	2.36256e-06	1.81877e-06	1.40663e-06	1.19011e-06	9.93112e-07	7.66158e-07	5.40783e-07	4.05038e-07	3.12944e-07	2.33602e-07	1.77198e-07	1.3088e-07	9.22453e-08	5.80467e-08	3.53992e-08	1.56207e-08
4.73729e-06	2.41577e-06	1.84944e-06	1.42062e-06	1.19737e-06	9.93542e-07	7.6109e-07	5.29421e-07	3.8694e-07	2.95554e-07	2.16617e-07	1.60364e-07	1.12934e-07	7.60054e-08	4.51937e-08	2.2698e-08	6.9383e-09
4.79717e-06	2.40108e-06	1.82955e-06	1.39764e-06	1.17259e-06	9.66724e-07	7.34967e-07	5.05649e-07	3.67174e-07	2.77039e-07	1.99201e-07	1.47246e-07	1.00915e-07	6.362e-08	3.65493e-08	1.5785e-08	2.79301e-09
4.71911e-06	2.30728e-06	1.75187e-06	1.32679e-06	1.11048e-06	9.1076e-07	6.86176e-07	4.66319e-07	3.32718e-07	2.4909e-07	1.80097e-07	1.29455e-07	8.50816e-08	5.06673e-08	2.352e-08	1.78201e-09	-1.09954e-08
4.6963e-06	2.2152e-06	1.67342e-06	1.25545e-06	1.05304e-06	8.61909e-07	6.5284e-07	4.45097e-07	3.22085e-07	2.44053e-07	1.78825e-07	1.3215e-07	9.05437e-08	5.88837e-08	3.06741e-08	1.62407e-08	2.1233e-09
4.66665e-06	2.12108e-06	1.57357e-06	1.1732e-06	9.78716e-07	7.98286e-07	6.0959e-07	4.21147e-07	3.07336e-07	2.33968e-07	1.7195e-07	1.27411e-07	8.87996e-08	5.97179e-08	3.32524e-08	1.67968e-08	4.06966e-09
4.47666e-06	1.99545e-06	1.47778e-06	1.1014e-06	9.27593e-07	7.60496e-07	5.80256e-07	4.03466e-07	2.95442e-07	2.25854e-07	1.64253e-07	1.23139e-07	8.56778e-08	5.5446e-08	3.18495e-08	1.52044e-08	2.95746e-09
4.15112e-06	1.86022e-06	1.40085e-06	1.06169e-06	9.03607e-07	7.49836e-07	5.79066e-07	4.08801e-07	3.04206e-07	2.36401e-07	1.74941e-07	1.34119e-07	9.59886e-08	6.88666e-08	4.3931e-08	2.50872e-08	8.77104e-09
3.79467e-06	1.72426e-06	1.32761e-06	1.02107e-06	8.75597e-07	7.30732e-07	5.67693e-07	3.99977e-07	2.94558e-07	2.26625e-07	1.63836e-07	1.24681e-07	8.90271e-08	6.13357e-08	3.60709e-08	1.86547e-08	3.3619e-09
3.42641e-06	1.59755e-06	1.25816e-06	9.86768e-07	8.54359e-07	7.15719e-07	5.56593e-07	3.98238e-07	2.92647e-07	2.2492e-07	1.64902e-07	1.29073e-07	8.87572e-08	6.25964e-08	3.62839e-08	1.77565e-08	1.23853e-09
3.0742e-06	1.47855e-06	1.18918e-06	9.3931e-07	8.17995e-07	6.88653e-07	5.41884e-07	3.86785e-07	2.911e-07	2.28666e-07	1.69443e-07	1.28899e-07	9.35241e-08	6.73247e-08	4.38805e-08	2.59972e-08	1.22466e-08
2.79779e-06	1.37224e-06	1.11549e-06	8.85537e-07	7.7144e-07	6.49685e-07	5.14989e-07	3.69828e-07	2.79933e-07	2.19662e-07	1.61818e-07	1.24043e-07	9.08425e-08	6.50482e-08	4.20342e-08	2.53014e-08	1.11089e-08
2.58048e-06	1.27699e-06	1.03805e-06	8.22979e-07	7.16478e-07	6.03202e-07	4.78553e-07	3.42757e-07	2.58676e-07	2.01691e-07	1.52377e-07	1.17686e-07	8.66719e-08	6.36074e-08	4.21227e-08	2.59207e-08	1.12605e-08
2.39265e-06	1.17711e-06	9.5305e-07	7.52066e-07	6.54197e-07	5.51551e-07	4.30668e-07	3.10808e-07	2.31428e-07	1.79044e-07	1.31739e-07	1.01724e-07	7.25173e-08	5.12221e-08	3.25936e-08	1.91593e-08	1.05781e-08
2.25066e-06	1.10061e-06	8.89076e-07	6.99454e-07	6.07411e-07	5.09883e-07	4.02839e-07	2.89323e-07	2.17109e-07	1.69767e-07	1.24826e-07	9.8994e-08	7.30228e-08	5.24733e-08	3.46536e-08	1.72889e-08	7.89879e-09
2.17393e-06	1.05374e-06	8.51945e-07	6.72598e-07	5.83664e-07	4.86528e-07	3.84425e-07	2.73842e-07	2.04004e-07	1.58924e-07	1.15234e-07	8.96798e-08	6.21667e-08	4.31969e-08	2.66916e-08	1.38766e-08	5.04259e-09
2.16711e-06	1.06184e-06	8.59465e-07	6.78424e-07	5.88997e-07	4.94111e-07	3.8881e-07	2.76003e-07	2.04749e-07	1.57243e-07	1.14122e-07	9.0021e-08	6.32788e-08	4.29821e-08	2.78038e-08	1.76427e-08	1.18924e-08
2.19695e-06	1.09592e-06	8.92168e-07	7.07438e-07	6.19737e-07	5.2238e-07	4.12564e-07	2.94205e-07	2.19532e-07	1.68604e-07	1.2512e-07	1.02083e-07	6.4285e-08	4.86655e-08	2.80291e-08	1.60744e-08	3.34883e-09
2.24392e-06	1.11892e-06	9.12122e-07	7.29503e-07	6.4309e-07	5.36496e-07	4.22484e-07	3.04314e-07	2.27759e-07	1.75631e-07	1.29227e-07	1.03827e-07	7.17283e-08	5.37077e-08	3.32482e-08	2.30627e-08	7.15261e-09
2.37757e-06	1.16561e-06	9.50056e-07	7.60868e-07	6.68133e-07	5.65666e-07	4.45607e-07	3.23425e-07	2.44225e-07	1.89604e-07	1.43059e-07	1.18681e-07	8.97154e-08	6.69043e-08	4.839e-08	2.99262e-08	1.47103e-08
2.60861e-06	1.23793e-06	1.01094e-06	7.98327e-07	6.98956e-07	5.88085e-07	4.63136e-07	3.34167e-07	2.51276e-07	1.94925e-07	1.47773e-07	1.18138e-07	8.82368e-08	6.46042e-08	4.7063e-08	3.08614e-08	1.43059e-08
2.86928e-06	1.32964e-06	1.06838e-06	8.36097e-07	7.25349e-07	6.06109e-07	4.77808e-07	3.40065e-07	2.49716e-07	1.93817e-07	1.44668e-07	1.16548e-07	7.75219e-08	5.84764e-08	3.31749e-08	1.7845e-08	7.78505e-09
3.18744e-06	1.44434e-06	1.15207e-06	8.87698e-07	7.61747e-07	6.27013e-07	4.83482e-07	3.31497e-07	2.39454e-07	1.85464e-07	1.31651e-07	9.94616e-08	6.41382e-08	4.77972e-08	2.56174e-08	1.45085e-08	4.47388e-09
3.52783e-06	1.59351e-06	1.25968e-06	9.61744e-07	8.19069e-07	6.71124e-07	5.09024e-07	3.42361e-07	2.443e-07	1.80249e-07	1.30163e-07	9.74294e-08	6.70214e-08	4.60669e-08	2.99909e-08	1.45721e-08	8.77104e-09
3.8715e-06	1.74954e-06	1.37303e-06	1.04111e-06	8.83357e-07	7.21999e-07	5.41126e-07	3.6081e-07	2.56996e-07	1.90718e-07	1.34489e-07	9.85187e-08	6.74654e-08	4.76227e-08	3.11671e-08	1.8541e-08	7.43156e-09
4.21581e-06	1.89442e-06	1.49287e-06	1.12775e-06	9.51733e-07	7.72857e-07	5.77804e-07	3.81462e-07	2.67561e-07	1.96873e-07	1.37168e-07	9.95298e-08	6.57213e-08	4.48674e-08	2.75524e-08	1.61396e-08	7.22934e-09
4.47878e-06	2.02815e-06	1.59364e-06	1.20361e-06	1.01399e-06	8.21643e-07	6.09401e-07	4.00571e-07	2.79366e-07	2.05088e-07	1.40808e-07	9.99975e-08	6.61384e-08	4.29337e-08	2.31415e-08	1.49642e-08	4.8659e-09
4.61785e-06	2.11428e-06	1.66122e-06	1.25518e-06	1.05259e-06	8.53862e-07	6.25916e-07	4.16346e-07	2.91353e-07	2.13576e-07	1.44722e-07	1.03344e-07	6.70719e-08	4.32865e-08	2.36717e-08	1.2828e-08	3.1596e-10
4.63645e-06	2.16387e-06	1.69346e-06	1.28427e-06	1.07423e-06	8.76532e-07	6.51639e-07	4.34519e-07	3.03873e-07	2.23819e-07	1.56543e-07	1.14368e-07	7.46948e-08	5.00619e-08	2.93597e-08	1.92614e-08	7.29254e-09
4.62196e-06	2.18422e-06	1.71081e-06	1.29286e-06	1.09498e-06	8.93696e-07	6.68209e-07	4.45072e-07	3.14426e-07	2.32299e-07	1.63153e-07	1.2008e-07	8.00409e-08	5.32342e-08	3.17484e-08	1.96153e-08	1.03132e-08
4.47788e-06	2.16262e-06	1.69766e-06	1.29479e-06	1.09006e-06	8.91057e-07	6.667e-07	4.44227e-07	3.1596e-07	2.34796e-07	1.62707e-07	1.14959e-07	7.56408e-08	5.00607e-08	2.74379e-08	1.10586e-08	3.29862e-09
4.27451e-06	2.14519e-06	1.68451e-06	1.30074e-06	1.09447e-06	8.99209e-07	6.81285e-07	4.53971e-07	3.26791e-07	2.37892e-07	1.67143e-07	1.27724e-07	8.57768e-08	5.87432e-08	3.27334e-08	1.58485e-08	3.5893e-09
4.15799e-06	2.15659e-06	1.70306e-06	1.32324e-06	1.11636e-06	9.21884e-07	6.98051e-07	4.725e-07	3.40963e-07	2.55453e-07	1.82532e-07	1.35025e-07	9.51268e-08	6.68933e-08	4.42585e-08	2.9611e-08	2.19271e-08
4.1063e-06	2.17948e-06	1.718e-06	1.34697e-06	1.13744e-06	9.4266e-07	7.10189e-07	4.8261e-07	3.50993e-07	2.65318e-07	1.918e-07	1.4385e-07	1.02207e-07	7.3429e-08	4.90117e-08	3.39594e-08	2.33937e-08
4.16551e-06	2.23935e-06	1.76185e-06	1.37327e-06	1.15892e-06	9.60784e-07	7.24793e-07	4.93062e-07	3.54106e-07	2.67308e-07	1.90355e-07	1.38071e-07	9.41663e-08	6.17623e-08	3.57405e-08	1.67075e-08	6.48333e-09
4.36413e-06	2.34777e-06	1.84108e-06	1.43032e-06	1.2077e-06	1.00311e-06	7.60034e-07	5.22066e-07	3.77565e-07	2.8512e-07	2.04251e-07	1.50617e-07	1.02833e-07	7.06198e-08	4.32843e-08	2.5048e-08	1.48999e-08
4.77501e-06	2.56208e-06	1.99056e-06	1.54867e-06	1.30371e-06	1.08313e-06	8.21163e-07	5.59916e-07	4.04231e-07	3.01057e-07	2.10659e-07	1.46206e-07	9.7892e-08	5.87908e-08	2.79042e-08	8.72005e-09	-5.4216e-09
5.38126e-06	2.90196e-06	2.25705e-06	1.768e-06	1.49462e-06	1.2485e-06	9.49879e-07	6.5202e-07	4.69669e-07	3.50988e-07	2.47953e-07	1.74414e-07	1.1954e-07	7.5043e-08	3.9632e-08	1.3674e-08	-1.25114e-09
5.88778e-06	3.26626e-06	2.53788e-06	1.99187e-06	1.67764e-06	1.40122e-06	1.06241e-06	7.23524e-07	5.20006e-07	3.87575e-07	2.71825e-07	1.89566e-07	1.27591e-07	8.6379e-08	5.58968e-08	3.34395e-08	1.7061e-08
6.32179e-06	3.57062e-06	2.74771e-06	2.14443e-06	1.7928e-06	1.49189e-06	1.12367e-06	7.57488e-07	5.36825e-07	3.95097e-07	2.72324e-07	1.8572e-07	1.22848e-07	7.56477e-08	4.27903e-08	1.91963e-08	1.0527e-08
6.45768e-06	3.59621e-06	2.71626e-06	2.09279e-06	1.73325e-06	1.42885e-06	1.0642e-06	7.05781e-07	4.93542e-07	3.57067e-07	2.4061e-07	1.62256e-07	1.03528e-07	5.94101e-08	2.99262e-08	8.90961e-09	8.18926e-09
6.13199e-06	3.32992e-06	2.48441e-06	1.89444e-06	1.56241e-06	1.28214e-06	9.4757e-07	6.26583e-07	4.41428e-07	3.23691e-07	2.22117e-07	1.51225e-07	9.72022e-08	5.87864e-08	3.12634e-08	9.65451e-09	-3.41193e-10
5.37347e-06	2.94651e-06	2.21541e-06	1.68868e-06	1.3889e-06	1.13288e-06	8.31046e-07	5.45391e-07	3.81808e-07	2.81611e-07	1.9424e-07	1.35113e-07	9.03404e-08	5.54502e-08	3.09222e-08	1.64026e-08	8.73202e-09
4.63863e-06	2.63112e-06	2.0067e-06	1.53796e-06	1.26526e-06	1.03119e-06	7.529e-07	4.89928e-07	3.46564e-07	2.51535e-07	1.72644e-07	1.19986e-07	8.24298e-08	5.1596e-08	2.78894e-08	1.19291e-08	1.16258e-09
4.06552e-06	2.33972e-06	1.8039e-06	1.39459e-06	1.1554e-06	9.47695e-07	6.96482e-07	4.60471e-07	3.25709e-07	2.41344e-07	1.71309e-07	1.24337e-07	8.35313e-08	5.79412e-08	3.25532e-08	1.56068e-08	2.28732e-09
3.54243e-06	2.00056e-06	1.54581e-06	1.19531e-06	9.96411e-07	8.19003e-07	6.09738e-07	4.07688e-07	2.9167e-07	2.21447e-07	1.56279e-07	1.15045e-07	7.81207e-08	5.73963e-08	3.22491e-08	1.42922e-08	3.20975e-09
3.16162e-06	1.70418e-06	1.31503e-06	1.01841e-06	8.56007e-07	7.07049e-07	5.36684e-07	3.67153e-07	2.70345e-07	2.04686e-07	1.50399e-07	1.15068e-07	8.38051e-08	6.23863e-08	4.81323e-08	2.91397e-08	1.36348e-08
2.88694e-06	1.44085e-06	1.10083e-06	8.43371e-07	7.13203e-07	5.89214e-07	4.5073e-07	3.11198e-07	2.25536e-07	1.70959e-07	1.22776e-07	9.25874e-08	6.55201e-08	4.87262e-08	3.42322e-08	2.14567e-08	5.96442e-09
2.68175e-06	1.26519e-06	9.66211e-07	7.41414e-07	6.34714e-07	5.26612e-07	4.07301e-07	2.87308e-07	2.10379e-07	1.61351e-07	1.1787e-07	9.09298e-08	6.10453e-08	4.28113e-08	3.24496e-08	2.25934e-08	1.75263e-08
2.44569e-06	1.10815e-06	8.58049e-07	6.58175e-07	5.70306e-07	4.71228e-07	3.64759e-07	2.5422e-07	1.86202e-07	1.41724e-07	1.00114e-07	7.57645e-08	4.27344e-08	2.44756e-08	1.0374e-08	8.84508e-10	-5.06697e-09
2.22591e-06	1.01351e-06	8.05871e-07	6.24036e-07	5.3825e-07	4.45627e-07	3.44146e-07	2.41376e-07	1.77399e-07	1.35358e-07	9.72605e-08	7.74596e-08	5.48915e-08	3.88562e-08	2.57398e-08	1.63385e-08	7.85969e-09
2.11324e-06	9.71835e-07	7.87554e-07	6.16427e-07	5.32878e-07	4.40207e-07	3.43113e-07	2.41888e-07	1.80099e-07	1.38577e-07	1.02565e-07	8.20192e-08	5.86429e-08	3.89689e-08	2.83043e-08	1.19914e-08	-5.11751e-09
2.05282e-06	9.45742e-07	7.74792e-07	6.06748e-07	5.24564e-07	4.33548e-07	3.35456e-07	2.32436e-07	1.68132e-07	1.26333e-07	9.15466e-08	7.2138e-08	5.0556e-08	3.40662e-08	2.05332e-08	1.02603e-08	9.85595e-10
2.10062e-06	9.46236e-07	7.82252e-07	6.05999e-07	5.27078e-07	4.33727e-07	3.33135e-07	2.26542e-07	1.63188e-07	1.21074e-07	8.50876e-08	6.62101e-08	4.60565e-08	3.23848e-08	2.10887e-08	1.68684e-08	1.02095e-08
2.20249e-06	9.82587e-07	8.08979e-07	6.31214e-07	5.48068e-07	4.52273e-07	3.4618e-07	2.37016e-07	1.70373e-07	1.27259e-07	9.00073e-08	7.2064e-08	4.55028e-08	3.6986e-08	2.54871e-08	1.67934e-08	1.00205e-08
2.35834e-06	1.05058e-06	8.59818e-07	6.66313e-07	5.75929e-07	4.7114e-07	3.54637e-07	2.38969e-07	1.71481e-07	1.26245e-07	8.72883e-08	6.63508e-08	4.372e-08	3.08946e-08	1.88779e-08	7.64468e-09	-9.35052e-10
2.6281e-06	1.16829e-06	9.47217e-07	7.28556e-07	6.23875e-07	5.08568e-07	3.83037e-07	2.5695e-07	1.79539e-07	1.319e-07	9.31687e-08	7.09791e-08	5.11651e-08	3.55338e-08	2.36176e-08	1.54165e-08	6.50778e-09
2.97003e-06	1.31402e-06	1.05032e-06	7.97551e-07	6.76443e-07	5.4611e-07	4.05732e-07	2.67489e-07	1.85301e-07	1.3684e-07	9.4028e-08	6.8793e-08	4.73741e-08	3.23241e-08	1.93844e-08	1.25354e-08	5.42105e-09
3.29298e-06	1.46476e-06	1.14794e-06	8.57148e-07	7.18694e-07	5.78218e-07	4.21744e-07	2.74735e-07	1.86623e-07	1.34348e-07	9.22945e-08	7.04339e-08	4.68043e-08	3.21464e-08	2.19111e-08	1.49738e-08	7.67015e-09
3.66257e-06	1.63841e-06	1.25652e-06	9.24093e-07	7.64153e-07	6.07953e-07	4.34354e-07	2.73668e-07	1.84366e-07	1.34035e-07	8.5928e-08	6.9071e-08	3.82127e-08	2.57152e-08	1.38243e-08	6.3056e-09	-1.4911e-09
4.06624e-06	1.81394e-06	1.37344e-06	9.97372e-07	8.16034e-07	6.43301e-07	4.58741e-07	2.86375e-07	1.92686e-07	1.36427e-07	9.20085e-08	6.65074e-08	4.24849e-08	2.73334e-08	1.41658e-08	6.49531e-09	-4.51134e-09
4.41103e-06	1.96316e-06	1.47028e-06	1.05695e-06	8.57309e-07	6.70491e-07	4.6664e-07	2.84447e-07	1.89117e-07	1.32405e-07	8.73054e-08	6.42944e-08	4.02851e-08	2.85837e-08	2.03068e-08	1.26238e-08	2.19875e-09
4.7594e-06	2.07403e-06	1.53618e-06	1.08714e-06	8.68906e-07	6.65858e-07	4.54267e-07	2.64652e-07	1.69535e-07	1.16612e-07	7.03617e-08	4.85253e-08	3.3121e-08	2.30874e-08	1.65289e-08	1.59603e-08	8.80784e-09
5.23813e-06	2.20299e-06	1.60002e-06	1.1156e-06	8.90505e-07	6.79514e-07	4.6295e-07	2.70699e-07	1.73549e-07	1.1762e-07	7.55914e-08	5.3983e-08	3.37267e-08	1.98645e-08	1.19794e-08	7.06379e-09	3.90467e-09
5.63053e-06	2.29864e-06	1.59442e-06	1.08774e-06	8.58231e-07	6.46811e-07	4.31599e-07	2.4209e-07	1.4719e-07	9.51906e-08	5.49181e-08	3.3335e-08	1.39633e-08	3.58876e-09	-3.38658e-09	-7.01324e-09	-3.7404e-09
5.65344e-06	2.20453e-06	1.49455e-06	1.00541e-06	7.9448e-07	5.98628e-07	4.04355e-07	2.27532e-07	1.40151e-07	9.21704e-08	5.54362e-08	3.6848e-08	1.99151e-08	1.31925e-08	6.54569e-09	3.84149e-09	4.25849e-09
5.35206e-06	1.95501e-06	1.32427e-06	8.91804e-07	7.17997e-07	5.47426e-07	3.80936e-07	2.27134e-07	1.47307e-07	1.02232e-07	6.74299e-08	4.88538e-08	3.09349e-08	2.25693e-08	1.3812e-08	4.99153e-09	-6.39422e-09
4.70829e-06	1.58899e-06	1.10223e-06	7.47669e-07	6.14401e-07	4.67662e-07	3.29087e-07	2.03073e-07	1.34127e-07	9.48518e-08	6.26911e-08	4.80577e-08	3.20343e-08	2.44775e-08	1.61751e-08	1.10319e-08	8.82048e-09
3.58171e-06	1.24681e-06	9.09584e-07	6.32497e-07	5.24793e-07	4.03834e-07	2.88928e-07	1.7464e-07	1.16296e-07	7.77921e-08	5.06483e-08	3.69879e-08	2.20765e-08	1.49367e-08	8.40347e-09	6.16676e-09	2.85592e-09
2.70889e-06	1.06237e-06	8.01064e-07	5.77171e-07	4.79542e-07	3.76617e-07	2.75045e-07	1.70757e-07	1.14638e-07	8.0924e-08	5.41852e-08	4.28124e-08	2.56773e-08	1.71351e-08	1.08926e-08	5.47159e-09	-4.42277e-10
2.33889e-06	9.55205e-07	7.25972e-07	5.23187e-07	4.36516e-07	3.42073e-07	2.52192e-07	1.63284e-07	1.13751e-07	8.27036e-08	5.69006e-08	5.06457e-08	3.45599e-08	2.80017e-08	2.19743e-08	1.55298e-08	7.26579e-09
2.06026e-06	8.48307e-07	6.45754e-07	4.66768e-07	3.89841e-07	3.03589e-07	2.22391e-07	1.40157e-07	9.57291e-08	6.46828e-08	3.9904e-08	3.19687e-08	1.8322e-08	1.0096e-08	5.07961e-09	2.32499e-09	1.89538e-09
1.80107e-06	7.41496e-07	5.7488e-07	4.19813e-07	3.49886e-07	2.75436e-07	2.05269e-07	1.33081e-07	9.15719e-08	6.40637e-08	4.36189e-08	3.36619e-08	2.14177e-08	1.26737e-08	8.5671e-09	4.51099e-09	1.02729e-08
1.59069e-06	6.45653e-07	5.16351e-07	3.81931e-07	3.25916e-07	2.58112e-07	1.93771e-07	1.27963e-07	8.93101e-08	6.6136e-08	4.48825e-08	3.59237e-08	2.57013e-08	1.82335e-08	1.37099e-08	7.8974e-09	1.18777e-09
1.4438e-06	5.67688e-07	4.69473e-07	3.50572e-07	3.0631e-07	2.41983e-07	1.87877e-07	1.26557e-07	9.06346e-08	6.89394e-08	4.71431e-08	4.04968e-08	2.83794e-08	2.31609e-08	1.60345e-08	9.0723e-09	1.60471e-09
1.37615e-06	5.10715e-07	4.40133e-07	3.22256e-07	2.82783e-07	2.26479e-07	1.73991e-07	1.17776e-07	8.40894e-08	6.06126e-08	4.17857e-08	3.58091e-08	2.39822e-08	2.02168e-08	1.27745e-08	7.83402e-09	-6.06505e-10
1.34092e-06	4.73781e-07	4.14255e-07	3.09583e-07	2.69465e-07	2.13995e-07	1.67597e-07	1.13568e-07	8.33186e-08	6.23563e-08	4.54626e-08	4.17477e-08	3.08433e-08	2.70905e-08	2.25165e-08	1.73107e-08	1.30904e-08
1.32948e-06	4.60514e-07	3.916e-07	2.94635e-07	2.63387e-07	2.12302e-07	1.5893e-07	1.1094e-07	7.20224e-08	5.36378e-08	3.39137e-08	2.8253e-08	1.7715e-08	1.29261e-08	6.30512e-09	3.05779e-09	-4.34662e-09
1.30164e-06	4.27373e-07	3.62441e-07	2.65428e-07	2.34888e-07	1.8671e-07	1.42677e-07	9.53326e-08	6.24558e-08	4.36672e-08	2.59401e-08	2.13408e-08	1.30016e-08	1.06515e-08	6.98726e-09	3.60103e-09	8.71829e-09
1.27502e-06	3.99636e-07	3.44103e-07	2.50145e-07	2.22625e-07	1.7274e-07	1.31435e-07	8.55551e-08	5.64176e-08	3.96882e-08	2.30598e-08	1.9724e-08	1.08665e-08	8.112e-09	5.91342e-09	3.90437e-09	1.24839e-08
1.26924e-06	3.94835e-07	3.54123e-07	2.60747e-07	2.3329e-07	1.88863e-07	1.52549e-07	1.0418e-07	8.10695e-08	6.33671e-08	4.59048e-08	4.34535e-08	3.3143e-08	2.68631e-08	2.1493e-08	1.85868e-08	1.18395e-08
1.25766e-06	3.57782e-07	3.28633e-07	2.42261e-07	2.21742e-07	1.75941e-07	1.42155e-07	9.70864e-08	6.4261e-08	4.74692e-08	3.06396e-08	2.57625e-08	1.38857e-08	8.31375e-09	3.03237e-09	-8.92022e-09	-1.82953e-08
1.25175e-06	3.2491e-07	3.04213e-07	2.26845e-07	2.10204e-07	1.64085e-07	1.29274e-07	8.10442e-08	5.4497e-08	4.19625e-08	2.69895e-08	2.23901e-08	1.21933e-08	8.03619e-09	-5.26901e-09	-1.14857e-08	-1.23575e-08
1.27314e-06	3.06037e-07	2.97559e-07	2.19878e-07	2.07306e-07	1.62716e-07	1.2946e-07	8.76251e-08	6.64611e-08	4.89488e-08	3.34075e-08	3.45194e-08	2.2478e-08	1.9812e-08	1.68301e-08	1.55413e-08	1.29637e-08
1.20992e-06	2.61877e-07	2.71909e-07	2.00533e-07	1.89541e-07	1.48944e-07	1.17103e-07	7.58112e-08	5.10336e-08	3.21566e-08	1.83968e-08	1.9256e-08	7.98544e-09	4.92773e-09	5.07935e-09	7.35368e-09	6.16598e-09
1.14917e-06	2.51876e-07	2.71866e-07	2.02825e-07	1.95295e-07	1.53585e-07	1.20353e-07	8.26615e-08	5.69356e-08	4.02062e-08	2.68378e-08	2.20616e-08	1.30019e-08	8.112e-09	4.85204e-09	2.90617e-09	3.75275e-09
1.1239e-06	2.70425e-07	2.85222e-07	2.12264e-07	2.01751e-07	1.60471e-07	1.27518e-07	8.61616e-08	6.04736e-08	4.36683e-08	2.9466e-08	2.46013e-08	1.68179e-08	1.18521e-08	5.93869e-09	2.90617e-10	-4.96576e-09
1.10625e-06	2.86788e-07	2.83048e-07	2.09977e-07	1.93083e-07	1.55745e-07	1.22375e-07	7.90983e-08	5.10854e-08	3.54174e-08	2.15309e-08	2.11013e-08	9.47664e-09	6.40621e-09	3.47477e-09	-1.89533e-10	-2.50183e-09
1.11816e-06	3.2392e-07	3.09982e-07	2.35254e-07	2.17084e-07	1.76017e-07	1.42798e-07	1.01415e-07	7.44882e-08	5.79732e-08	4.46929e-08	4.54764e-08	3.43695e-08	3.05914e-08	2.7862e-08	1.93455e-08	5.91357e-09
1.11189e-06	3.31632e-07	3.10669e-07	2.33605e-07	2.13667e-07	1.69607e-07	1.33924e-07	9.06472e-08	6.7044e-08	4.58037e-08	3.39643e-08	3.28144e-08	2.33631e-08	1.70074e-08	1.12456e-08	5.68598e-09	-2.14804e-10
1.11853e-06	3.41555e-07	3.07652e-07	2.28007e-07	2.06209e-07	1.63512e-07	1.2784e-07	8.89333e-08	5.91877e-08	4.20152e-08	3.03773e-08	2.70793e-08	1.78802e-08	1.34828e-08	5.10501e-09	-2.57778e-09	-2.46405e-09
1.1392e-06	3.56053e-07	3.13862e-07	2.30086e-07	2.05775e-07	1.60601e-07	1.21974e-07	8.21582e-08	5.44099e-08	4.07e-08	2.62825e-08	2.51832e-08	1.45438e-08	1.31539e-08	7.32878e-10	-1.55421e-09	2.8557e-09
1.16029e-06	3.63697e-07	3.18183e-07	2.29113e-07	2.04726e-07	1.59527e-07	1.19421e-07	7.7584e-08	5.27167e-08	3.77053e-08	2.27319e-08	2.44882e-08	1.53652e-08	1.12838e-08	6.45691e-09	3.32322e-09	-1.21304e-09
1.14696e-06	3.54061e-07	3.07066e-07	2.20835e-07	1.94892e-07	1.46431e-07	1.0971e-07	6.73903e-08	4.39749e-08	2.51719e-08	1.25859e-08	1.20931e-08	5.01668e-09	3.6393e-09	2.29984e-09	2.41357e-09	6.76051e-09
1.15668e-06	3.76434e-07	3.24994e-07	2.35191e-07	2.08997e-07	1.63306e-07	1.24931e-07	8.35355e-08	5.78469e-08	4.12307e-08	2.88097e-08	2.57645e-08	1.84357e-08	1.44807e-08	1.13217e-08	1.05762e-08	1.37731e-08
1.15664e-06	3.7941e-07	3.23077e-07	2.3428e-07	2.04117e-07	1.56541e-07	1.18366e-07	7.7866e-08	5.33765e-08	3.5698e-08	2.22402e-08	1.72741e-08	7.69561e-09	2.52729e-09	-4.61231e-09	-8.54226e-09	-3.12121e-09
1.20247e-06	3.86244e-07	3.23262e-07	2.27184e-07	2.02239e-07	1.50567e-07	1.17067e-07	7.04122e-08	4.52397e-08	2.83443e-08	1.39257e-08	1.33824e-08	3.67731e-09	2.27462e-10	-3.46248e-09	-4.76407e-09	-2.2999e-09
1.28652e-06	4.1176e-07	3.4073e-07	2.42064e-07	2.12065e-07	1.62189e-07	1.23193e-07	8.17453e-08	5.45769e-08	4.18899e-08	2.79772e-08	2.3567e-08	1.87146e-08	1.82092e-08	1.66422e-08	1.28513e-08	1.17393e-08
1.38098e-06	4.23107e-07	3.51686e-07	2.49014e-07	2.19963e-07	1.67699e-07	1.26605e-07	8.28447e-08	5.78119e-08	4.37727e-08	2.9721e-08	2.89502e-08	2.12925e-08	1.9258e-08	1.55934e-08	1.14107e-08	6.64679e-09
1.45644e-06	4.41631e-07	3.66328e-07	2.63515e-07	2.34008e-07	1.82324e-07	1.39674e-07	9.1642e-08	6.73036e-08	4.94983e-08	3.46122e-08	3.33485e-08	2.21144e-08	1.68828e-08	1.016e-08	5.26954e-09	-1.32686e-09
1.50523e-06	4.30005e-07	3.59529e-07	2.5314e-07	2.25074e-07	1.71671e-07	1.32509e-07	8.51846e-08	5.86853e-08	4.11707e-08	2.68532e-08	2.74345e-08	1.77041e-08	1.54927e-08	1.26242e-08	1.21187e-08	9.83143e-09
1.55651e-06	4.23522e-07	3.53944e-07	2.43953e-07	2.19299e-07	1.60576e-07	1.25761e-07	8.04585e-08	5.27586e-08	3.63055e-08	1.98524e-08	1.77926e-08	7.61999e-09	3.3993e-09	2.14825e-10	-2.40099e-10	-3.03283e-09
1.59835e-06	4.35071e-07	3.69105e-07	2.59541e-07	2.32333e-07	1.78815e-07	1.38199e-07	9.06586e-08	6.49168e-08	4.73513e-08	3.2945e-08	3.09357e-08	2.02067e-08	1.63524e-08	1.06531e-08	5.30759e-09	-5.64879e-09
1.59355e-06	4.36145e-07	3.71114e-07	2.57873e-07	2.31411e-07	1.78385e-07	1.37391e-07	8.98878e-08	6.36531e-08	4.53167e-08	3.24142e-08	3.03164e-08	1.99414e-08	1.63019e-08	1.17146e-08	7.62018e-09	3.17192e-09
1.5653e-06	4.35587e-07	3.63958e-07	2.53178e-07	2.22545e-07	1.69443e-07	1.26324e-07	8.02477e-08	5.44041e-08	3.71161e-08	2.14836e-08	1.70226e-08	8.12587e-09	2.161e-09	-3.41211e-09	-8.22697e-09	-1.20056e-08
1.53635e-06	4.33274e-07	3.63604e-07	2.50398e-07	2.21054e-07	1.69822e-07	1.28295e-07	8.21054e-08	5.11058e-08	3.45002e-08	2.29243e-08	2.00935e-08	8.79565e-09	5.5352e-09	1.71869e-09	-2.09781e-09	-8.82093e-09
1.47515e-06	4.2985e-07	3.58284e-07	2.49438e-07	2.21559e-07	1.69885e-07	1.28712e-07	8.28763e-08	5.56805e-08	4.02502e-08	2.32402e-08	2.57424e-08	1.13863e-08	3.98079e-09	-2.65386e-10	-3.79123e-09	-6.60938e-09
1.40496e-06	4.41945e-07	3.53422e-07	2.48686e-07	2.16133e-07	1.68465e-07	1.28191e-07	8.61219e-08	6.09488e-08	4.41414e-08	2.85346e-08	3.134e-08	1.99161e-08	1.39135e-08	8.84598e-09	2.52742e-09	-8.95971e-09
1.37643e-06	4.47872e-07	3.56367e-07	2.51188e-07	2.21251e-07	1.70222e-07	1.3202e-07	8.78279e-08	6.22631e-08	4.4331e-08	3.28565e-08	3.54471e-08	2.44402e-08	2.17611e-08	1.58217e-08	6.58394e-09	-3.84168e-09
1.32761e-06	4.3453e-07	3.40945e-07	2.39095e-07	2.07807e-07	1.59156e-07	1.21399e-07	7.82703e-08	5.92272e-08	4.35832e-08	3.12121e-08	2.5096e-08	1.75521e-08	1.45193e-08	1.30156e-08	1.05009e-08	9.91963e-09
1.31785e-06	4.52726e-07	3.61311e-07	2.56262e-07	2.27841e-07	1.80921e-07	1.41949e-07	1.02598e-07	7.77163e-08	6.11874e-08	4.93846e-08	4.73501e-08	4.05515e-08	3.63813e-08	3.26029e-08	2.74092e-08	1.8336e-08
1.29437e-06	4.52851e-07	3.61181e-07	2.59655e-07	2.28327e-07	1.80129e-07	1.41713e-07	8.78153e-08	6.25916e-08	4.55947e-08	3.26796e-08	2.9217e-08	2.03458e-08	1.80584e-08	1.2536e-08	9.64212e-09	1.1247e-09
1.22807e-06	4.26542e-07	3.3418e-07	2.36295e-07	2.04375e-07	1.57657e-07	1.18356e-07	7.28764e-08	4.5265e-08	2.93047e-08	1.38626e-08	9.25013e-09	-2.08507e-09	-7.99909e-09	-6.63432e-09	-1.23588e-08	-5.26954e-09
1.22274e-06	4.51992e-07	3.63646e-07	2.72267e-07	2.36074e-07	1.95104e-07	1.49371e-07	1.08401e-07	8.17116e-08	6.3413e-08	4.8299e-08	4.89814e-08	4.02745e-08	3.42718e-08	2.40358e-08	1.96886e-08	1.54173e-08
1.21363e-06	4.65716e-07	3.79467e-07	2.86572e-07	2.53955e-07	2.07527e-07	1.61363e-07	1.14745e-07	8.55659e-08	5.93186e-08	4.5203e-08	4.02492e-08	2.7789e-08	1.72244e-08	1.17399e-08	6.0279e-09	-6.84932e-09
1.21956e-06	4.56211e-07	3.78971e-07	2.81815e-07	2.49918e-07	2.02148e-07	1.56995e-07	1.1174e-07	8.24466e-08	6.32503e-08	4.64426e-08	4.54695e-08	3.24656e-08	2.71326e-08	1.95122e-08	1.75787e-08	8.73247e-09
1.24416e-06	4.69113e-07	3.91505e-07	2.93524e-07	2.61715e-07	2.11922e-07	1.66464e-07	1.19022e-07	9.01577e-08	6.67905e-08	5.4494e-08	5.01719e-08	4.20964e-08	3.20493e-08	3.15691e-08	2.62739e-08	1.77308e-08
1.27173e-06	4.86743e-07	4.04271e-07	3.0163e-07	2.6852e-07	2.16871e-07	1.71768e-07	1.20662e-07	9.09263e-08	6.96954e-08	5.20789e-08	4.9981e-08	3.70656e-08	3.0671e-08	2.70441e-08	1.8716e-08	5.08025e-09
1.28239e-06	4.88373e-07	4.08311e-07	3.03668e-07	2.66423e-07	2.14835e-07	1.6638e-07	1.13983e-07	8.33228e-08	6.28365e-08	4.41069e-08	4.04418e-08	2.79049e-08	2.12951e-08	1.61894e-08	8.41696e-09	-8.72027e-10
1.30529e-06	4.94755e-07	4.16928e-07	3.10955e-07	2.75353e-07	2.22941e-07	1.7537e-07	1.22782e-07	9.15272e-08	6.98777e-08	5.23103e-08	5.06799e-08	3.89768e-08	3.3062e-08	3.05596e-08	2.78929e-08	2.35959e-08
1.32462e-06	5.09821e-07	4.32937e-07	3.2682e-07	2.90015e-07	2.37513e-07	1.88119e-07	1.35023e-07	1.00404e-07	7.98787e-08	5.88094e-08	5.49671e-08	4.19489e-08	3.28109e-08	2.63271e-08	1.83266e-08	9.26441e-09
1.33737e-06	5.04651e-07	4.39952e-07	3.32508e-07	3.00316e-07	2.46208e-07	1.95842e-07	1.41229e-07	1.06598e-07	8.41633e-08	6.32204e-08	5.62437e-08	4.22523e-08	3.37083e-08	2.64788e-08	1.74545e-08	5.54853e-09
1.35296e-06	4.80762e-07	4.35917e-07	3.31362e-07	3.00066e-07	2.43794e-07	1.94954e-07	1.39984e-07	1.04252e-07	8.08433e-08	5.928e-08	5.16836e-08	3.67562e-08	2.2941e-08	1.38152e-08	5.39714e-09	3.71606e-09
1.35598e-06	4.71118e-07	4.3364e-07	3.34972e-07	3.0427e-07	2.47112e-07	1.99573e-07	1.42845e-07	1.09513e-07	9.15009e-08	6.86351e-08	6.42996e-08	5.02692e-08	4.14212e-08	3.65169e-08	3.29524e-08	2.56845e-08
1.38559e-06	4.77526e-07	4.47353e-07	3.51464e-07	3.21721e-07	2.66205e-07	2.14696e-07	1.49535e-07	1.21714e-07	9.55734e-08	6.81818e-08	6.25948e-08	4.62635e-08	3.22707e-08	2.51289e-08	1.80504e-08	1.08833e-08
1.40646e-06	4.89534e-07	4.57137e-07	3.55863e-07	3.2794e-07	2.65902e-07	2.19284e-07	1.61038e-07	1.18983e-07	9.62054e-08	7.08236e-08	6.69178e-08	4.94868e-08	3.87805e-08	3.25109e-08	2.63677e-08	1.41571e-08
1.43025e-06	5.0469e-07	4.72431e-07	3.68313e-07	3.3785e-07	2.80046e-07	2.26085e-07	1.66068e-07	1.24343e-07	1.00313e-07	7.36804e-08	6.78785e-08	4.99924e-08	3.96274e-08	2.96415e-08	2.61402e-08	1.63945e-08
1.45245e-06	5.2341e-07	4.93629e-07	3.88007e-07	3.59263e-07	3.00094e-07	2.43566e-07	1.81325e-07	1.41142e-07	1.11664e-07	8.62701e-08	7.45146e-08	5.57943e-08	4.27622e-08	2.89084e-08	1.99464e-08	3.74153e-09
1.4519e-06	5.17406e-07	4.95399e-07	3.88664e-07	3.64546e-07	3.06009e-07	2.4794e-07	1.91362e-07	1.46754e-07	1.18819e-07	9.20594e-08	8.09738e-08	6.21145e-08	4.85135e-08	3.61892e-08	2.61275e-08	1.31206e-08
1.43615e-06	5.20705e-07	4.98963e-07	3.96638e-07	3.68942e-07	3.09405e-07	2.57957e-07	1.96852e-07	1.51106e-07	1.2049e-07	9.34901e-08	7.97244e-08	5.92213e-08	4.46214e-08	3.33839e-08	2.12363e-08	1.00746e-08
1.45073e-06	5.31628e-07	5.06586e-07	4.0355e-07	3.77497e-07	3.2156e-07	2.68696e-07	2.09119e-07	1.63549e-07	1.31542e-07	1.04996e-07	9.05092e-08	6.81473e-08	5.33954e-08	3.67346e-08	2.22733e-08	1.03656e-08
1.49137e-06	5.65025e-07	5.38087e-07	4.34621e-07	4.0422e-07	3.45047e-07	2.92436e-07	2.26968e-07	1.81069e-07	1.46749e-07	1.18104e-07	1.01734e-07	7.6326e-08	5.62649e-08	4.00718e-08	2.63564e-08	1.48025e-08
1.55769e-06	6.30154e-07	5.88034e-07	4.81253e-07	4.44353e-07	3.85609e-07	3.24666e-07	2.49324e-07	2.01375e-07	1.62921e-07	1.31027e-07	1.16869e-07	9.1725e-08	7.17645e-08	5.38897e-08	3.82778e-08	2.17683e-08
1.6565e-06	7.11413e-07	6.51202e-07	5.31085e-07	4.87258e-07	4.19412e-07	3.48469e-07	2.68083e-07	2.1274e-07	1.74058e-07	1.33783e-07	1.11761e-07	8.26612e-08	6.19422e-08	4.13369e-08	2.84049e-08	1.96445e-08
1.8646e-06	8.6361e-07	7.78519e-07	6.35922e-07	5.78365e-07	4.98622e-07	4.11939e-07	3.14245e-07	2.49077e-07	2.00597e-07	1.54493e-07	1.2524e-07	9.21192e-08	7.09319e-08	4.85943e-08	3.49413e-08	2.29192e-08
2.15864e-06	1.07734e-06	9.49446e-07	7.78368e-07	7.00281e-07	6.03092e-07	4.955e-07	3.73635e-07	2.92248e-07	2.32466e-07	1.79321e-07	1.41282e-07	1.04533e-07	7.42693e-08	4.98205e-08	2.90883e-08	1.60295e-08
2.5166e-06	1.36536e-06	1.17872e-06	9.71556e-07	8.64517e-07	7.46821e-07	6.05029e-07	4.47865e-07	3.42785e-07	2.68552e-07	2.03674e-07	1.59149e-07	1.16761e-07	8.19322e-08	5.52831e-08	3.86589e-08	2.8242e-08
3.04611e-06	1.77496e-06	1.51221e-06	1.24591e-06	1.09499e-06	9.42682e-07	7.47427e-07	5.38356e-07	4.01355e-07	3.0735e-07	2.2648e-07	1.71412e-07	1.2336e-07	8.7305e-08	5.88734e-08	4.34249e-08	2.93545e-08
3.87873e-06	2.38812e-06	1.99475e-06	1.63141e-06	1.40883e-06	1.19647e-06	9.23896e-07	6.38467e-07	4.59268e-07	3.41546e-07	2.38907e-07	1.69907e-07	1.14877e-07	7.5409e-08	4.73313e-08	2.89626e-08	1.29074e-08
4.79601e-06	3.0142e-06	2.45372e-06	1.97512e-06	1.67421e-06	1.40163e-06	1.04828e-06	7.00341e-07	4.8713e-07	3.49798e-07	2.40152e-07	1.65651e-07	1.11188e-07	7.42225e-08	4.6182e-08	3.17952e-08	1.47914e-08
5.06814e-06	3.16932e-06	2.52664e-06	2.00488e-06	1.67645e-06	1.38964e-06	1.02167e-06	6.65933e-07	4.56396e-07	3.26291e-07	2.24367e-07	1.59562e-07	1.1085e-07	8.14433e-08	5.83706e-08	4.70682e-08	3.43877e-08
4.76028e-06	2.92273e-06	2.30881e-06	1.81582e-06	1.50857e-06	1.24308e-06	9.12248e-07	5.94124e-07	4.10883e-07	2.97441e-07	2.07603e-07	1.50813e-07	1.05489e-07	7.82574e-08	5.10506e-08	3.88632e-08	2.88756e-08
4.37731e-06	2.62348e-06	2.08345e-06	1.63731e-06	1.37043e-06	1.13415e-06	8.43982e-07	5.69001e-07	4.07573e-07	3.04539e-07	2.22528e-07	1.66005e-07	1.20645e-07	9.06574e-08	6.38432e-08	4.19469e-08	2.4842e-08
3.77658e-06	2.21676e-06	1.78902e-06	1.41975e-06	1.20645e-06	1.01092e-06	7.72384e-07	5.37877e-07	4.00478e-07	3.07669e-07	2.29879e-07	1.83873e-07	1.38562e-07	1.02038e-07	7.19108e-08	4.79152e-08	2.50322e-08
3.21504e-06	1.80888e-06	1.48264e-06	1.18126e-06	1.01512e-06	8.54661e-07	6.63645e-07	4.74955e-07	3.57506e-07	2.7868e-07	2.13002e-07	1.69309e-07	1.27108e-07	9.39847e-08	6.14933e-08	4.16951e-08	1.93052e-08
2.84989e-06	1.52832e-06	1.26367e-06	1.00334e-06	8.68546e-07	7.33957e-07	5.73805e-07	4.12769e-07	3.13856e-07	2.46473e-07	1.90063e-07	1.52149e-07	1.14539e-07	8.36283e-08	5.6182e-08	3.74842e-08	1.85714e-08
2.62235e-06	1.34649e-06	1.12019e-06	8.85572e-07	7.72788e-07	6.5324e-07	5.16309e-07	3.78316e-07	2.87125e-07	2.30967e-07	1.77565e-07	1.41495e-07	1.10154e-07	8.22018e-08	5.63984e-08	3.14673e-08	1.72571e-08
2.50717e-06	1.23374e-06	1.03455e-06	8.1713e-07	7.0818e-07	5.96523e-07	4.70733e-07	3.45107e-07	2.65259e-07	2.11252e-07	1.64311e-07	1.3847e-07	1.08129e-07	8.37295e-08	5.96334e-08	4.37927e-08	2.78255e-08
2.44353e-06	1.1677e-06	9.80126e-07	7.72794e-07	6.68925e-07	5.6129e-07	4.41315e-07	3.22908e-07	2.47939e-07	1.95499e-07	1.51441e-07	1.26953e-07	9.92794e-08	7.31985e-08	5.08723e-08	3.622e-08	2.64728e-08
2.4165e-06	1.13814e-06	9.56043e-07	7.46334e-07	6.50392e-07	5.4335e-07	4.27826e-07	3.12263e-07	2.42718e-07	1.91719e-07	1.49418e-07	1.25651e-07	9.76359e-08	7.43236e-08	5.64602e-08	3.97219e-08	2.54109e-08
2.42209e-06	1.12464e-06	9.42124e-07	7.36852e-07	6.41757e-07	5.32705e-07	4.18154e-07	3.04172e-07	2.35272e-07	1.88369e-07	1.47674e-07	1.24867e-07	9.77623e-08	7.60809e-08	5.66877e-08	4.09229e-08	2.63211e-08
2.42775e-06	1.11254e-06	9.39973e-07	7.28147e-07	6.32911e-07	5.23806e-07	4.113e-07	2.96076e-07	2.28337e-07	1.81256e-07	1.40775e-07	1.18435e-07	9.12412e-08	7.14051e-08	5.28838e-08	3.99757e-08	2.78515e-08
2.44043e-06	1.11692e-06	9.46446e-07	7.33723e-07	6.37892e-07	5.31101e-07	4.17684e-07	3.0265e-07	2.31295e-07	1.82584e-07	1.43063e-07	1.20205e-07	8.98506e-08	6.99006e-08	5.06966e-08	3.24787e-08	2.3414e-08
2.45522e-06	1.12913e-06	9.56587e-07	7.46979e-07	6.53274e-07	5.47472e-07	4.28129e-07	3.11353e-07	2.4134e-07	1.93021e-07	1.49456e-07	1.26018e-07	9.73198e-08	7.40455e-08	5.44248e-08	4.07712e-08	2.51454e-08
2.46004e-06	1.13654e-06	9.61124e-07	7.48742e-07	6.5496e-07	5.47169e-07	4.29657e-07	3.1241e-07	2.39766e-07	1.88235e-07	1.47791e-07	1.23417e-07	9.57673e-08	7.09373e-08	5.15689e-08	3.65875e-08	2.46403e-08
2.4826e-06	1.15665e-06	9.74829e-07	7.5495e-07	6.66692e-07	5.60697e-07	4.33816e-07	3.14572e-07	2.4366e-07	1.91636e-07	1.49764e-07	1.26982e-07	9.82452e-08	7.62725e-08	5.50456e-08	3.57025e-08	2.30853e-08
2.50809e-06	1.17967e-06	9.89924e-07	7.76018e-07	6.78015e-07	5.67231e-07	4.49697e-07	3.28925e-07	2.54096e-07	2.03995e-07	1.60594e-07	1.35272e-07	1.06473e-07	8.10114e-08	6.26675e-08	4.6359e-08	3.11252e-08
2.51341e-06	1.1928e-06	9.96245e-07	7.82333e-07	6.84632e-07	5.74326e-07	4.54917e-07	3.3193e-07	2.56505e-07	2.04518e-07	1.61673e-07	1.3611e-07	1.0463e-07	8.05077e-08	6.03682e-08	4.2441e-08	3.01145e-08
2.49324e-06	1.19197e-06	9.95992e-07	7.82819e-07	6.85752e-07	5.77762e-07	4.58635e-07	3.36435e-07	2.59924e-07	2.05904e-07	1.58331e-07	1.32389e-07	1.0091e-07	7.68521e-08	5.34513e-08	3.7737e-08	2.53603e-08
2.48761e-06	1.19736e-06	1.00192e-06	7.91082e-07	6.95517e-07	5.87815e-07	4.68823e-07	3.48757e-07	2.7007e-07	2.15821e-07	1.70447e-07	1.42987e-07	1.11697e-07	8.736e-08	6.52102e-08	4.71567e-08	3.00766e-08
2.482e-06	1.20007e-06	1.00064e-06	7.93383e-07	6.96516e-07	5.90546e-07	4.7254e-07	3.51071e-07	2.72902e-07	2.19677e-07	1.72293e-07	1.44492e-07	1.12493e-07	8.55395e-08	6.33012e-08	4.55511e-08	2.68781e-08
2.51879e-06	1.22941e-06	1.02626e-06	8.15697e-07	7.16769e-07	6.0798e-07	4.9139e-07	3.65041e-07	2.87668e-07	2.34178e-07	1.84366e-07	1.5257e-07	1.20269e-07	9.39215e-08	7.162e-08	5.34274e-08	3.22764e-08
2.57569e-06	1.26666e-06	1.05427e-06	8.36608e-07	7.35202e-07	6.26324e-07	5.01998e-07	3.73221e-07	2.92586e-07	2.36062e-07	1.84821e-07	1.52747e-07	1.19232e-07	9.2948e-08	6.84973e-08	4.85853e-08	3.11386e-08
2.6953e-06	1.33622e-06	1.11012e-06	8.8025e-07	7.73003e-07	6.57754e-07	5.26006e-07	3.92475e-07	3.08364e-07	2.47136e-07	1.96933e-07	1.64543e-07	1.30699e-07	1.02379e-07	7.84217e-08	5.89775e-08	4.25674e-08
2.88426e-06	1.43843e-06	1.18279e-06	9.37217e-07	8.18567e-07	6.93911e-07	5.52795e-07	4.08544e-07	3.15431e-07	2.54242e-07	1.96035e-07	1.61104e-07	1.24087e-07	9.23285e-08	6.46034e-08	4.49695e-08	3.08984e-08
3.09673e-06	1.55168e-06	1.26635e-06	9.98458e-07	8.68603e-07	7.36207e-07	5.87653e-07	4.30755e-07	3.35403e-07	2.67826e-07	2.11111e-07	1.71829e-07	1.33382e-07	9.56306e-08	7.14195e-08	4.48063e-08	2.94326e-08
3.21181e-06	1.61752e-06	1.30831e-06	1.02919e-06	8.93876e-07	7.56043e-07	5.99891e-07	4.39276e-07	3.38601e-07	2.70418e-07	2.12299e-07	1.70932e-07	1.3691e-07	1.05555e-07	8.0535e-08	5.89031e-08	3.93446e-08
3.22739e-06	1.63103e-06	1.3185e-06	1.03671e-06	8.96531e-07	7.59204e-07	6.06782e-07	4.47608e-07	3.4821e-07	2.80191e-07	2.19632e-07	1.79579e-07	1.42789e-07	1.12623e-07	8.65404e-08	6.56165e-08	4.53247e-08
3.19272e-06	1.62077e-06	1.29672e-06	1.01721e-06	8.80768e-07	7.45215e-07	5.90559e-07	4.35081e-07	3.36608e-07	2.69779e-07	2.11586e-07	1.72899e-07	1.34062e-07	1.02885e-07	7.57162e-08	5.49319e-08	3.40464e-08
3.11459e-06	1.5762e-06	1.25552e-06	9.84526e-07	8.51817e-07	7.22446e-07	5.72758e-07	4.20276e-07	3.24749e-07	2.58806e-07	2.03735e-07	1.67236e-07	1.29396e-07	9.67155e-08	7.00018e-08	4.98496e-08	3.31867e-08
3.02546e-06	1.53556e-06	1.22318e-06	9.58292e-07	8.32549e-07	7.01434e-07	5.57953e-07	4.11919e-07	3.19616e-07	2.55417e-07	2.00485e-07	1.66641e-07	1.30383e-07	9.78154e-08	7.28716e-08	5.36044e-08	3.29338e-08
2.9754e-06	1.51096e-06	1.20531e-06	9.4608e-07	8.19186e-07	6.91358e-07	5.50381e-07	4.07886e-07	3.19755e-07	2.55417e-07	2.01737e-07	1.67868e-07	1.3061e-07	1.00382e-07	7.43761e-08	5.50204e-08	3.69668e-08
2.97796e-06	1.49981e-06	1.19553e-06	9.40302e-07	8.14155e-07	6.87577e-07	5.47435e-07	4.08013e-07	3.18453e-07	2.57288e-07	2.02938e-07	1.69688e-07	1.34466e-07	1.04389e-07	7.97239e-08	5.96222e-08	4.14296e-08
3.03689e-06	1.55075e-06	1.23123e-06	9.63755e-07	8.33426e-07	7.06789e-07	5.62528e-07	4.18192e-07	3.25398e-07	2.62731e-07	2.06384e-07	1.71555e-07	1.34425e-07	1.01631e-07	7.59418e-08	5.55626e-08	3.66119e-08
3.14499e-06	1.61772e-06	1.2743e-06	9.9665e-07	8.54602e-07	7.22845e-07	5.72908e-07	4.2579e-07	3.29444e-07	2.65057e-07	2.05335e-07	1.67965e-07	1.32718e-07	9.79014e-08	6.62832e-08	4.2263e-08	1.93173e-08
3.34488e-06	1.71809e-06	1.34946e-06	1.05722e-06	9.06233e-07	7.6646e-07	6.04121e-07	4.46587e-07	3.45714e-07	2.77092e-07	2.14956e-07	1.77636e-07	1.38432e-07	1.06865e-07	7.68647e-08	5.13906e-08	3.1378e-08
3.68195e-06	1.88943e-06	1.48388e-06	1.16105e-06	9.9402e-07	8.42882e-07	6.70872e-07	4.93375e-07	3.85891e-07	3.12503e-07	2.45702e-07	2.01302e-07	1.45032e-07	1.2469e-07	9.23767e-08	6.69279e-08	4.30973e-08
4.04895e-06	2.04512e-06	1.58508e-06	1.22839e-06	1.05474e-06	8.89684e-07	6.9804e-07	5.1e-07	3.93439e-07	3.14033e-07	2.42402e-07	1.96157e-07	1.48976e-07	1.10999e-07	8.02781e-08	5.78003e-08	3.85461e-08
4.54745e-06	2.27332e-06	1.75173e-06	1.35159e-06	1.15338e-06	9.6981e-07	7.58255e-07	5.53767e-07	4.23097e-07	3.39039e-07	2.61669e-07	2.09305e-07	1.5957e-07	1.16675e-07	8.43742e-08	5.8622e-08	3.57396e-08
5.09838e-06	2.50057e-06	1.91417e-06	1.46528e-06	1.24558e-06	1.04116e-06	8.10577e-07	5.84857e-07	4.45182e-07	3.55647e-07	2.73686e-07	2.13166e-07	1.57741e-07	1.14921e-07	8.13042e-08	5.53617e-08	3.76116e-08
5.62986e-06	2.71896e-06	2.0723e-06	1.58027e-06	1.34094e-06	1.12047e-06	8.72816e-07	6.28524e-07	4.81656e-07	3.81792e-07	2.91423e-07	2.27667e-07	1.71724e-07	1.21078e-07	8.25558e-08	5.54755e-08	2.93433e-08
6.03278e-06	2.8598e-06	2.16982e-06	1.64409e-06	1.39031e-06	1.15692e-06	8.96607e-07	6.45949e-07	4.95272e-07	3.90854e-07	2.9846e-07	2.32869e-07	1.74105e-07	1.26062e-07	8.69576e-08	5.63492e-08	2.99257e-08
6.26997e-06	2.92812e-06	2.21941e-06	1.67913e-06	1.42017e-06	1.18249e-06	9.16656e-07	6.56548e-07	5.00834e-07	3.95909e-07	3.01211e-07	2.35947e-07	1.76651e-07	1.28075e-07	9.15114e-08	6.16229e-08	3.54388e-08
6.25725e-06	2.90764e-06	2.1961e-06	1.66147e-06	1.40884e-06	1.17324e-06	9.1079e-07	6.52325e-07	4.95967e-07	3.89789e-07	2.95319e-07	2.25959e-07	1.68078e-07	1.18922e-07	7.83625e-08	4.85498e-08	2.68541e-08
6.03165e-06	2.81511e-06	2.13372e-06	1.62039e-06	1.37936e-06	1.15314e-06	8.976e-07	6.4382e-07	4.88507e-07	3.84008e-07	2.90902e-07	2.24081e-07	1.65617e-07	1.19001e-07	7.89966e-08	5.05361e-08	3.11157e-08
5.70844e-06	2.69119e-06	2.05067e-06	1.5664e-06	1.3344e-06	1.116e-06	8.70357e-07	6.26609e-07	4.75599e-07	3.73644e-07	2.83068e-07	2.19688e-07	1.63224e-07	1.19529e-07	8.24841e-08	5.42898e-08	3.20631e-08
5.46619e-06	2.60176e-06	1.99102e-06	1.52422e-06	1.2991e-06	1.08673e-06	8.48636e-07	6.11172e-07	4.63297e-07	3.62897e-07	2.7461e-07	2.12937e-07	1.58128e-07	1.16128e-07	8.01325e-08	5.44036e-08	3.52618e-08
5.32046e-06	2.53022e-06	1.94012e-06	1.48551e-06	1.26635e-06	1.06137e-06	8.26241e-07	5.94212e-07	4.46332e-07	3.48416e-07	2.60702e-07	2.01345e-07	1.47349e-07	1.05439e-07	6.85352e-08	4.38443e-08	2.47288e-08
5.2908e-06	2.49617e-06	1.92829e-06	1.47465e-06	1.25811e-06	1.05248e-06	8.15343e-07	5.86172e-07	4.38279e-07	3.42524e-07	2.52434e-07	1.91977e-07	1.44466e-07	1.03505e-07	6.83709e-08	4.4565e-08	2.37174e-08
5.39001e-06	2.53451e-06	1.95427e-06	1.49518e-06	1.28035e-06	1.07142e-06	8.32828e-07	5.93782e-07	4.47078e-07	3.4925e-07	2.64912e-07	2.0462e-07	1.54188e-07	1.14048e-07	8.04445e-08	5.55134e-08	3.20362e-08
5.47348e-06	2.56101e-06	1.97593e-06	1.51655e-06	1.29705e-06	1.08383e-06	8.4115e-07	5.95082e-07	4.48078e-07	3.47497e-07	2.58319e-07	1.99406e-07	1.46915e-07	1.04425e-07	7.26802e-08	4.85082e-08	2.68774e-08
5.59595e-06	2.61668e-06	2.02598e-06	1.55742e-06	1.3292e-06	1.1091e-06	8.58663e-07	6.07532e-07	4.54375e-07	3.51812e-07	2.6395e-07	2.05861e-07	1.53624e-07	1.1087e-07	7.78994e-08	5.52578e-08	3.6611e-08
5.72499e-06	2.69177e-06	2.09135e-06	1.60613e-06	1.37085e-06	1.14315e-06	8.80752e-07	6.2122e-07	4.67612e-07	3.63939e-07	2.75903e-07	2.12657e-07	1.56124e-07	1.15354e-07	8.20945e-08	5.46622e-08	2.98594e-08
5.7727e-06	2.77135e-06	2.15902e-06	1.6605e-06	1.41358e-06	1.17849e-06	9.07691e-07	6.42433e-07	4.81076e-07	3.75101e-07	2.84385e-07	2.21999e-07	1.66186e-07	1.21814e-07	8.67592e-08	5.59137e-08	2.92021e-08
5.8074e-06	2.8367e-06	2.2146e-06	1.70603e-06	1.4522e-06	1.21017e-06	9.32037e-07	6.59225e-07	4.95803e-07	3.87613e-07	2.9663e-07	2.31903e-07	1.76291e-07	1.29971e-07	9.34616e-08	6.06053e-08	3.57007e-08
5.85218e-06	2.89455e-06	2.26484e-06	1.74777e-06	1.48531e-06	1.24103e-06	9.57902e-07	6.79781e-07	5.12971e-07	4.03201e-07	3.09765e-07	2.40095e-07	1.77657e-07	1.29226e-07	8.60029e-08	5.03527e-08	2.57895e-08
5.85414e-06	2.92094e-06	2.28968e-06	1.76565e-06	1.5004e-06	1.25493e-06	9.73326e-07	6.90913e-07	5.22224e-07	4.11496e-07	3.13777e-07	2.44577e-07	1.83075e-07	1.33306e-07	8.8529e-08	5.59769e-08	3.02892e-08
5.83947e-06	2.95121e-06	2.3027e-06	1.78291e-06	1.51265e-06	1.26979e-06	9.83174e-07	7.03383e-07	5.33931e-07	4.22606e-07	3.21661e-07	2.50651e-07	1.882e-07	1.36495e-07	9.21342e-08	5.81401e-08	2.95947e-08
5.80328e-06	2.9663e-06	2.30416e-06	1.78902e-06	1.52201e-06	1.27822e-06	9.92074e-07	7.13618e-07	5.43601e-07	4.29713e-07	3.29756e-07	2.56207e-07	1.92392e-07	1.37844e-07	8.75556e-08	5.42198e-08	2.46764e-08
5.68957e-06	2.93591e-06	2.28412e-06	1.77131e-06	1.50568e-06	1.26354e-06	9.80709e-07	7.03744e-07	5.37508e-07	4.22469e-07	3.20173e-07	2.45398e-07	1.81103e-07	1.28969e-07	8.72649e-08	5.58e-08	2.92526e-08
5.51287e-06	2.87671e-06	2.24623e-06	1.74798e-06	1.48651e-06	1.25027e-06	9.70924e-07	6.96387e-07	5.28696e-07	4.15782e-07	3.14358e-07	2.38736e-07	1.73974e-07	1.21132e-07	7.90226e-08	4.69888e-08	2.56624e-08
5.34711e-06	2.82411e-06	2.21715e-06	1.73811e-06	1.48137e-06	1.25088e-06	9.72734e-07	7.00847e-07	5.36696e-07	4.21666e-07	3.18127e-07	2.4064e-07	1.75237e-07	1.23335e-07	7.84098e-08	4.84389e-08	2.50158e-08
5.244e-06	2.79382e-06	2.21254e-06	1.74332e-06	1.49317e-06	1.26094e-06	9.86386e-07	7.11971e-07	5.44015e-07	4.25762e-07	3.225e-07	2.46113e-07	1.79358e-07	1.25837e-07	7.80685e-08	4.6113e-08	1.60915e-08
5.17738e-06	2.76827e-06	2.19987e-06	1.73902e-06	1.48934e-06	1.26059e-06	9.87246e-07	7.11005e-07	5.40057e-07	4.18786e-07	3.13973e-07	2.41367e-07	1.71226e-07	1.17643e-07	7.12281e-08	4.11063e-08	1.17681e-08
5.23059e-06	2.79824e-06	2.22907e-06	1.76491e-06	1.51674e-06	1.28741e-06	1.00794e-06	7.29214e-07	5.48348e-07	4.25765e-07	3.18047e-07	2.3906e-07	1.73231e-07	1.19511e-07	7.6434e-08	4.6452e-08	1.96425e-08
5.36342e-06	2.85693e-06	2.27615e-06	1.80163e-06	1.54555e-06	1.31115e-06	1.02403e-06	7.31084e-07	5.47627e-07	4.21367e-07	3.08883e-07	2.2575e-07	1.58556e-07	1.04267e-07	6.10891e-08	3.1562e-08	7.52079e-09
5.53606e-06	2.93799e-06	2.33978e-06	1.85135e-06	1.58947e-06	1.34597e-06	1.05189e-06	7.50101e-07	5.59283e-07	4.27028e-07	3.09283e-07	2.25857e-07	1.58206e-07	1.05648e-07	6.48827e-08	3.66948e-08	1.95546e-08
5.74648e-06	3.02713e-06	2.41816e-06	1.9063e-06	1.64144e-06	1.3901e-06	1.08299e-06	7.63822e-07	5.64249e-07	4.28154e-07	3.09553e-07	2.24372e-07	1.55181e-07	1.01044e-07	5.95849e-08	3.56448e-08	1.52817e-08
5.83997e-06	3.08623e-06	2.455e-06	1.93699e-06	1.65856e-06	1.39927e-06	1.08896e-06	7.5486e-07	5.58119e-07	4.10774e-07	2.88811e-07	2.01317e-07	1.35248e-07	8.16038e-08	4.65278e-08	2.39907e-08	9.23983e-09
5.91238e-06	3.14381e-06	2.50359e-06	1.97663e-06	1.69325e-06	1.43106e-06	1.1039e-06	7.66893e-07	5.58738e-07	4.15982e-07	2.92186e-07	2.06183e-07	1.40367e-07	8.40054e-08	4.88283e-08	2.63797e-08	1.32846e-08
5.92322e-06	3.16891e-06	2.52546e-06	1.99932e-06	1.71034e-06	1.44234e-06	1.10843e-06	7.64188e-07	5.52241e-07	4.10585e-07	2.88192e-07	2.03188e-07	1.36474e-07	8.50798e-08	4.64267e-08	2.40539e-08	1.06934e-08
5.84671e-06	3.1516e-06	2.51312e-06	1.9889e-06	1.698e-06	1.42682e-06	1.08771e-06	7.41797e-07	5.29552e-07	3.88935e-07	2.69832e-07	1.8775e-07	1.23287e-07	7.63057e-08	4.34299e-08	2.44325e-08	1.06426e-08
5.71035e-06	3.10912e-06	2.48725e-06	1.96527e-06	1.67242e-06	1.39998e-06	1.05853e-06	7.14167e-07	5.0474e-07	3.67005e-07	2.51302e-07	1.73644e-07	1.11343e-07	6.71798e-08	3.45063e-08	1.56858e-08	4.03205e-09
5.49077e-06	3.0302e-06	2.42629e-06	1.91534e-06	1.62338e-06	1.35409e-06	1.01615e-06	6.78295e-07	4.73798e-07	3.41385e-07	2.32595e-07	1.58969e-07	1.0271e-07	6.36534e-08	3.49613e-08	1.67728e-08	6.58527e-09
5.24268e-06	2.92246e-06	2.34023e-06	1.84543e-06	1.56452e-06	1.30113e-06	9.70879e-07	6.43987e-07	4.45297e-07	3.18967e-07	2.19482e-07	1.50206e-07	9.78159e-08	6.24257e-08	3.77032e-08	2.27382e-08	1.12617e-08
5.0227e-06	2.82237e-06	2.25853e-06	1.77837e-06	1.49798e-06	1.23887e-06	9.19993e-07	6.01785e-07	4.11638e-07	2.98693e-07	1.97073e-07	1.35405e-07	8.73885e-08	5.59797e-08	3.01322e-08	1.11858e-08	-9.85869e-10
4.8319e-06	2.73359e-06	2.18149e-06	1.71157e-06	1.43455e-06	1.18125e-06	8.72823e-07	5.65459e-07	3.87333e-07	2.74287e-07	1.80149e-07	1.25028e-07	7.99439e-08	4.65634e-08	2.69597e-08	1.451e-08	4.32266e-09
4.729e-06	2.67138e-06	2.11814e-06	1.65302e-06	1.38043e-06	1.1313e-06	8.24616e-07	5.27604e-07	3.57188e-07	2.51384e-07	1.64893e-07	1.12756e-07	7.06034e-08	4.08125e-08	2.07285e-08	1.22728e-08	4.60072e-09
4.6816e-06	2.6347e-06	2.07993e-06	1.60599e-06	1.33235e-06	1.08414e-06	7.82085e-07	4.92973e-07	3.3043e-07	2.29164e-07	1.46857e-07	1.01039e-07	6.03529e-08	3.5643e-08	2.13858e-08	1.37137e-08	1.05159e-08
4.67639e-06	2.63608e-06	2.05401e-06	1.57812e-06	1.29929e-06	1.05178e-06	7.51668e-07	4.69123e-07	3.12108e-07	2.14143e-07	1.38979e-07	9.8041e-08	6.159e-08	4.12159e-08	2.96764e-08	2.13347e-08	2.01213e-08
4.72683e-06	2.65314e-06	2.04468e-06	1.55575e-06	1.26929e-06	1.01934e-06	7.19023e-07	4.44378e-07	2.93918e-07	2.01279e-07	1.31502e-07	9.48006e-08	6.01335e-08	4.13023e-08	3.02437e-08	1.82498e-08	1.28153e-08
4.76541e-06	2.65072e-06	2.01733e-06	1.51515e-06	1.22386e-06	9.71967e-07	6.75299e-07	4.0708e-07	2.61874e-07	1.75236e-07	1.09628e-07	7.55163e-08	4.4602e-08	2.65287e-08	1.55077e-08	8.80918e-09	4.66368e-09
4.73615e-06	2.61634e-06	1.96941e-06	1.46407e-06	1.1727e-06	9.24937e-07	6.3951e-07	3.84947e-07	2.47965e-07	1.69603e-07	1.09606e-07	7.88802e-08	5.02907e-08	3.45172e-08	2.21436e-08	1.61653e-08	3.77907e-09
4.57371e-06	2.49325e-06	1.85364e-06	1.36283e-06	1.08487e-06	8.50569e-07	5.82305e-07	3.43428e-07	2.22346e-07	1.5115e-07	9.75101e-08	6.9186e-08	4.54247e-08	3.63372e-08	2.62513e-08	1.67088e-08	8.0637e-09
4.34236e-06	2.32291e-06	1.70883e-06	1.24495e-06	9.86881e-07	7.7316e-07	5.30207e-07	3.1028e-07	1.97935e-07	1.33743e-07	8.71818e-08	6.27259e-08	4.07598e-08	2.95114e-08	2.15237e-08	1.95521e-08	1.33718e-08
4.10605e-06	2.14469e-06	1.56312e-06	1.13084e-06	8.96514e-07	6.98112e-07	4.79601e-07	2.86848e-07	1.85081e-07	1.26286e-07	8.28215e-08	6.18159e-08	4.16319e-08	2.93724e-08	2.11572e-08	1.79975e-08	1.31569e-08
3.87181e-06	1.95852e-06	1.41813e-06	1.01822e-06	8.06595e-07	6.28469e-07	4.33143e-07	2.6054e-07	1.70391e-07	1.18308e-07	7.43264e-08	5.52171e-08	3.52358e-08	2.22309e-08	1.21076e-08	5.71255e-09	2.04742e-09
3.64829e-06	1.77653e-06	1.27672e-06	9.12648e-07	7.25672e-07	5.68256e-07	3.95056e-07	2.42784e-07	1.60714e-07	1.12122e-07	7.21995e-08	5.48352e-08	3.61692e-08	2.45804e-08	1.40279e-08	1.14372e-08	5.99029e-09
3.47589e-06	1.61922e-06	1.15868e-06	8.23139e-07	6.58802e-07	5.17642e-07	3.65879e-07	2.26766e-07	1.52572e-07	1.06192e-07	6.9329e-08	5.49096e-08	3.36535e-08	2.42639e-08	1.65803e-08	8.13851e-09	-3.50057e-09
3.32035e-06	1.4664e-06	1.05154e-06	7.45052e-07	6.0671e-07	4.74447e-07	3.40478e-07	2.14811e-07	1.45103e-07	1.01554e-07	6.69405e-08	5.18767e-08	3.28826e-08	2.26589e-08	1.71743e-08	1.31303e-08	6.5841e-09
3.12688e-06	1.32344e-06	9.58195e-07	6.8577e-07	5.67522e-07	4.48844e-07	3.30494e-07	2.12309e-07	1.48844e-07	1.05497e-07	7.26652e-08	5.82333e-08	3.91002e-08	3.02919e-08	2.4921e-08	2.17743e-08	1.58347e-08
2.90647e-06	1.18261e-06	8.71784e-07	6.31161e-07	5.27182e-07	4.19565e-07	3.12276e-07	2.05757e-07	1.41409e-07	9.93403e-08	6.63701e-08	5.22924e-08	3.33367e-08	2.46171e-08	1.75656e-08	1.80332e-08	1.50255e-08
2.67197e-06	1.06613e-06	8.0832e-07	5.91935e-07	5.05725e-07	4.07724e-07	3.04479e-07	2.03382e-07	1.41321e-07	1.01021e-07	6.96937e-08	5.57044e-08	3.8897e-08	3.00384e-08	2.27089e-08	1.81343e-08	1.77678e-08
2.45096e-06	9.85354e-07	7.63325e-07	5.65345e-07	4.84267e-07	4.01281e-07	2.98658e-07	1.882e-07	1.29097e-07	1.00475e-07	5.58673e-08	4.37233e-08	2.24303e-08	1.50378e-08	6.77332e-09	4.95362e-09	3.27293e-09
2.28187e-06	9.37412e-07	7.39499e-07	5.50546e-07	4.72452e-07	3.92489e-07	2.86393e-07	1.8635e-07	1.32001e-07	9.8059e-08	5.88228e-08	4.45183e-08	2.65871e-08	1.59599e-08	8.35271e-09	5.30732e-09	3.02012e-09
2.15178e-06	8.98021e-07	7.12905e-07	5.33766e-07	4.55177e-07	3.71534e-07	2.75116e-07	1.79038e-07	1.23348e-07	8.71181e-08	5.38706e-08	3.99196e-08	2.52862e-08	1.56444e-08	8.60566e-09	4.4987e-09	5.40855e-09
2.06576e-06	8.72451e-07	6.949e-07	5.22037e-07	4.48887e-07	3.65968e-07	2.76416e-07	1.8421e-07	1.2803e-07	9.31916e-08	6.21572e-08	4.92052e-08	3.26897e-08	2.29725e-08	1.46958e-08	9.89411e-09	4.28366e-09
2.01495e-06	8.49057e-07	6.75344e-07	5.09541e-07	4.36097e-07	3.52823e-07	2.65366e-07	1.75685e-07	1.23534e-07	8.68631e-08	5.76476e-08	4.6439e-08	2.88743e-08	1.95865e-08	1.14486e-08	6.36878e-09	1.70592e-09
2.0302e-06	8.60623e-07	6.82946e-07	5.07291e-07	4.39448e-07	3.57262e-07	2.72612e-07	1.83464e-07	1.26804e-07	9.49733e-08	5.98827e-08	4.78405e-08	2.92906e-08	2.01294e-08	1.25603e-08	4.3342e-09	3.33594e-09
2.09129e-06	8.83245e-07	6.95704e-07	5.19156e-07	4.43695e-07	3.59755e-07	2.70129e-07	1.7905e-07	1.24109e-07	9.16224e-08	5.95653e-08	4.70306e-08	2.85317e-08	1.98004e-08	1.05257e-08	3.33586e-09	-3.91711e-10
2.12603e-06	8.88223e-07	7.03601e-07	5.23907e-07	4.46917e-07	3.5863e-07	2.65694e-07	1.72808e-07	1.17665e-07	8.19434e-08	5.10867e-08	3.72757e-08	2.33889e-08	1.5302e-08	9.85595e-09	7.36669e-09	9.88122e-09
2.09153e-06	8.77774e-07	7.02477e-07	5.24526e-07	4.48307e-07	3.5949e-07	2.65555e-07	1.74817e-07	1.1721e-07	8.1539e-08	5.22239e-08	4.2368e-08	2.54612e-08	1.50366e-08	7.36669e-09	4.32146e-09	4.78898e-09
2.0998e-06	8.65849e-07	6.98782e-07	5.24766e-07	4.50873e-07	3.63119e-07	2.69402e-07	1.79235e-07	1.24245e-07	8.98512e-08	6.2053e-08	5.04536e-08	3.34715e-08	2.48035e-08	1.71843e-08	1.37601e-08	7.59395e-09
2.19663e-06	8.80879e-07	7.0444e-07	5.23693e-07	4.47244e-07	3.58121e-07	2.63514e-07	1.7026e-07	1.15785e-07	8.22361e-08	5.55612e-08	4.46941e-08	2.7888e-08	2.12666e-08	1.58836e-08	1.27752e-08	7.31633e-09
2.27734e-06	9.3802e-07	7.35032e-07	5.43961e-07	4.61965e-07	3.70075e-07	2.7126e-07	1.76262e-07	1.20637e-07	8.61912e-08	5.83032e-08	4.6678e-08	3.16157e-08	2.181e-08	1.5315e-08	1.35207e-08	1.01468e-08
2.30906e-06	9.85683e-07	7.68859e-07	5.68298e-07	4.77268e-07	3.81081e-07	2.77237e-07	1.7745e-07	1.21699e-07	8.43463e-08	5.49167e-08	4.28618e-08	3.10091e-08	2.23786e-08	1.65407e-08	1.69956e-08	8.90849e-09
2.33413e-06	1.02197e-06	7.96533e-07	5.89578e-07	4.94465e-07	3.93187e-07	2.86727e-07	1.84046e-07	1.25641e-07	8.45359e-08	5.44113e-08	4.27734e-08	2.80144e-08	1.85372e-08	1.36597e-08	7.70805e-09	-8.08714e-10
2.3702e-06	1.04666e-06	8.18954e-07	6.09161e-07	5.08934e-07	4.04953e-07	2.95527e-07	1.87288e-07	1.26207e-07	8.71494e-08	5.37528e-08	4.46803e-08	3.21077e-08	2.5259e-08	1.9535e-08	1.54915e-08	8.78191e-09
2.42637e-06	1.0899e-06	8.56937e-07	6.3926e-07	5.36669e-07	4.29277e-07	3.12901e-07	1.97574e-07	1.31476e-07	9.32651e-08	6.20799e-08	4.79277e-08	3.1438e-08	2.03942e-08	1.21809e-08	6.64645e-09	-6.11574e-09
2.44569e-06	1.1043e-06	8.71102e-07	6.52489e-07	5.49002e-07	4.36745e-07	3.16553e-07	1.98976e-07	1.33182e-07	9.33662e-08	6.28001e-08	4.71696e-08	3.24615e-08	2.31489e-08	1.46323e-08	6.44428e-09	-5.29441e-09
2.47566e-06	1.14014e-06	9.02972e-07	6.82874e-07	5.75068e-07	4.60982e-07	3.35094e-07	2.11898e-07	1.41846e-07	1.00136e-07	6.63744e-08	5.02894e-08	3.36989e-08	2.41086e-08	9.84307e-09	7.40441e-09	-1.61735e-09
2.51221e-06	1.1582e-06	9.17576e-07	6.94213e-07	5.84054e-07	4.68284e-07	3.39019e-07	2.14367e-07	1.4113e-07	9.93556e-08	6.47966e-08	5.03412e-08	3.32954e-08	2.30604e-08	1.16881e-08	1.04246e-08	4.30882e-09
2.61372e-06	1.19748e-06	9.39868e-07	7.1071e-07	6.00124e-07	4.82424e-07	3.48488e-07	2.23371e-07	1.4666e-07	1.03586e-07	7.0582e-08	5.54194e-08	3.80203e-08	2.71916e-08	1.88901e-08	1.08918e-08	1.47836e-09
2.71248e-06	1.23546e-06	9.54209e-07	7.10596e-07	5.92315e-07	4.73061e-07	3.39984e-07	2.12694e-07	1.41025e-07	9.7622e-08	6.25205e-08	4.63092e-08	2.83288e-08	1.85363e-08	1.02727e-08	8.04882e-09	-1.5289e-09
2.77447e-06	1.2699e-06	9.64735e-07	7.12739e-07	5.89571e-07	4.6941e-07	3.37221e-07	2.13838e-07	1.42058e-07	1.00172e-07	6.6398e-08	5.71364e-08	3.3976e-08	2.39437e-08	2.03174e-08	1.57814e-08	6.77247e-09
2.81291e-06	1.27788e-06	9.56129e-07	6.95863e-07	5.72086e-07	4.51379e-07	3.16798e-07	1.99401e-07	1.31447e-07	9.08241e-08	6.53888e-08	4.75854e-08	3.50888e-08	2.52331e-08	1.39875e-08	1.20922e-08	8.98385e-09
2.90714e-06	1.32093e-06	9.76258e-07	7.03722e-07	5.74031e-07	4.52478e-07	3.21144e-07	2.02623e-07	1.33684e-07	9.23151e-08	6.70061e-08	4.68651e-08	3.49625e-08	2.32873e-08	9.61563e-09	7.51813e-09	5.55963e-10
3.06146e-06	1.383e-06	1.0024e-06	7.1443e-07	5.78191e-07	4.53917e-07	3.23591e-07	2.04549e-07	1.38337e-07	9.91029e-08	6.6237e-08	5.15163e-08	3.29669e-08	2.21127e-08	1.27117e-08	7.5815e-09	3.15896e-10
3.25492e-06	1.45495e-06	1.03485e-06	7.30434e-07	5.88689e-07	4.57987e-07	3.25213e-07	2.06629e-07	1.41038e-07	1.01754e-07	6.98365e-08	5.55078e-08	3.67694e-08	2.63956e-08	1.62745e-08	9.12284e-09	1.89533e-10
3.52166e-06	1.55037e-06	1.07713e-06	7.47012e-07	5.95802e-07	4.56951e-07	3.21132e-07	2.03129e-07	1.39193e-07	1.00541e-07	6.89267e-08	5.60385e-08	3.78813e-08	2.46013e-08	1.65399e-08	1.05633e-08	8.08673e-10
3.90615e-06	1.67494e-06	1.13467e-06	7.69282e-07	6.00543e-07	4.57253e-07	3.22883e-07	2.0163e-07	1.41066e-07	1.01971e-07	7.1721e-08	5.70255e-08	3.89563e-08	2.57013e-08	1.53778e-08	1.08415e-08	2.6788e-09
4.35336e-06	1.80611e-06	1.17509e-06	7.6968e-07	5.95878e-07	4.46286e-07	3.13664e-07	1.91807e-07	1.36261e-07	9.48801e-08	7.04177e-08	5.58616e-08	3.79318e-08	2.34894e-08	1.37348e-08	7.83402e-09	1.26355e-11
4.70272e-06	1.85626e-06	1.17335e-06	7.51819e-07	5.75836e-07	4.26766e-07	2.92998e-07	1.80014e-07	1.2524e-07	8.62226e-08	5.72374e-08	4.56636e-08	3.11963e-08	2.35141e-08	1.58572e-08	1.24962e-08	7.49267e-09
4.76701e-06	1.81612e-06	1.12702e-06	7.09163e-07	5.41936e-07	3.96897e-07	2.7052e-07	1.61225e-07	1.07879e-07	7.03275e-08	4.26943e-08	3.21313e-08	1.69059e-08	8.44031e-09	8.26342e-09	1.12327e-08	1.30143e-08
4.67947e-06	1.75584e-06	1.11436e-06	7.12594e-07	5.57362e-07	4.1757e-07	2.92649e-07	1.8241e-07	1.23961e-07	8.80777e-08	5.92828e-08	4.5991e-08	2.88707e-08	1.67033e-08	1.06133e-08	7.51775e-09	-1.22558e-09
4.36094e-06	1.66128e-06	1.09518e-06	7.27383e-07	5.79109e-07	4.44228e-07	3.12658e-07	2.03199e-07	1.38204e-07	9.68361e-08	6.89882e-08	5.48873e-08	3.61493e-08	2.6635e-08	1.31153e-08	7.37895e-09	5.38259e-09
4.01487e-06	1.55214e-06	1.05144e-06	7.10623e-07	5.69694e-07	4.38026e-07	3.09112e-07	1.93693e-07	1.29343e-07	9.20198e-08	5.98135e-08	4.86948e-08	2.96035e-08	2.07086e-08	1.37847e-08	1.32919e-08	1.3393e-08
3.69345e-06	1.45228e-06	1.00514e-06	6.93554e-07	5.64375e-07	4.4097e-07	3.16264e-07	1.98254e-07	1.32034e-07	9.42435e-08	6.00915e-08	4.73682e-08	2.93382e-08	1.83079e-08	1.00321e-08	5.59725e-09	2.09739e-09
3.4023e-06	1.34919e-06	9.50182e-07	6.62581e-07	5.41644e-07	4.24673e-07	3.05996e-07	1.90668e-07	1.29479e-07	8.90484e-08	5.62996e-08	4.46758e-08	2.88826e-08	1.59827e-08	9.86759e-09	7.11326e-09	2.16051e-09
3.1797e-06	1.27508e-06	9.14628e-07	6.5121e-07	5.387e-07	4.24205e-07	3.08928e-07	1.99651e-07	1.338e-07	9.5871e-08	6.78855e-08	5.27745e-08	3.5541e-08	2.60146e-08	1.82569e-08	1.4176e-08	7.50493e-09
3.04032e-06	1.23196e-06	8.96063e-07	6.47402e-07	5.39978e-07	4.29774e-07	3.15021e-07	2.0493e-07	1.4111e-07	1.03558e-07	7.11741e-08	5.62519e-08	3.94471e-08	2.80754e-08	2.3552e-08	1.66911e-08	7.6822e-09
3.03164e-06	1.22489e-06	8.9791e-07	6.53969e-07	5.47356e-07	4.38064e-07	3.23781e-07	2.12443e-07	1.49989e-07	1.0957e-07	7.79572e-08	6.31365e-08	4.49296e-08	3.45438e-08	2.45369e-08	1.7373e-08	8.27584e-09
3.17968e-06	1.26217e-06	9.12339e-07	6.58681e-07	5.50287e-07	4.33629e-07	3.14962e-07	2.01413e-07	1.36987e-07	9.37382e-08	6.22394e-08	4.84168e-08	2.89718e-08	1.87375e-08	1.06638e-08	6.78493e-09	5.79941e-09
3.47294e-06	1.38747e-06	9.88755e-07	7.06826e-07	5.89053e-07	4.60654e-07	3.33316e-07	2.11905e-07	1.46619e-07	1.00374e-07	7.03022e-08	5.64035e-08	3.94344e-08	2.78859e-08	2.03679e-08	1.26352e-08	-1.42778e-09
3.81043e-06	1.54191e-06	1.08343e-06	7.59287e-07	6.15511e-07	4.78609e-07	3.423e-07	2.11513e-07	1.40604e-07	9.8087e-08	6.3972e-08	5.0465e-08	3.37107e-08	2.40195e-08	1.63247e-08	1.30901e-08	5.90064e-09
4.06471e-06	1.70012e-06	1.18688e-06	8.21978e-07	6.58513e-07	5.0796e-07	3.54982e-07	2.14273e-07	1.40696e-07	9.79505e-08	6.31776e-08	4.90511e-08	3.22711e-08	2.38306e-08	1.44677e-08	6.39357e-09	-1.25092e-09
4.13886e-06	1.79329e-06	1.25073e-06	8.65802e-07	6.84891e-07	5.24778e-07	3.59155e-07	2.16226e-07	1.40491e-07	9.71394e-08	6.52482e-08	5.06545e-08	3.44815e-08	2.38679e-08	1.30648e-08	4.33387e-09	-6.43132e-09
4.10001e-06	1.80186e-06	1.25339e-06	8.6269e-07	6.75482e-07	5.13027e-07	3.45089e-07	1.98971e-07	1.28048e-07	8.68313e-08	5.60764e-08	3.92712e-08	2.54985e-08	1.75255e-08	1.10813e-08	1.35326e-08	7.36651e-09
4.05038e-06	1.80258e-06	1.2505e-06	8.59879e-07	6.75081e-07	5.12685e-07	3.41849e-07	2.01034e-07	1.2789e-07	8.86084e-08	5.89164e-08	4.59278e-08	2.96162e-08	2.11887e-08	1.22685e-08	1.0449e-08	5.78677e-09
4.00428e-06	1.79719e-06	1.24242e-06	8.54443e-07	6.69855e-07	5.14985e-07	3.42565e-07	2.0536e-07	1.34249e-07	9.58759e-08	6.51723e-08	5.26256e-08	3.75897e-08	2.88335e-08	2.25538e-08	1.56171e-08	8.22551e-09
3.99469e-06	1.77108e-06	1.20707e-06	8.19865e-07	6.32527e-07	4.74326e-07	3.15935e-07	1.79264e-07	1.12349e-07	7.63652e-08	4.93139e-08	4.06211e-08	2.60784e-08	1.9483e-08	1.29381e-08	9.28663e-09	2.16056e-09
4.10344e-06	1.79317e-06	1.20186e-06	8.07753e-07	6.1855e-07	4.64699e-07	3.08978e-07	1.81003e-07	1.17249e-07	8.02042e-08	5.49982e-08	4.63436e-08	3.24455e-08	2.22116e-08	1.29504e-08	8.21246e-09	2.14787e-09
4.37971e-06	1.87989e-06	1.22355e-06	7.99166e-07	6.06532e-07	4.48111e-07	2.9626e-07	1.71674e-07	1.13493e-07	8.03159e-08	5.74226e-08	5.13708e-08	3.87997e-08	3.03727e-08	2.41314e-08	1.67151e-08	6.91093e-09
4.70714e-06	1.97367e-06	1.23776e-06	7.87631e-07	5.91219e-07	4.32003e-07	2.82855e-07	1.59179e-07	1.03525e-07	7.83449e-08	5.44283e-08	4.70373e-08	3.44662e-08	2.66077e-08	2.07202e-08	1.20025e-08	-7.4542e-10
4.81109e-06	1.9622e-06	1.20881e-06	7.52325e-07	5.58558e-07	4.05903e-07	2.618e-07	1.49788e-07	9.77992e-08	6.40413e-08	4.44335e-08	3.47938e-08	2.36002e-08	1.74095e-08	1.07767e-08	3.28482e-09	-4.90196e-09
4.69791e-06	1.86979e-06	1.1391e-06	7.07242e-07	5.25457e-07	3.80436e-07	2.50411e-07	1.44794e-07	9.34128e-08	6.29027e-08	4.01117e-08	3.49824e-08	2.11486e-08	1.13829e-08	7.01165e-09	-3.75218e-09	-1.4516e-08
4.48481e-06	1.76941e-06	1.08302e-06	6.82518e-07	5.16373e-07	3.79463e-07	2.55034e-07	1.54673e-07	1.05769e-07	7.82273e-08	5.36675e-08	4.41544e-08	2.95753e-08	2.02896e-08	1.29873e-08	4.18172e-09	-4.8134e-09
4.32262e-06	1.69756e-06	1.03299e-06	6.46907e-07	4.86659e-07	3.57275e-07	2.46235e-07	1.50622e-07	1.03459e-07	7.66121e-08	5.21402e-08	4.33849e-08	2.72008e-08	1.68284e-08	1.02082e-08	5.8116e-09	1.80665e-09
4.2285e-06	1.63802e-06	9.92736e-07	6.2079e-07	4.7419e-07	3.51618e-07	2.42224e-07	1.50264e-07	1.01966e-07	7.28201e-08	4.83235e-08	3.82545e-08	2.21341e-08	1.37959e-08	6.5063e-09	2.46355e-09	-3.29737e-09
4.17736e-06	1.55945e-06	9.50666e-07	5.969e-07	4.62339e-07	3.46022e-07	2.43601e-07	1.52412e-07	1.08889e-07	8.06908e-08	5.272e-08	4.23857e-08	2.48124e-08	1.56151e-08	7.9339e-09	1.27599e-09	-6.00096e-09
4.07954e-06	1.42051e-06	8.79829e-07	5.63585e-07	4.50843e-07	3.37456e-07	2.48023e-07	1.55115e-07	1.1278e-07	7.86189e-08	5.35538e-08	4.2032e-08	2.82108e-08	1.68911e-08	1.05238e-08	3.49951e-09	-9.37413e-09
3.86601e-06	1.24181e-06	7.96736e-07	5.2543e-07	4.36052e-07	3.35014e-07	2.48705e-07	1.60982e-07	1.16337e-07	8.43882e-08	5.96907e-08	4.96096e-08	3.59787e-08	2.50891e-08	1.78125e-08	1.41363e-08	3.49933e-09
3.49649e-06	1.0639e-06	7.21828e-07	4.89022e-07	4.16481e-07	3.24865e-07	2.45578e-07	1.62009e-07	1.18892e-07	8.46935e-08	5.88079e-08	4.75011e-08	3.3554e-08	2.44959e-08	1.70423e-08	1.41114e-08	5.26808e-09
3.12539e-06	9.51652e-07	6.69248e-07	4.60799e-07	3.9599e-07	3.1347e-07	2.34587e-07	1.52736e-07	1.05753e-07	7.48396e-08	4.81833e-08	3.76219e-08	2.27146e-08	1.31512e-08	7.12517e-09	6.12714e-09	8.96963e-10
2.91545e-06	9.08699e-07	6.47531e-07	4.51968e-07	3.91379e-07	3.10817e-07	2.33349e-07	1.5333e-07	1.04705e-07	7.38668e-08	4.73748e-08	3.7205e-08	2.08449e-08	1.09404e-08	3.04462e-09	-9.2223e-10	2.90565e-09
2.7385e-06	8.71658e-07	6.28556e-07	4.4171e-07	3.81765e-07	3.06357e-07	2.31783e-07	1.53014e-07	1.06739e-07	7.44732e-08	4.86129e-08	3.93274e-08	2.38516e-08	1.04098e-08	9.47496e-10	-4.77538e-09	-1.19258e-08
2.57332e-06	8.32904e-07	6.24536e-07	4.45135e-07	3.88312e-07	3.11377e-07	2.35857e-07	1.59756e-07	1.12888e-07	8.22279e-08	5.59261e-08	4.55545e-08	3.00791e-08	1.95053e-08	1.20139e-08	7.80717e-09	-4.96475e-09
2.48823e-06	8.10468e-07	6.1611e-07	4.4108e-07	3.85785e-07	3.11162e-07	2.34708e-07	1.59302e-07	1.11435e-07	8.18111e-08	5.7101e-08	4.82958e-08	3.20625e-08	2.23351e-08	1.36941e-08	1.2115e-08	5.79853e-09
2.54683e-06	8.39178e-07	6.44967e-07	4.62365e-07	4.02294e-07	3.23437e-07	2.47688e-07	1.65521e-07	1.19991e-07	8.96331e-08	6.37475e-08	5.29334e-08	3.87336e-08	2.88039e-08	2.02132e-08	1.34418e-08	6.9862e-09
2.68579e-06	9.0664e-07	6.85115e-07	4.8839e-07	4.22874e-07	3.37726e-07	2.5571e-07	1.70751e-07	1.24311e-07	9.16039e-08	6.32548e-08	5.14554e-08	3.7066e-08	2.70479e-08	1.76992e-08	1.03467e-08	2.40032e-10
2.92698e-06	9.79319e-07	7.26616e-07	5.14137e-07	4.40535e-07	3.48691e-07	2.59664e-07	1.69109e-07	1.20067e-07	8.45925e-08	5.81636e-08	4.52903e-08	2.86649e-08	1.82551e-08	9.0707e-09	2.43822e-09	-2.98145e-09
3.23679e-06	1.0901e-06	7.93047e-07	5.55294e-07	4.71866e-07	3.72483e-07	2.75601e-07	1.78554e-07	1.24826e-07	9.01741e-08	6.31143e-08	4.88896e-08	3.31489e-08	2.30425e-08	1.35299e-08	1.00306e-08	4.4847e-09
3.56651e-06	1.21338e-06	8.75966e-07	6.06638e-07	5.06405e-07	3.9412e-07	2.87331e-07	1.82879e-07	1.25486e-07	8.80919e-08	6.1284e-08	4.62378e-08	3.17348e-08	2.14008e-08	1.49199e-08	1.53368e-08	1.11805e-08
3.939e-06	1.40865e-06	9.96829e-07	6.8669e-07	5.63228e-07	4.34953e-07	3.10733e-07	1.90543e-07	1.26368e-07	8.75717e-08	5.73031e-08	4.0716e-08	2.52028e-08	1.65997e-08	9.48735e-09	6.44281e-09	2.98138e-09
4.18492e-06	1.60106e-06	1.12109e-06	7.73857e-07	6.27883e-07	4.83792e-07	3.41191e-07	2.08621e-07	1.3684e-07	9.42924e-08	5.9337e-08	4.29521e-08	2.54175e-08	1.46163e-08	4.80053e-09	3.03191e-10	-6.40491e-09
4.06179e-06	1.70895e-06	1.19461e-06	8.337e-07	6.65542e-07	5.1065e-07	3.539e-07	2.08772e-07	1.35893e-07	9.44567e-08	5.77074e-08	3.83158e-08	2.15266e-08	1.3012e-08	6.27858e-09	7.99666e-09	7.65557e-09
3.81416e-06	1.71867e-06	1.21736e-06	8.667e-07	6.91637e-07	5.35927e-07	3.72499e-07	2.20023e-07	1.47335e-07	9.94315e-08	6.60056e-08	4.64376e-08	2.87393e-08	1.89616e-08	9.81556e-09	4.28247e-09	-5.28044e-09
3.45614e-06	1.636e-06	1.1715e-06	8.39982e-07	6.73042e-07	5.25556e-07	3.63239e-07	2.16549e-07	1.39565e-07	9.10308e-08	6.06114e-08	4.06139e-08	2.55179e-08	1.44391e-08	6.22789e-09	2.07175e-09	-3.6382e-09
3.08603e-06	1.50685e-06	1.08682e-06	7.87562e-07	6.29102e-07	5.0187e-07	3.48677e-07	2.08875e-07	1.34698e-07	9.09527e-08	5.8614e-08	4.42005e-08	2.85364e-08	1.58409e-08	8.53945e-09	4.23183e-09	-3.67601e-09
2.76568e-06	1.35843e-06	9.87229e-07	7.26227e-07	5.84079e-07	4.61371e-07	3.24668e-07	1.99055e-07	1.33432e-07	9.37674e-08	6.01283e-08	4.47173e-08	2.86747e-08	1.84175e-08	1.08383e-08	9.27189e-09	1.579e-09
2.40282e-06	1.16434e-06	8.58929e-07	6.33946e-07	5.14602e-07	4.07801e-07	2.93005e-07	1.82705e-07	1.22035e-07	8.48344e-08	5.37605e-08	4.34909e-08	2.60213e-08	1.65349e-08	1.01811e-08	8.07165e-09	2.47581e-09
1.96686e-06	9.54123e-07	7.22956e-07	5.4229e-07	4.46329e-07	3.54929e-07	2.55709e-07	1.60027e-07	1.08162e-07	7.51061e-08	4.76329e-08	3.66815e-08	2.37849e-08	1.6446e-08	1.25429e-08	9.30932e-09	7.07357e-09
1.61889e-06	8.1525e-07	6.39443e-07	4.87824e-07	4.09627e-07	3.32693e-07	2.45339e-07	1.59273e-07	1.09849e-07	7.69085e-08	5.04977e-08	4.06078e-08	2.55899e-08	1.66726e-08	7.55318e-09	9.34674e-10	-5.41858e-09
1.4924e-06	7.51674e-07	5.96105e-07	4.57827e-07	3.88423e-07	3.19069e-07	2.35835e-07	1.55885e-07	1.09998e-07	7.87759e-08	5.32877e-08	4.44464e-08	3.09824e-08	2.00318e-08	1.30977e-08	8.48763e-09	4.92586e-09
1.48247e-06	7.45977e-07	5.83032e-07	4.47104e-07	3.77776e-07	3.07677e-07	2.29406e-07	1.4871e-07	1.04024e-07	7.37237e-08	4.90186e-08	4.10994e-08	2.73322e-08	1.83646e-08	1.41587e-08	1.16831e-08	1.12916e-08
1.54733e-06	7.80244e-07	6.05767e-07	4.64168e-07	3.87109e-07	3.14295e-07	2.37767e-07	1.53207e-07	1.08192e-07	7.63003e-08	5.0408e-08	4.019e-08	2.4023e-08	1.0799e-08	2.53871e-09	1.06095e-09	-3.56178e-09
1.61032e-06	8.10111e-07	6.2943e-07	4.87534e-07	4.12577e-07	3.37177e-07	2.52924e-07	1.7174e-07	1.23241e-07	8.88883e-08	6.30226e-08	5.6253e-08	3.99227e-08	2.968e-08	2.0978e-08	1.17709e-08	-4.59724e-09
1.67669e-06	8.27561e-07	6.43882e-07	4.9395e-07	4.16717e-07	3.38891e-07	2.50076e-07	1.7187e-07	1.21148e-07	8.76655e-08	6.15843e-08	5.1796e-08	3.89386e-08	2.94155e-08	1.93619e-08	5.24149e-09	-5.55724e-10
1.76777e-06	8.26488e-07	6.45852e-07	4.89845e-07	4.1476e-07	3.35998e-07	2.49949e-07	1.68864e-07	1.18862e-07	8.64024e-08	6.04224e-08	4.95984e-08	3.45307e-08	2.39845e-08	1.5775e-08	7.94433e-09	9.09366e-10
1.89227e-06	8.05433e-07	6.22386e-07	4.6648e-07	3.95751e-07	3.16257e-07	2.37332e-07	1.57283e-07	1.09225e-07	7.64752e-08	5.34379e-08	4.29802e-08	2.7723e-08	1.86294e-08	1.41331e-08	9.68728e-09	4.06689e-09
2.04938e-06	8.1166e-07	6.01925e-07	4.35827e-07	3.68281e-07	2.94193e-07	2.16998e-07	1.44248e-07	9.69233e-08	6.88593e-08	4.36622e-08	3.82313e-08	2.21405e-08	1.34258e-08	6.32768e-09	2.81651e-09	5.00152e-09
2.16254e-06	8.27233e-07	5.96797e-07	4.29234e-07	3.62016e-07	2.85503e-07	2.15242e-07	1.46357e-07	1.05865e-07	7.89381e-08	5.51177e-08	4.60872e-08	3.17142e-08	1.91977e-08	1.29458e-08	9.83884e-09	7.03496e-09
2.16814e-06	8.03799e-07	5.59287e-07	3.85531e-07	3.19259e-07	2.48276e-07	1.85604e-07	1.21126e-07	8.2565e-08	5.84409e-08	3.61103e-08	2.62713e-08	1.35145e-08	5.6079e-09	1.26304e-10	5.12795e-09	1.07864e-08
2.17166e-06	7.95741e-07	5.44383e-07	3.70437e-07	3.04923e-07	2.37894e-07	1.80489e-07	1.19951e-07	8.44974e-08	6.20658e-08	3.95963e-08	2.96815e-08	1.66595e-08	9.47281e-09	1.90719e-09	-5.05216e-10	-1.83141e-09
2.22908e-06	7.70518e-07	5.29113e-07	3.58539e-07	2.96638e-07	2.30492e-07	1.7675e-07	1.16276e-07	8.44217e-08	6.12449e-08	4.20593e-08	3.30917e-08	1.9173e-08	1.2643e-08	-1.08622e-09	9.5107e-09	4.0291e-09
2.22816e-06	7.30372e-07	5.17216e-07	3.57374e-07	3.01142e-07	2.38178e-07	1.89448e-07	1.28846e-07	9.68398e-08	7.11489e-08	5.0485e-08	3.96857e-08	2.78886e-08	1.85672e-08	1.02814e-08	6.34063e-09	3.33451e-09
2.04658e-06	6.55055e-07	4.88973e-07	3.47661e-07	3.04186e-07	2.42813e-07	1.90825e-07	1.31044e-07	9.69661e-08	7.13889e-08	5.52215e-08	4.08225e-08	2.53625e-08	1.8504e-08	2.5893e-09	-5.3428e-09	-1.51442e-08
1.87601e-06	6.25262e-07	4.84375e-07	3.51876e-07	3.10206e-07	2.48478e-07	1.93546e-07	1.33144e-07	9.68675e-08	7.16433e-08	5.2381e-08	4.30971e-08	3.05419e-08	2.25464e-08	1.46773e-08	9.7638e-09	3.73879e-09
1.79732e-06	6.44967e-07	5.01756e-07	3.73083e-07	3.24706e-07	2.61273e-07	2.01023e-07	1.37994e-07	1.0269e-07	7.58621e-08	5.71555e-08	4.82632e-08	3.44322e-08	2.5881e-08	1.89213e-08	1.3591e-08	6.21448e-09
1.77033e-06	6.79184e-07	5.22736e-07	3.89491e-07	3.36478e-07	2.72843e-07	2.06846e-07	1.41518e-07	1.04888e-07	7.92977e-08	5.59808e-08	4.71391e-08	3.1666e-08	1.87318e-08	8.74068e-09	2.04623e-09	-6.13869e-09
1.73213e-06	6.91032e-07	5.27763e-07	3.89769e-07	3.33005e-07	2.64633e-07	2.01592e-07	1.32437e-07	9.22319e-08	6.58962e-08	4.38803e-08	3.79563e-08	2.39737e-08	1.65846e-08	7.75546e-09	5.97449e-09	-4.2314e-09
1.74107e-06	7.212e-07	5.52812e-07	4.09256e-07	3.47678e-07	2.78901e-07	2.13255e-07	1.4204e-07	1.04499e-07	7.8946e-08	5.7119e-08	4.70392e-08	3.27026e-08	2.28628e-08	1.35787e-08	2.91785e-09	-3.52415e-09
1.80126e-06	7.5749e-07	5.75005e-07	4.22191e-07	3.59577e-07	2.8917e-07	2.15946e-07	1.39539e-07	1.01796e-07	7.76955e-08	5.40117e-08	4.46266e-08	2.79027e-08	2.12839e-08	1.1924e-08	7.36409e-09	-2.00839e-09
1.87827e-06	7.93275e-07	6.03135e-07	4.43967e-07	3.75493e-07	2.99982e-07	2.25129e-07	1.50616e-07	1.0887e-07	8.11944e-08	6.00369e-08	5.09297e-08	3.5772e-08	2.62985e-08	2.00207e-08	1.40713e-08	2.52627e-09
1.98849e-06	7.93634e-07	6.02766e-07	4.38234e-07	3.69092e-07	2.92143e-07	2.16585e-07	1.40344e-07	9.84338e-08	7.14286e-08	5.1762e-08	4.3274e-08	3.02261e-08	2.19401e-08	1.54225e-08	9.25856e-09	3.28407e-09
2.1589e-06	7.82324e-07	5.8866e-07	4.16317e-07	3.50735e-07	2.76677e-07	2.04022e-07	1.30583e-07	8.9089e-08	6.51778e-08	4.44624e-08	3.58099e-08	2.30143e-08	1.68629e-08	1.18609e-08	8.23565e-09	5.92411e-09
2.35458e-06	8.02572e-07	5.8079e-07	4.02107e-07	3.38382e-07	2.62353e-07	1.9542e-07	1.25265e-07	8.64112e-08	6.33589e-08	4.43993e-08	3.55068e-08	2.23828e-08	1.49934e-08	6.22726e-09	-1.65471e-09	-8.15986e-09
2.55703e-06	8.26921e-07	5.51133e-07	3.67569e-07	3.05586e-07	2.31286e-07	1.6713e-07	1.0483e-07	7.00301e-08	5.00215e-08	3.05939e-08	2.25223e-08	9.9285e-09	5.06531e-09	-2.02107e-09	-4.8253e-09	-8.48849e-09
2.70911e-06	8.70191e-07	5.54705e-07	3.54339e-07	2.87356e-07	2.15258e-07	1.57017e-07	1.00202e-07	6.95339e-08	5.39725e-08	3.68069e-08	3.03271e-08	1.99065e-08	1.66351e-08	1.19869e-08	1.45762e-08	1.16458e-08
2.64313e-06	8.89008e-07	5.60201e-07	3.50735e-07	2.79759e-07	2.08114e-07	1.48204e-07	9.18048e-08	5.94179e-08	4.00414e-08	2.59954e-08	2.47322e-08	1.48166e-08	6.35358e-09	3.17047e-09	1.11156e-09	2.60206e-09
2.41076e-06	8.90501e-07	5.72477e-07	3.71466e-07	2.94101e-07	2.22344e-07	1.56347e-07	9.904e-08	6.65025e-08	4.58128e-08	3.25628e-08	2.9064e-08	2.01844e-08	1.27826e-08	9.5617e-09	6.78287e-09	4.20614e-09
2.19821e-06	8.86576e-07	5.90929e-07	3.99763e-07	3.19507e-07	2.40906e-07	1.72725e-07	1.10885e-07	7.90557e-08	6.16506e-08	4.23508e-08	3.71722e-08	2.66508e-08	2.18133e-08	1.6521e-08	9.48568e-09	3.66291e-10
2.01021e-06	8.68047e-07	5.98722e-07	4.22536e-07	3.40322e-07	2.63085e-07	1.92669e-07	1.2877e-07	9.59177e-08	7.71485e-08	5.72425e-08	5.13565e-08	3.99636e-08	3.54292e-08	2.88486e-08	1.96534e-08	5.74698e-09
1.812e-06	8.21806e-07	5.82832e-07	4.14566e-07	3.36735e-07	2.63869e-07	1.87895e-07	1.27507e-07	8.46385e-08	6.4202e-08	4.03047e-08	3.37998e-08	2.1788e-08	1.43232e-08	8.90466e-09	4.06709e-09	-6.39115e-09
1.65066e-06	7.74307e-07	5.59502e-07	3.99765e-07	3.24273e-07	2.55589e-07	1.82232e-07	1.14242e-07	7.26375e-08	5.09132e-08	3.65524e-08	2.98457e-08	1.91351e-08	1.23525e-08	6.65623e-09	6.15101e-09	1.52828e-09
1.55525e-06	7.26249e-07	5.3438e-07	3.90153e-07	3.20383e-07	2.49615e-07	1.78922e-07	1.12032e-07	6.97577e-08	4.83618e-08	3.3319e-08	2.7168e-08	1.58385e-08	7.12355e-09	-1.8693e-09	-9.90224e-09	-1.27062e-08
1.43823e-06	6.52256e-07	4.87761e-07	3.58379e-07	2.97578e-07	2.34793e-07	1.68372e-07	1.03567e-07	6.83288e-08	4.66808e-08	2.89229e-08	2.39845e-08	1.7139e-08	1.10008e-08	6.35294e-09	5.27938e-09	-3.99111e-09
1.26762e-06	5.72392e-07	4.41993e-07	3.29199e-07	2.77583e-07	2.19361e-07	1.6364e-07	1.0317e-07	7.38949e-08	5.87396e-08	3.65496e-08	3.33418e-08	1.90957e-08	1.4246e-08	7.04723e-09	4.73604e-09	2.42485e-09
1.12196e-06	4.85287e-07	3.85943e-07	2.91942e-07	2.4947e-07	2e-07	1.52753e-07	1.02109e-07	7.29225e-08	5.42688e-08	3.62465e-08	3.08916e-08	2.02198e-08	1.54963e-08	1.00404e-08	6.1758e-09	6.69361e-10
1.05918e-06	4.37423e-07	3.47011e-07	2.64833e-07	2.29421e-07	1.85459e-07	1.41901e-07	9.7257e-08	6.80584e-08	4.75866e-08	3.17749e-08	2.77715e-08	1.67589e-08	9.63603e-09	2.2985e-09	-4.34442e-09	-9.2319e-09
1.00999e-06	4.09353e-07	3.18263e-07	2.41305e-07	2.10416e-07	1.70876e-07	1.32536e-07	9.01548e-08	6.70952e-08	5.0072e-08	3.49557e-08	3.04473e-08	2.05466e-08	1.60508e-08	1.19592e-08	7.28664e-09	4.77357e-09
9.34648e-07	3.87505e-07	2.98361e-07	2.27515e-07	1.97876e-07	1.59953e-07	1.24555e-07	8.53307e-08	6.37486e-08	4.92006e-08	3.39454e-08	2.88561e-08	1.89554e-08	1.11131e-08	7.32453e-09	4.71043e-09	3.66226e-10
8.57852e-07	3.70757e-07	2.91582e-07	2.20894e-07	1.92254e-07	1.55698e-07	1.23636e-07	8.75846e-08	6.27589e-08	4.67977e-08	3.26296e-08	2.96621e-08	1.92444e-08	1.29053e-08	4.88686e-09	-1.12385e-09	-5.11415e-09
8.20171e-07	3.71161e-07	2.859e-07	2.19037e-07	1.96194e-07	1.61481e-07	1.30872e-07	9.30271e-08	7.03733e-08	5.80993e-08	4.43605e-08	3.85266e-08	2.81847e-08	2.26285e-08	1.32337e-08	6.84413e-09	0
7.97674e-07	3.44357e-07	2.58807e-07	1.97414e-07	1.71086e-07	1.33886e-07	1.07268e-07	6.87552e-08	4.84254e-08	3.73766e-08	2.21734e-08	1.77665e-08	8.86431e-09	4.70995e-09	6.8187e-10	6.8187e-10	3.40935e-10
8.25732e-07	3.62363e-07	2.71018e-07	2.09523e-07	1.83107e-07	1.47562e-07	1.21411e-07	8.24179e-08	6.50554e-08	5.2403e-08	3.82984e-08	3.41945e-08	2.36003e-08	1.74634e-08	9.72296e-09	4.15436e-09	1.76781e-10
8.42054e-07	3.63671e-07	2.75411e-07	2.10132e-07	1.85282e-07	1.52617e-07	1.19801e-07	8.58734e-08	6.5936e-08	5.0077e-08	3.72105e-08	3.36372e-08	2.36496e-08	1.79045e-08	1.09978e-08	5.35367e-09	1.04801e-09
8.6237e-07	3.68785e-07	2.84123e-07	2.13377e-07	1.78565e-07	1.49473e-07	1.16935e-07	8.31208e-08	6.13021e-08	5.33347e-08	2.99503e-08	3.62383e-08	2.59855e-08	2.02404e-08	1.35862e-08	6.61633e-09	-4.04051e-09
9.35253e-07	3.95934e-07	2.99116e-07	2.2702e-07	1.91667e-07	1.5702e-07	1.25404e-07	8.99116e-08	6.39141e-08	5.12121e-08	3.32197e-08	3.29798e-08	2.20707e-08	1.54167e-08	1.06944e-08	6.99495e-09	6.36364e-09
1.05541e-06	4.40302e-07	3.33089e-07	2.51307e-07	2.19387e-07	1.8205e-07	1.44966e-07	1.09523e-07	8.4737e-08	7.00144e-08	5.50645e-08	5.28549e-08	4.21349e-08	3.46095e-08	2.80815e-08	2.31319e-08	9.26791e-09
1.18898e-06	4.92475e-07	3.58961e-07	2.63416e-07	2.2397e-07	1.79222e-07	1.36948e-07	9.50277e-08	6.90674e-08	5.24761e-08	3.94076e-08	3.42812e-08	2.67557e-08	2.27152e-08	1.97101e-08	1.83338e-08	1.54171e-08
1.28497e-06	5.77414e-07	4.12321e-07	3.0694e-07	2.57216e-07	2.0594e-07	1.60648e-07	1.12579e-07	8.52168e-08	6.7729e-08	5.2615e-08	5.00518e-08	4.0304e-08	3.29933e-08	3.09604e-08	2.62759e-08	2.0354e-08
1.33132e-06	6.0946e-07	4.3837e-07	3.20362e-07	2.66787e-07	2.13932e-07	1.59133e-07	1.07717e-07	8.26789e-08	6.4989e-08	4.79558e-08	4.0746e-08	2.96472e-08	2.43062e-08	1.75636e-08	1.73615e-08	4.01525e-09
1.40669e-06	6.42554e-07	4.59911e-07	3.38822e-07	2.81042e-07	2.27948e-07	1.67252e-07	1.10975e-07	8.20728e-08	6.35748e-08	4.61502e-08	3.85995e-08	2.37253e-08	1.51393e-08	7.13402e-09	2.24753e-09	-9.44468e-09
1.47769e-06	6.60846e-07	4.77311e-07	3.53371e-07	2.9697e-07	2.37753e-07	1.79722e-07	1.25189e-07	9.27399e-08	7.39015e-08	5.77652e-08	4.90909e-08	3.74116e-08	3.02399e-08	2.21212e-08	6.16162e-09	-1.02273e-09
1.5352e-06	6.68552e-07	4.88573e-07	3.62812e-07	3.09048e-07	2.48062e-07	1.86747e-07	1.28463e-07	9.302e-08	7.52418e-08	5.58474e-08	4.57587e-08	3.53797e-08	2.58466e-08	1.78792e-08	9.46994e-09	2.39905e-10
1.51088e-06	6.55863e-07	4.78345e-07	3.55552e-07	3.00311e-07	2.38819e-07	1.74449e-07	1.16733e-07	7.5911e-08	5.78929e-08	3.89025e-08	3.04301e-08	1.92303e-08	1.31316e-08	7.24766e-09	2.76522e-09	8.71234e-10
1.45784e-06	6.70644e-07	4.91667e-07	3.7221e-07	3.04343e-07	2.44823e-07	1.85013e-07	1.18232e-07	7.78788e-08	5.75253e-08	3.78914e-08	3.65152e-08	2.42551e-08	1.55303e-08	9.35606e-09	7.23485e-09	-3.16919e-09
1.43313e-06	7.1483e-07	5.26489e-07	3.96126e-07	3.28944e-07	2.71799e-07	2.0026e-07	1.38267e-07	1.0155e-07	7.66395e-08	5.68925e-08	4.79407e-08	3.79662e-08	3.03906e-08	2.1199e-08	1.78152e-08	3.28275e-09
1.41312e-06	7.29951e-07	5.3568e-07	4.0633e-07	3.34301e-07	2.688e-07	2.04283e-07	1.34804e-07	9.97803e-08	7.6385e-08	5.73456e-08	4.83814e-08	3.5882e-08	2.82814e-08	1.92288e-08	1.17418e-08	-2.24736e-09
1.43341e-06	7.46862e-07	5.56994e-07	4.14964e-07	3.41191e-07	2.74614e-07	2.07331e-07	1.43405e-07	1.00263e-07	8.28388e-08	6.13495e-08	4.79281e-08	3.66657e-08	2.94184e-08	2.26888e-08	1.81182e-08	7.92909e-09
1.4876e-06	7.92372e-07	5.67332e-07	4.23729e-07	3.47142e-07	2.76792e-07	2.00773e-07	1.33705e-07	9.16368e-08	7.55139e-08	5.13232e-08	4.11722e-08	3.30539e-08	2.65769e-08	1.60724e-08	1.35473e-08	8.53492e-09
1.5775e-06	8.27656e-07	5.78016e-07	4.21808e-07	3.38325e-07	2.66774e-07	1.89907e-07	1.19631e-07	7.96823e-08	6.00869e-08	4.13373e-08	3.32567e-08	2.43933e-08	1.98354e-08	1.38759e-08	1.24113e-08	7.12103e-09
1.70738e-06	8.88084e-07	6.09593e-07	4.39686e-07	3.48312e-07	2.72468e-07	1.94149e-07	1.25919e-07	8.92654e-08	6.66524e-08	4.88119e-08	3.8648e-08	2.9974e-08	2.2954e-08	1.17674e-08	1.18305e-08	2.07065e-09
1.78233e-06	9.06076e-07	6.0722e-07	4.29876e-07	3.36254e-07	2.6017e-07	1.82836e-07	1.13154e-07	7.77506e-08	5.90642e-08	3.9052e-08	2.82695e-08	1.78152e-08	8.91392e-09	3.51001e-09	5.82056e-09	2.17166e-09
1.80712e-06	9.00245e-07	5.87786e-07	4.08237e-07	3.14542e-07	2.39609e-07	1.67214e-07	9.82147e-08	6.0502e-08	4.03641e-08	2.35973e-08	1.59462e-08	3.76244e-09	-1.59083e-09	-7.68901e-09	-1.00121e-08	-8.15615e-09
1.77968e-06	8.76354e-07	5.76084e-07	4.00646e-07	3.1306e-07	2.38441e-07	1.70387e-07	1.09745e-07	7.42911e-08	5.81172e-08	3.42037e-08	3.53526e-08	2.20828e-08	1.63632e-08	1.16285e-08	6.43923e-09	2.61357e-09
1.72612e-06	8.38438e-07	5.48395e-07	3.81392e-07	2.96596e-07	2.28946e-07	1.63443e-07	1.03217e-07	6.91649e-08	5.18295e-08	3.61607e-08	3.11608e-08	2.14894e-08	1.55047e-08	9.99975e-09	4.6211e-09	-2.36105e-09
1.64626e-06	7.96773e-07	5.20303e-07	3.647e-07	2.86861e-07	2.21825e-07	1.53279e-07	9.79016e-08	6.30035e-08	4.7322e-08	3.29158e-08	2.47468e-08	1.42926e-08	1.17421e-08	-6.31297e-11	-4.64635e-09	-1.303e-08
1.62025e-06	7.8871e-07	5.17802e-07	3.62987e-07	2.82852e-07	2.12009e-07	1.51747e-07	9.59547e-08	6.35069e-08	4.71946e-08	3.12737e-08	2.58068e-08	1.84082e-08	1.31306e-08	6.45169e-09	1.80546e-09	-4.25484e-09
1.61591e-06	7.79322e-07	5.05277e-07	3.47486e-07	2.6676e-07	2.0001e-07	1.3706e-07	8.30745e-08	5.09305e-08	3.77244e-08	2.61091e-08	2.0958e-08	1.6173e-08	1.39257e-08	1.28526e-08	1.15395e-08	1.05295e-08
1.61691e-06	7.69998e-07	5.00404e-07	3.39044e-07	2.60075e-07	1.99096e-07	1.33105e-07	8.056e-08	5.16741e-08	3.74583e-08	2.45935e-08	2.05661e-08	1.42284e-08	1.31047e-08	9.25412e-09	7.80224e-09	1.07817e-08
1.65367e-06	7.78589e-07	5.16261e-07	3.52897e-07	2.78929e-07	2.1592e-07	1.53781e-07	9.74877e-08	7.14051e-08	5.73539e-08	4.2381e-08	3.32408e-08	2.64108e-08	2.41384e-08	1.97955e-08	1.59197e-08	9.07714e-09
1.66578e-06	7.45019e-07	4.87791e-07	3.26516e-07	2.5363e-07	1.89986e-07	1.32843e-07	7.98172e-08	5.62079e-08	4.31659e-08	2.93791e-08	2.15514e-08	1.64508e-08	1.47716e-08	1.39762e-08	1.39636e-08	1.38752e-08
1.71113e-06	7.19781e-07	4.63462e-07	3.09105e-07	2.40083e-07	1.76552e-07	1.2465e-07	7.42242e-08	5.01098e-08	3.80905e-08	2.51244e-08	1.90768e-08	1.22592e-08	1.10724e-08	9.34273e-09	1.2297e-08	8.42108e-09
1.7494e-06	6.71506e-07	4.30425e-07	2.83777e-07	2.25275e-07	1.66772e-07	1.19871e-07	7.39301e-08	5.23545e-08	3.93385e-08	2.51231e-08	1.86593e-08	1.08825e-08	8.6984e-09	3.58541e-09	5.06249e-09	3.64853e-09
1.71982e-06	6.00593e-07	3.93082e-07	2.5849e-07	2.18735e-07	1.6782e-07	1.26853e-07	8.35879e-08	5.88815e-08	4.35299e-08	3.3064e-08	2.61962e-08	1.96314e-08	1.57682e-08	9.55687e-09	4.12827e-09	5.32761e-09
1.54211e-06	4.85873e-07	3.30998e-07	2.2893e-07	1.97432e-07	1.51745e-07	1.12634e-07	7.28425e-08	5.40322e-08	4.64324e-08	3.39343e-08	2.9036e-08	2.23199e-08	1.65253e-08	7.12013e-09	3.38333e-09	-1.43918e-09
1.36594e-06	3.86722e-07	2.87987e-07	2.05562e-07	1.81664e-07	1.40913e-07	1.07648e-07	6.96612e-08	4.47533e-08	3.52977e-08	2.03378e-08	1.73837e-08	9.92274e-09	3.74943e-09	-2.00727e-09	-7.24638e-09	-7.48624e-09
1.26899e-06	3.47325e-07	2.78145e-07	2.04535e-07	1.84235e-07	1.44861e-07	1.12101e-07	7.25251e-08	5.06602e-08	3.82887e-08	2.62959e-08	2.18017e-08	1.2927e-08	8.1425e-09	3.15601e-10	-5.1506e-09	-9.11455e-09
1.19035e-06	3.54979e-07	2.92062e-07	2.16194e-07	2.00932e-07	1.60346e-07	1.2452e-07	8.41497e-08	6.35856e-08	4.9851e-08	3.69875e-08	3.17108e-08	2.17759e-08	1.66633e-08	8.36952e-09	4.35518e-09	-4.86013e-09
1.08877e-06	3.69032e-07	2.91802e-07	2.16529e-07	1.93113e-07	1.51758e-07	1.19026e-07	8.01712e-08	5.87367e-08	5.00391e-08	3.51814e-08	3.10914e-08	2.21919e-08	1.90235e-08	1.49461e-08	9.08884e-09	3.82489e-09
1.00347e-06	3.59157e-07	2.81458e-07	2.03658e-07	1.76795e-07	1.37876e-07	1.059e-07	6.79029e-08	4.71117e-08	3.78585e-08	2.59039e-08	2.38209e-08	1.17401e-08	1.21945e-08	9.16482e-09	9.69501e-09	1.69789e-08
9.73593e-07	3.74173e-07	2.79942e-07	2.05175e-07	1.7536e-07	1.38993e-07	1.05276e-07	7.01843e-08	5.10856e-08	3.9384e-08	2.84524e-08	2.68745e-08	1.96415e-08	1.8152e-08	1.54002e-08	1.58672e-08	1.50593e-08
9.48143e-07	3.75622e-07	2.6773e-07	1.98402e-07	1.70946e-07	1.36661e-07	1.02388e-07	6.91005e-08	5.04683e-08	3.65952e-08	2.5272e-08	2.49943e-08	1.81398e-08	1.54005e-08	1.2838e-08	1.48325e-08	1.70921e-08
9.76016e-07	4.09934e-07	2.91959e-07	2.23214e-07	1.94118e-07	1.59404e-07	1.24766e-07	9.25903e-08	7.1333e-08	5.70689e-08	4.3638e-08	4.39157e-08	3.34133e-08	2.76193e-08	2.29992e-08	2.20651e-08	1.14744e-08
1.01203e-06	4.16864e-07	2.949e-07	2.21245e-07	1.91984e-07	1.55731e-07	1.2286e-07	8.95355e-08	6.54633e-08	5.11108e-08	3.71371e-08	3.4562e-08	2.82252e-08	2.36935e-08	1.94017e-08	2.08533e-08	1.25095e-08
1.05537e-06	4.12217e-07	2.90098e-07	2.13449e-07	1.8131e-07	1.47315e-07	1.12134e-07	7.65861e-08	5.40407e-08	4.08872e-08	2.51332e-08	2.22045e-08	1.21058e-08	4.49393e-09	-1.26234e-11	-3.49668e-09	-9.12671e-09
1.12162e-06	4.25305e-07	3.03802e-07	2.24487e-07	1.93307e-07	1.55019e-07	1.25013e-07	8.72172e-08	6.34468e-08	4.83362e-08	3.37684e-08	2.8984e-08	2.07408e-08	1.26237e-08	1.05408e-08	5.79428e-09	2.70147e-09
1.2136e-06	4.34166e-07	3.20815e-07	2.39793e-07	2.07943e-07	1.64832e-07	1.336e-07	9.63466e-08	7.14268e-08	5.57856e-08	4.10155e-08	3.75439e-08	2.85303e-08	2.15997e-08	1.57043e-08	8.67271e-09	3.15601e-09
1.27244e-06	4.34002e-07	3.25094e-07	2.39175e-07	2.08473e-07	1.70185e-07	1.34989e-07	9.67884e-08	7.32446e-08	5.80327e-08	4.14068e-08	3.81372e-08	2.65231e-08	2.12462e-08	1.1955e-08	5.8828e-09	5.80705e-10
1.31763e-06	4.26362e-07	3.31023e-07	2.43486e-07	2.16482e-07	1.73282e-07	1.34172e-07	9.25996e-08	6.56087e-08	5.0106e-08	3.51083e-08	2.9945e-08	1.62223e-08	8.40782e-09	1.07307e-09	-2.42388e-09	4.86037e-09
1.32963e-06	4.16284e-07	3.33287e-07	2.41503e-07	2.15824e-07	1.69541e-07	1.31843e-07	8.82234e-08	6.27336e-08	4.36951e-08	3.0603e-08	2.46061e-08	1.37739e-08	7.18362e-09	1.84325e-09	-1.90637e-09	-1.89375e-09
1.34e-06	4.4104e-07	3.53736e-07	2.62127e-07	2.32937e-07	1.80996e-07	1.45747e-07	1.00636e-07	7.26334e-08	5.81522e-08	4.22316e-08	3.74088e-08	2.93917e-08	2.35209e-08	1.42918e-08	6.86817e-09	5.2395e-09
1.28873e-06	4.4331e-07	3.45105e-07	2.52342e-07	2.17343e-07	1.70867e-07	1.32219e-07	8.75735e-08	6.11096e-08	4.48347e-08	2.92164e-08	2.23984e-08	1.29037e-08	8.18161e-09	2.3863e-09	-3.88879e-09	-5.54279e-09
1.21725e-06	4.56201e-07	3.52668e-07	2.6012e-07	2.18744e-07	1.85917e-07	1.38848e-07	9.59824e-08	6.96952e-08	5.33446e-08	3.7196e-08	3.00624e-08	2.01384e-08	1.34971e-08	6.28772e-09	-1.37623e-09	-6.21196e-09
1.141e-06	4.4693e-07	3.37306e-07	2.4892e-07	2.13869e-07	1.73312e-07	1.2994e-07	8.67825e-08	6.65421e-08	5.17311e-08	3.58342e-08	2.69704e-08	2.0897e-08	1.67934e-08	1.08589e-08	5.03801e-09	-3.03038e-09
1.05712e-06	4.37068e-07	3.30964e-07	2.46957e-07	2.10314e-07	1.73784e-07	1.34035e-07	9.14566e-08	6.90186e-08	5.27173e-08	3.9055e-08	3.17693e-08	2.28547e-08	1.88898e-08	1.43189e-08	9.07874e-09	-1.67938e-09
9.75793e-07	4.15345e-07	3.15966e-07	2.37549e-07	2.02546e-07	1.64575e-07	1.28952e-07	8.72689e-08	6.29862e-08	4.55349e-08	3.26548e-08	2.38913e-08	1.50899e-08	9.93787e-09	3.87665e-09	-3.44732e-09	-9.50854e-09
9.27579e-07	4.06503e-07	3.08309e-07	2.3335e-07	2.02058e-07	1.62394e-07	1.25672e-07	9.00619e-08	6.5526e-08	4.60917e-08	3.77825e-08	2.99406e-08	2.05582e-08	1.55196e-08	2.60134e-09	-3.69996e-09	-8.01869e-09
8.7243e-07	4.04177e-07	3.12194e-07	2.44368e-07	2.12608e-07	1.7312e-07	1.35601e-07	9.57342e-08	7.05915e-08	5.6006e-08	4.08143e-08	3.85664e-08	2.82492e-08	2.35642e-08	1.58862e-08	1.16558e-08	5.32909e-09
8.51328e-07	4.11161e-07	3.25542e-07	2.57034e-07	2.23152e-07	1.84826e-07	1.45919e-07	1.03829e-07	7.85094e-08	6.25979e-08	4.55877e-08	4.39587e-08	3.37677e-08	2.75926e-08	1.8576e-08	1.06961e-08	5.93524e-10
8.53118e-07	4.10136e-07	3.27937e-07	2.54237e-07	2.20418e-07	1.81269e-07	1.36565e-07	9.7833e-08	7.27275e-08	5.12843e-08	4.01081e-08	3.3857e-08	2.45119e-08	1.88796e-08	1.17066e-08	5.93539e-09	-1.76799e-09
8.65317e-07	4.15427e-07	3.35463e-07	2.61435e-07	2.2461e-07	1.82583e-07	1.38459e-07	9.37666e-08	6.49989e-08	4.69654e-08	3.41222e-08	2.47771e-08	1.57098e-08	1.06837e-08	4.98826e-09	5.43025e-10	-3.40969e-10
8.98416e-07	4.23257e-07	3.47915e-07	2.76602e-07	2.40396e-07	1.92938e-07	1.48473e-07	1.00662e-07	7.36241e-08	5.09055e-08	3.69636e-08	1.2136e-08	7.32453e-10	-6.9583e-09	-1.62908e-08	-2.53706e-08	-2.73154e-08
8.83635e-07	4.11621e-07	3.4307e-07	2.68988e-07	2.30027e-07	1.85888e-07	1.40259e-07	9.14854e-08	6.13397e-08	4.35579e-08	2.78472e-08	1.94489e-08	9.91387e-09	4.88747e-09	-1.08611e-09	-5.38001e-09	-3.67508e-09
9.08664e-07	4.16949e-07	3.4443e-07	2.67264e-07	2.31776e-07	1.85388e-07	1.32382e-07	8.49836e-08	5.37383e-08	3.71937e-08	2.20384e-08	1.44607e-08	7.94393e-09	5.89795e-09	9.09321e-10	-1.74286e-09	3.0437e-09
9.54483e-07	4.40073e-07	3.53877e-07	2.73668e-07	2.33266e-07	1.88987e-07	1.34567e-07	8.70548e-08	5.90174e-08	4.12099e-08	2.46527e-08	1.93736e-08	9.57312e-09	7.83026e-09	3.10685e-09	1.45239e-09	3.83935e-09
1.01888e-06	4.86221e-07	3.83452e-07	2.98391e-07	2.58721e-07	2.10804e-07	1.61244e-07	1.12481e-07	8.54151e-08	6.66473e-08	5.15042e-08	4.56566e-08	3.67653e-08	3.22817e-08	2.64846e-08	2.18874e-08	1.23645e-08
9.85488e-07	4.67174e-07	3.66383e-07	2.77111e-07	2.36012e-07	1.89027e-07	1.38606e-07	9.20252e-08	6.53371e-08	4.09099e-08	2.84058e-08	2.10549e-08	1.20241e-08	9.99065e-09	6.45414e-09	3.30917e-09	-1.38934e-10
9.52975e-07	4.52747e-07	3.50411e-07	2.64835e-07	2.21965e-07	1.7686e-07	1.29607e-07	9.5036e-08	6.83087e-08	3.88278e-08	3.64027e-08	3.16155e-08	2.16749e-08	1.66477e-08	1.52204e-08	1.28837e-08	2.07149e-09
9.33748e-07	4.4974e-07	3.49257e-07	2.66143e-07	2.2504e-07	1.80161e-07	1.3585e-07	9.12364e-08	6.43063e-08	4.8555e-08	3.35236e-08	2.96584e-08	2.15238e-08	1.51955e-08	9.80194e-09	8.67775e-09	-5.81043e-10
9.59745e-07	4.60566e-07	3.61071e-07	2.79134e-07	2.38222e-07	1.9827e-07	1.43804e-07	1.08804e-07	7.08349e-08	6.50878e-08	4.73033e-08	4.53455e-08	2.73588e-08	1.6193e-08	1.16837e-08	4.40824e-09	-6.71972e-09
9.64418e-07	4.50878e-07	3.51206e-07	2.64949e-07	2.25729e-07	1.84388e-07	1.36643e-07	9.67033e-08	7.14033e-08	5.59429e-08	3.89541e-08	3.78174e-08	2.85714e-08	2.0677e-08	1.50183e-08	7.1997e-09	8.71542e-10
9.59935e-07	4.46989e-07	3.48431e-07	2.61178e-07	2.24865e-07	1.80594e-07	1.40024e-07	9.90628e-08	7.46981e-08	5.54868e-08	4.30834e-08	3.86248e-08	3.38125e-08	2.33037e-08	1.6862e-08	9.71303e-09	4.20603e-09
9.67323e-07	4.51585e-07	3.48768e-07	2.65555e-07	2.28079e-07	1.86611e-07	1.46457e-07	1.06265e-07	8.25944e-08	6.67803e-08	5.10421e-08	4.8579e-08	3.77037e-08	3.07945e-08	2.23064e-08	1.50941e-08	2.14728e-09
9.68447e-07	4.30313e-07	3.2042e-07	2.41171e-07	2.05437e-07	1.59648e-07	1.21615e-07	8.27986e-08	5.962e-08	4.47024e-08	2.71448e-08	2.39364e-08	1.4425e-08	8.9809e-09	5.43149e-09	7.14935e-09	6.56831e-10
1.00889e-06	4.255e-07	3.16946e-07	2.29866e-07	1.99512e-07	1.61732e-07	1.25973e-07	8.88111e-08	6.44452e-08	5.41001e-08	4.1254e-08	3.80457e-08	2.89132e-08	2.89132e-08	2.46059e-08	1.94523e-08	1.98439e-08
1.04563e-06	4.26004e-07	3.17838e-07	2.35126e-07	2.01513e-07	1.66107e-07	1.29525e-07	9.33734e-08	7.19753e-08	6.09352e-08	4.43625e-08	4.01688e-08	2.99876e-08	2.63371e-08	1.87454e-08	5.68426e-10	2.50107e-09
1.04518e-06	4.13058e-07	3.08433e-07	2.28678e-07	1.98439e-07	1.62692e-07	1.28587e-07	9.36868e-08	7.29967e-08	6.15905e-08	4.68245e-08	4.24793e-08	3.31447e-08	2.65132e-08	1.87828e-08	1.08251e-08	2.94311e-09
