1.26418e-05	6.73377e-06	5.41937e-06	4.36356e-06	3.70852e-06	3.16197e-06	2.46281e-06	1.752e-06	1.31745e-06	1.02867e-06	7.76881e-07	5.52764e-07	4.09921e-07	2.83462e-07	1.69029e-07	9.05462e-08	3.20095e-08
1.29486e-05	6.982e-06	5.58608e-06	4.49099e-06	3.80711e-06	3.24171e-06	2.51664e-06	1.78732e-06	1.33969e-06	1.04579e-06	7.84314e-07	5.57045e-07	4.12538e-07	2.82609e-07	1.69404e-07	9.01397e-08	3.59371e-08
1.35335e-05	7.41623e-06	5.91836e-06	4.74748e-06	4.01225e-06	3.4078e-06	2.63036e-06	1.85558e-06	1.38863e-06	1.0793e-06	8.05624e-07	5.71735e-07	4.18361e-07	2.86032e-07	1.68987e-07	9.03797e-08	3.26024e-08
1.40436e-05	7.8182e-06	6.25642e-06	5.03345e-06	4.25536e-06	3.61517e-06	2.78868e-06	1.96313e-06	1.46276e-06	1.1352e-06	8.44625e-07	5.96905e-07	4.35771e-07	2.96703e-07	1.71845e-07	8.78363e-08	2.69547e-08
1.44425e-05	8.11436e-06	6.50537e-06	5.24977e-06	4.44679e-06	3.78542e-06	2.92418e-06	2.06083e-06	1.53573e-06	1.1888e-06	8.84123e-07	6.24934e-07	4.56537e-07	3.12479e-07	1.82632e-07	9.61475e-08	3.71479e-08
1.47326e-05	8.29877e-06	6.66572e-06	5.39103e-06	4.57761e-06	3.905e-06	3.02504e-06	2.1396e-06	1.59563e-06	1.23679e-06	9.20182e-07	6.50856e-07	4.74245e-07	3.25813e-07	1.91302e-07	1.02137e-07	4.11656e-08
1.50559e-05	8.50404e-06	6.84277e-06	5.54094e-06	4.71141e-06	4.02274e-06	3.12288e-06	2.21001e-06	1.64956e-06	1.27851e-06	9.51536e-07	6.72473e-07	4.89428e-07	3.31999e-07	1.91886e-07	1.00553e-07	3.72859e-08
1.57303e-05	8.98789e-06	7.23035e-06	5.85505e-06	4.9757e-06	4.24742e-06	3.29353e-06	2.32779e-06	1.73668e-06	1.34751e-06	1.00128e-06	7.08526e-07	5.15713e-07	3.50752e-07	2.05836e-07	1.07162e-07	3.81205e-08
1.66865e-05	9.69196e-06	7.76828e-06	6.28907e-06	5.33303e-06	4.54768e-06	3.51451e-06	2.47859e-06	1.84495e-06	1.42883e-06	1.05983e-06	7.50752e-07	5.46126e-07	3.70033e-07	2.17256e-07	1.10895e-07	3.96974e-08
1.773e-05	1.04134e-05	8.3247e-06	6.72974e-06	5.69693e-06	4.8516e-06	3.74227e-06	2.63376e-06	1.95786e-06	1.51123e-06	1.12102e-06	7.93071e-07	5.7538e-07	3.90378e-07	2.27833e-07	1.19525e-07	4.34371e-08
1.87426e-05	1.11654e-05	8.92346e-06	7.21596e-06	6.10465e-06	5.19843e-06	4.00726e-06	2.81672e-06	2.0914e-06	1.61336e-06	1.19472e-06	8.43846e-07	6.11403e-07	4.12494e-07	2.39971e-07	1.2339e-07	4.36897e-08
1.96658e-05	1.19173e-05	9.55842e-06	7.7594e-06	6.57579e-06	5.60844e-06	4.32677e-06	3.04322e-06	2.25778e-06	1.73987e-06	1.28448e-06	9.05732e-07	6.53458e-07	4.38738e-07	2.56013e-07	1.31391e-07	4.88581e-08
2.0496e-05	1.26245e-05	1.0191e-05	8.31864e-06	7.07266e-06	6.0507e-06	4.68034e-06	3.30108e-06	2.44915e-06	1.88388e-06	1.38828e-06	9.75255e-07	7.00169e-07	4.66438e-07	2.69073e-07	1.36873e-07	5.14981e-08
2.1284e-05	1.33659e-05	1.08514e-05	8.90442e-06	7.59105e-06	6.51142e-06	5.04853e-06	3.56578e-06	2.64666e-06	2.03429e-06	1.49543e-06	1.04814e-06	7.50594e-07	4.9611e-07	2.83536e-07	1.42393e-07	5.04876e-08
2.23814e-05	1.43194e-05	1.16842e-05	9.62527e-06	8.22102e-06	7.06277e-06	5.48003e-06	3.87097e-06	2.86854e-06	2.20204e-06	1.61309e-06	1.12764e-06	8.03552e-07	5.29975e-07	3.00243e-07	1.52275e-07	5.54278e-08
2.37345e-05	1.54797e-05	1.26837e-05	1.04817e-05	8.96097e-06	7.70321e-06	5.97438e-06	4.21309e-06	3.11433e-06	2.38399e-06	1.74141e-06	1.21296e-06	8.61068e-07	5.66593e-07	3.19485e-07	1.59976e-07	5.93548e-08
2.49392e-05	1.65071e-05	1.3566e-05	1.12391e-05	9.61516e-06	8.26996e-06	6.41153e-06	4.51652e-06	3.33046e-06	2.54094e-06	1.85058e-06	1.28493e-06	9.05654e-07	5.90001e-07	3.29965e-07	1.61294e-07	5.73984e-08
2.53294e-05	1.68779e-05	1.38931e-05	1.15323e-05	9.8789e-06	8.50826e-06	6.6037e-06	4.6606e-06	3.44035e-06	2.62809e-06	1.91327e-06	1.32905e-06	9.38523e-07	6.1031e-07	3.42272e-07	1.68363e-07	5.88369e-08
2.44282e-05	1.62042e-05	1.33676e-05	1.11178e-05	9.54584e-06	8.24032e-06	6.42101e-06	4.55529e-06	3.37779e-06	2.58924e-06	1.89125e-06	1.31585e-06	9.31148e-07	6.07958e-07	3.40659e-07	1.67627e-07	5.68902e-08
2.28633e-05	1.4994e-05	1.23977e-05	1.03291e-05	8.89194e-06	7.69201e-06	6.02266e-06	4.29497e-06	3.20025e-06	2.46106e-06	1.80532e-06	1.2592e-06	8.93637e-07	5.83628e-07	3.25544e-07	1.57935e-07	5.28343e-08
2.14167e-05	1.3876e-05	1.14858e-05	9.57585e-06	8.25569e-06	7.14958e-06	5.61281e-06	4.01829e-06	3.00287e-06	2.317e-06	1.70535e-06	1.19549e-06	8.52098e-07	5.61308e-07	3.15546e-07	1.55304e-07	5.60916e-08
1.99822e-05	1.28001e-05	1.06051e-05	8.8496e-06	7.63964e-06	6.62385e-06	5.21133e-06	3.74084e-06	2.80237e-06	2.1663e-06	1.59819e-06	1.12369e-06	8.03875e-07	5.30692e-07	3.00907e-07	1.50959e-07	5.60538e-08
1.87818e-05	1.1874e-05	9.85297e-06	8.2244e-06	7.10777e-06	6.1655e-06	4.85747e-06	3.49175e-06	2.61892e-06	2.02791e-06	1.49831e-06	1.05281e-06	7.54926e-07	4.97423e-07	2.81588e-07	1.41735e-07	5.25412e-08
1.81807e-05	1.14206e-05	9.46001e-06	7.88601e-06	6.8087e-06	5.90106e-06	4.64383e-06	3.3365e-06	2.50039e-06	1.93605e-06	1.43093e-06	1.00727e-06	7.23717e-07	4.79678e-07	2.72393e-07	1.38009e-07	4.96868e-08
1.79405e-05	1.11719e-05	9.23846e-06	7.68465e-06	6.62726e-06	5.73921e-06	4.50914e-06	3.23162e-06	2.42078e-06	1.87125e-06	1.38347e-06	9.73894e-07	6.99682e-07	4.64194e-07	2.64916e-07	1.34637e-07	5.22254e-08
1.77413e-05	1.0935e-05	9.02555e-06	7.49003e-06	6.45432e-06	5.58044e-06	4.37756e-06	3.13082e-06	2.34173e-06	1.80903e-06	1.3364e-06	9.39401e-07	6.74901e-07	4.48469e-07	2.56353e-07	1.29496e-07	4.86006e-08
1.72478e-05	1.05008e-05	8.65203e-06	7.16718e-06	6.17105e-06	5.33058e-06	4.1794e-06	2.98609e-06	2.23177e-06	1.7254e-06	1.27455e-06	8.96645e-07	6.45174e-07	4.28891e-07	2.46849e-07	1.26304e-07	4.68083e-08
1.65462e-05	9.93483e-06	8.17386e-06	6.76102e-06	5.81802e-06	5.02285e-06	3.93455e-06	2.80818e-06	2.09877e-06	1.6231e-06	1.20046e-06	8.45101e-07	6.08382e-07	4.06118e-07	2.33296e-07	1.19383e-07	3.94321e-08
1.56937e-05	9.28667e-06	7.63841e-06	6.31026e-06	5.42902e-06	4.68427e-06	3.66701e-06	2.61491e-06	1.95286e-06	1.51047e-06	1.11641e-06	7.86223e-07	5.66396e-07	3.76895e-07	2.16619e-07	1.10223e-07	4.16035e-08
1.47165e-05	8.55858e-06	7.05194e-06	5.82532e-06	5.01461e-06	4.32487e-06	3.38753e-06	2.41621e-06	1.8067e-06	1.39921e-06	1.03566e-06	7.28901e-07	5.27269e-07	3.53007e-07	2.02554e-07	1.03948e-07	3.7626e-08
1.37087e-05	7.81074e-06	6.44836e-06	5.32627e-06	4.59234e-06	3.96168e-06	3.10708e-06	2.21887e-06	1.66001e-06	1.28726e-06	9.55176e-07	6.72628e-07	4.8905e-07	3.30441e-07	1.9098e-07	9.84894e-08	3.37097e-08
1.29473e-05	7.22022e-06	5.9783e-06	4.93396e-06	4.25778e-06	3.67371e-06	2.88638e-06	2.06358e-06	1.54644e-06	1.20053e-06	8.93415e-07	6.29698e-07	4.57929e-07	3.09968e-07	1.784e-07	9.17197e-08	3.1752e-08
1.23629e-05	6.7796e-06	5.619e-06	4.63461e-06	3.99976e-06	3.44995e-06	2.7116e-06	1.93902e-06	1.45386e-06	1.13018e-06	8.41227e-07	5.934e-07	4.31242e-07	2.92349e-07	1.70595e-07	8.75013e-08	3.20173e-08
1.17748e-05	6.32456e-06	5.24974e-06	4.32697e-06	3.73822e-06	3.22374e-06	2.53627e-06	1.81456e-06	1.36174e-06	1.05974e-06	7.90333e-07	5.58829e-07	4.08118e-07	2.77767e-07	1.60802e-07	8.39753e-08	2.81518e-08
1.11728e-05	5.86156e-06	4.87313e-06	4.01465e-06	3.47007e-06	2.99087e-06	2.35479e-06	1.68619e-06	1.26641e-06	9.86574e-07	7.37408e-07	5.20878e-07	3.811e-07	2.61291e-07	1.52496e-07	8.03653e-08	2.77357e-08
1.05987e-05	5.43901e-06	4.51865e-06	3.71726e-06	3.21253e-06	2.76786e-06	2.17955e-06	1.56023e-06	1.17388e-06	9.15572e-07	6.84428e-07	4.85804e-07	3.5682e-07	2.45277e-07	1.44582e-07	7.80374e-08	2.59662e-08
1.01369e-05	5.07838e-06	4.21386e-06	3.45835e-06	2.98885e-06	2.57212e-06	2.02269e-06	1.44631e-06	1.08725e-06	8.49701e-07	6.38857e-07	4.5139e-07	3.34243e-07	2.31151e-07	1.36167e-07	7.37794e-08	2.68495e-08
9.84613e-06	4.82355e-06	4.0038e-06	3.27885e-06	2.83328e-06	2.43631e-06	1.91706e-06	1.37179e-06	1.03042e-06	8.09401e-07	6.09229e-07	4.31184e-07	3.21891e-07	2.274e-07	1.37531e-07	8.00056e-08	3.24948e-08
9.71784e-06	4.6814e-06	3.88559e-06	3.17435e-06	2.74211e-06	2.35465e-06	1.85076e-06	1.32156e-06	9.93521e-07	7.80771e-07	5.84413e-07	4.15309e-07	3.07961e-07	2.15731e-07	1.29196e-07	7.18471e-08	2.61044e-08
9.80778e-06	4.69383e-06	3.88993e-06	3.16817e-06	2.73355e-06	2.34254e-06	1.83908e-06	1.30731e-06	9.81133e-07	7.68002e-07	5.74811e-07	4.06486e-07	3.00962e-07	2.07322e-07	1.22408e-07	6.71331e-08	2.26808e-08
9.99256e-06	4.7614e-06	3.94073e-06	3.20159e-06	2.75808e-06	2.35923e-06	1.84954e-06	1.31295e-06	9.83734e-07	7.68173e-07	5.75255e-07	4.07873e-07	3.0222e-07	2.08312e-07	1.22196e-07	6.55814e-08	2.00546e-08
1.02743e-05	4.90499e-06	4.04761e-06	3.27853e-06	2.81966e-06	2.40837e-06	1.88124e-06	1.33139e-06	9.97462e-07	7.75207e-07	5.79322e-07	4.09363e-07	3.01437e-07	2.08641e-07	1.2154e-07	6.39271e-08	1.87664e-08
1.05932e-05	5.06947e-06	4.17098e-06	3.36707e-06	2.8882e-06	2.46096e-06	1.9164e-06	1.35227e-06	1.0075e-06	7.81623e-07	5.81961e-07	4.10197e-07	3.01336e-07	2.07352e-07	1.18408e-07	6.02394e-08	1.74909e-08
1.09679e-05	5.26542e-06	4.31349e-06	3.47001e-06	2.96932e-06	2.52402e-06	1.9607e-06	1.38061e-06	1.02595e-06	7.95729e-07	5.92658e-07	4.17332e-07	3.06312e-07	2.11305e-07	1.22613e-07	6.22222e-08	1.667e-08
1.14119e-05	5.49499e-06	4.47905e-06	3.58831e-06	3.06227e-06	2.59549e-06	2.00645e-06	1.40256e-06	1.03763e-06	8.01677e-07	5.93617e-07	4.15576e-07	3.0371e-07	2.07479e-07	1.18723e-07	6.00248e-08	1.7251e-08
1.19035e-05	5.77149e-06	4.67632e-06	3.7348e-06	3.17711e-06	2.68804e-06	2.07099e-06	1.44298e-06	1.06445e-06	8.19605e-07	6.06363e-07	4.25374e-07	3.11321e-07	2.13698e-07	1.22743e-07	6.36003e-08	2.11917e-08
1.23427e-05	6.00903e-06	4.84877e-06	3.86032e-06	3.27465e-06	2.76414e-06	2.12223e-06	1.47185e-06	1.08291e-06	8.32584e-07	6.15433e-07	4.29098e-07	3.11177e-07	2.13185e-07	1.2171e-07	6.17959e-08	1.83127e-08
1.26708e-05	6.16422e-06	4.96076e-06	3.93959e-06	3.33899e-06	2.81354e-06	2.15468e-06	1.49214e-06	1.09722e-06	8.42237e-07	6.21177e-07	4.33293e-07	3.14428e-07	2.15857e-07	1.2326e-07	6.35751e-08	1.89311e-08
1.28175e-05	6.23207e-06	5.00759e-06	3.97089e-06	3.36232e-06	2.82929e-06	2.16553e-06	1.4951e-06	1.09833e-06	8.43058e-07	6.21922e-07	4.31298e-07	3.13341e-07	2.13079e-07	1.22023e-07	6.33351e-08	1.80723e-08
1.28075e-05	6.21713e-06	4.99057e-06	3.95461e-06	3.34745e-06	2.815e-06	2.15341e-06	1.48612e-06	1.09102e-06	8.36764e-07	6.16545e-07	4.28833e-07	3.10962e-07	2.12503e-07	1.22064e-07	6.27557e-08	1.91968e-08
1.26053e-05	6.08626e-06	4.88817e-06	3.8694e-06	3.27506e-06	2.75416e-06	2.10478e-06	1.45171e-06	1.06341e-06	8.13392e-07	5.98027e-07	4.13655e-07	2.99159e-07	2.0194e-07	1.13637e-07	5.62249e-08	1.49908e-08
1.22883e-05	5.89971e-06	4.74547e-06	3.75903e-06	3.18477e-06	2.68014e-06	2.04932e-06	1.41329e-06	1.0365e-06	7.94554e-07	5.84373e-07	4.04349e-07	2.92382e-07	2.00129e-07	1.13457e-07	5.83451e-08	1.59249e-08
1.18797e-05	5.62941e-06	4.54579e-06	3.59842e-06	3.05208e-06	2.56706e-06	1.9654e-06	1.35769e-06	9.94734e-07	7.62869e-07	5.60517e-07	3.88399e-07	2.81408e-07	1.89723e-07	1.04756e-07	5.04269e-08	1.02799e-08
1.13704e-05	5.31636e-06	4.30998e-06	3.41693e-06	2.90347e-06	2.44546e-06	1.87706e-06	1.29937e-06	9.54399e-07	7.34145e-07	5.42192e-07	3.77504e-07	2.74682e-07	1.87925e-07	1.05915e-07	5.37595e-08	1.25275e-08
1.08217e-05	4.98591e-06	4.06021e-06	3.22688e-06	2.74691e-06	2.31657e-06	1.78408e-06	1.23761e-06	9.1251e-07	7.04026e-07	5.20446e-07	3.6245e-07	2.65148e-07	1.81724e-07	1.02935e-07	5.32544e-08	1.13656e-08
1.02945e-05	4.64804e-06	3.80747e-06	3.02989e-06	2.58552e-06	2.18319e-06	1.68568e-06	1.17216e-06	8.66075e-07	6.69702e-07	4.95719e-07	3.45301e-07	2.5406e-07	1.73187e-07	9.74036e-08	4.939e-08	8.97886e-09
9.82642e-06	4.35568e-06	3.58558e-06	2.85644e-06	2.44379e-06	2.06646e-06	1.60075e-06	1.11665e-06	8.26825e-07	6.4197e-07	4.77925e-07	3.34289e-07	2.45195e-07	1.69752e-07	9.68227e-08	4.91501e-08	1.05953e-08
9.39285e-06	4.0762e-06	3.37467e-06	2.69237e-06	2.31007e-06	1.95493e-06	1.51693e-06	1.0613e-06	7.87695e-07	6.12328e-07	4.55549e-07	3.19215e-07	2.34215e-07	1.62588e-07	9.187e-08	4.60297e-08	8.72607e-09
8.99706e-06	3.80832e-06	3.16985e-06	2.5308e-06	2.1786e-06	1.84619e-06	1.43728e-06	1.00815e-06	7.50455e-07	5.8476e-07	4.37579e-07	3.07799e-07	2.27471e-07	1.56488e-07	9.04935e-08	4.54109e-08	1.05445e-08
8.6614e-06	3.59177e-06	2.99912e-06	2.39642e-06	2.06572e-06	1.75166e-06	1.36702e-06	9.60776e-07	7.17425e-07	5.61513e-07	4.22297e-07	2.97351e-07	2.21125e-07	1.55987e-07	9.09504e-08	4.86828e-08	1.28179e-08
8.45172e-06	3.42693e-06	2.87354e-06	2.29419e-06	1.98027e-06	1.67897e-06	1.3131e-06	9.25883e-07	6.93923e-07	5.43581e-07	4.08999e-07	2.89016e-07	2.15139e-07	1.52918e-07	8.7667e-08	4.6094e-08	1.04059e-08
8.25613e-06	3.28795e-06	2.75864e-06	2.19882e-06	1.90036e-06	1.61159e-06	1.26005e-06	8.87329e-07	6.6508e-07	5.20622e-07	3.92228e-07	2.76741e-07	2.06047e-07	1.45518e-07	8.25651e-08	4.1232e-08	7.02144e-09
8.11167e-06	3.17607e-06	2.66871e-06	2.1247e-06	1.83766e-06	1.55725e-06	1.21947e-06	8.61258e-07	6.45119e-07	5.07425e-07	3.83394e-07	2.67635e-07	1.99545e-07	1.4128e-07	8.09824e-08	4.02071e-08	4.6218e-09
7.93515e-06	3.04907e-06	2.57166e-06	2.04718e-06	1.77319e-06	1.50215e-06	1.17871e-06	8.3399e-07	6.27999e-07	4.94494e-07	3.74084e-07	2.66278e-07	1.99563e-07	1.42269e-07	8.28913e-08	4.30368e-08	8.29671e-09
7.65954e-06	2.873e-06	2.43729e-06	1.93931e-06	1.68355e-06	1.42787e-06	1.12263e-06	7.9555e-07	5.9826e-07	4.72003e-07	3.58274e-07	2.55165e-07	1.92037e-07	1.36397e-07	7.77517e-08	3.96398e-08	5.29121e-09
7.37235e-06	2.68876e-06	2.29906e-06	1.83159e-06	1.59454e-06	1.35273e-06	1.06677e-06	7.58013e-07	5.7029e-07	4.51557e-07	3.43798e-07	2.4445e-07	1.82911e-07	1.30983e-07	7.37378e-08	3.5726e-08	3.64964e-09
7.0408e-06	2.51609e-06	2.16392e-06	1.73038e-06	1.51078e-06	1.28363e-06	1.0148e-06	7.2227e-07	5.46103e-07	4.33731e-07	3.29503e-07	2.3693e-07	1.79387e-07	1.28586e-07	7.42499e-08	3.65567e-08	6.18749e-09
6.75338e-06	2.34305e-06	2.03234e-06	1.62537e-06	1.42317e-06	1.21092e-06	9.60689e-07	6.86299e-07	5.18487e-07	4.12666e-07	3.14977e-07	2.23854e-07	1.71322e-07	1.21935e-07	7.04508e-08	3.62419e-08	6.95795e-09
6.48954e-06	2.18573e-06	1.91385e-06	1.5332e-06	1.34771e-06	1.14895e-06	9.14903e-07	6.56746e-07	4.99634e-07	3.98121e-07	3.07001e-07	2.18962e-07	1.69499e-07	1.20176e-07	6.906e-08	3.49151e-08	4.98788e-09
6.29464e-06	2.0615e-06	1.82028e-06	1.4616e-06	1.29082e-06	1.10166e-06	8.81667e-07	6.34673e-07	4.84658e-07	3.8932e-07	2.99664e-07	2.13873e-07	1.64789e-07	1.21666e-07	7.14719e-08	3.69482e-08	4.19234e-09
6.15061e-06	1.96642e-06	1.7509e-06	1.40598e-06	1.2425e-06	1.06001e-06	8.51702e-07	6.14355e-07	4.71361e-07	3.78233e-07	2.93792e-07	2.0939e-07	1.60799e-07	1.18181e-07	7.0045e-08	3.51172e-08	6.26326e-09
6.05859e-06	1.91481e-06	1.71204e-06	1.37679e-06	1.21646e-06	1.03904e-06	8.35577e-07	6.05465e-07	4.63153e-07	3.72563e-07	2.88918e-07	2.06258e-07	1.58589e-07	1.15289e-07	6.68881e-08	3.34756e-08	2.31084e-09
6.01508e-06	1.8809e-06	1.68455e-06	1.35422e-06	1.20084e-06	1.0264e-06	8.25623e-07	5.96583e-07	4.57851e-07	3.67784e-07	2.85835e-07	2.05301e-07	1.58884e-07	1.16357e-07	6.82737e-08	3.53427e-08	4.67195e-09
5.95632e-06	1.83595e-06	1.65124e-06	1.3253e-06	1.17607e-06	1.0045e-06	8.07574e-07	5.8291e-07	4.47054e-07	3.57489e-07	2.77445e-07	1.98929e-07	1.51969e-07	1.11814e-07	6.41463e-08	3.28308e-08	4.30588e-09
5.88613e-06	1.76459e-06	1.60016e-06	1.28151e-06	1.1412e-06	9.75086e-07	7.85767e-07	5.6753e-07	4.36308e-07	3.51251e-07	2.71839e-07	1.95911e-07	1.49973e-07	1.104e-07	6.3376e-08	3.27929e-08	2.77799e-09
5.75657e-06	1.67482e-06	1.52964e-06	1.22586e-06	1.09357e-06	9.32975e-07	7.54792e-07	5.45963e-07	4.19805e-07	3.39053e-07	2.62394e-07	1.88726e-07	1.46602e-07	1.08657e-07	6.41084e-08	3.45481e-08	5.78327e-09
5.62209e-06	1.57379e-06	1.45328e-06	1.16574e-06	1.04411e-06	8.91494e-07	7.25497e-07	5.27426e-07	4.07266e-07	3.30492e-07	2.57936e-07	1.85481e-07	1.4563e-07	1.10034e-07	6.60025e-08	3.74523e-08	6.18734e-09
5.44262e-06	1.45785e-06	1.36011e-06	1.09365e-06	9.80226e-07	8.36128e-07	6.83608e-07	4.96174e-07	3.81598e-07	3.0941e-07	2.42474e-07	1.74883e-07	1.35562e-07	1.02796e-07	6.05207e-08	3.21733e-08	4.81085e-09
5.29668e-06	1.34753e-06	1.27691e-06	1.02217e-06	9.22736e-07	7.87742e-07	6.43808e-07	4.67536e-07	3.6219e-07	2.95318e-07	2.3183e-07	1.66561e-07	1.31358e-07	9.90959e-08	5.89171e-08	3.19461e-08	6.04829e-09
5.18665e-06	1.26383e-06	1.21055e-06	9.6712e-07	8.77787e-07	7.49817e-07	6.15836e-07	4.49456e-07	3.49226e-07	2.85335e-07	2.24564e-07	1.61822e-07	1.28084e-07	9.9548e-08	5.90293e-08	3.19958e-08	2.26016e-09
5.08737e-06	1.20417e-06	1.1624e-06	9.30866e-07	8.46365e-07	7.22302e-07	5.93568e-07	4.34439e-07	3.3721e-07	2.7396e-07	2.16999e-07	1.56249e-07	1.23204e-07	9.37318e-08	5.45875e-08	2.87143e-08	3.21994e-09
5.0769e-06	1.16606e-06	1.14144e-06	9.10276e-07	8.30324e-07	7.08301e-07	5.85091e-07	4.26021e-07	3.33367e-07	2.7478e-07	2.16079e-07	1.55345e-07	1.24738e-07	9.46489e-08	5.64913e-08	3.02533e-08	4.5582e-09
5.1172e-06	1.16337e-06	1.14367e-06	9.12912e-07	8.33527e-07	7.10238e-07	5.84903e-07	4.26461e-07	3.29903e-07	2.71377e-07	2.1443e-07	1.53808e-07	1.22569e-07	9.24037e-08	5.53942e-08	2.87767e-08	2.43699e-09
5.1889e-06	1.16745e-06	1.15747e-06	9.18203e-07	8.43679e-07	7.16652e-07	5.88212e-07	4.28734e-07	3.32681e-07	2.72514e-07	2.13635e-07	1.53682e-07	1.19779e-07	9.02066e-08	5.21112e-08	2.6365e-08	3.16935e-09
5.25455e-06	1.1585e-06	1.1574e-06	9.19969e-07	8.4346e-07	7.16923e-07	5.86522e-07	4.28012e-07	3.31654e-07	2.69187e-07	2.11834e-07	1.52221e-07	1.19113e-07	8.90724e-08	5.07362e-08	2.49766e-08	-1.72993e-09
5.28113e-06	1.13051e-06	1.14208e-06	9.07407e-07	8.31734e-07	7.08167e-07	5.78388e-07	4.22004e-07	3.28602e-07	2.69433e-07	2.10983e-07	1.52104e-07	1.20397e-07	9.08253e-08	5.3235e-08	2.75014e-08	3.59867e-09
5.24395e-06	1.08058e-06	1.1063e-06	8.73961e-07	8.05917e-07	6.83717e-07	5.62236e-07	4.0871e-07	3.17571e-07	2.57948e-07	2.0421e-07	1.46961e-07	1.13286e-07	8.61385e-08	5.05063e-08	2.668e-08	3.90161e-09
5.2149e-06	1.03388e-06	1.07213e-06	8.44886e-07	7.82601e-07	6.63737e-07	5.47121e-07	3.98434e-07	3.10391e-07	2.53258e-07	2.00682e-07	1.43485e-07	1.11439e-07	8.58712e-08	4.78535e-08	2.31818e-08	-1.89394e-10
5.15422e-06	9.90505e-07	1.03673e-06	8.18333e-07	7.58586e-07	6.44015e-07	5.31427e-07	3.87929e-07	3.02146e-07	2.46351e-07	1.96705e-07	1.40808e-07	1.11301e-07	8.4798e-08	4.7197e-08	2.36616e-08	1.64141e-10
5.08704e-06	9.35251e-07	9.9226e-07	7.79136e-07	7.26811e-07	6.16569e-07	5.12172e-07	3.73532e-07	2.91813e-07	2.37455e-07	1.88313e-07	1.35294e-07	1.08412e-07	8.16814e-08	4.49633e-08	2.19197e-08	-5.80823e-10
4.9687e-06	8.80732e-07	9.3904e-07	7.39394e-07	6.90833e-07	5.85884e-07	4.87803e-07	3.57172e-07	2.79104e-07	2.28826e-07	1.82184e-07	1.29899e-07	1.03712e-07	8.00631e-08	4.45202e-08	2.29672e-08	-2.14646e-10
4.92078e-06	8.36402e-07	9.00846e-07	7.06149e-07	6.63889e-07	5.62904e-07	4.70732e-07	3.43864e-07	2.6971e-07	2.22311e-07	1.7923e-07	1.27866e-07	1.01098e-07	7.80808e-08	4.4697e-08	2.14268e-08	-2.75253e-09
4.87652e-06	7.96874e-07	8.66556e-07	6.78745e-07	6.42408e-07	5.45453e-07	4.55708e-07	3.35269e-07	2.63238e-07	2.18593e-07	1.74528e-07	1.25565e-07	1.00338e-07	7.86975e-08	4.60216e-08	2.40524e-08	2.26004e-09
4.82309e-06	7.56692e-07	8.36679e-07	6.53649e-07	6.20063e-07	5.26604e-07	4.42942e-07	3.25795e-07	2.54609e-07	2.13371e-07	1.70303e-07	1.22146e-07	9.82955e-08	7.70707e-08	4.42172e-08	2.34848e-08	1.90657e-09
4.78335e-06	7.18851e-07	8.02551e-07	6.24369e-07	5.92323e-07	5.00013e-07	4.20568e-07	3.09583e-07	2.42677e-07	2.00619e-07	1.59747e-07	1.14242e-07	9.19697e-08	7.14015e-08	3.95833e-08	1.99116e-08	-1.37626e-09
4.73723e-06	6.92887e-07	7.76092e-07	6.02005e-07	5.73723e-07	4.84483e-07	4.06858e-07	2.98806e-07	2.34464e-07	1.96094e-07	1.56423e-07	1.11651e-07	9.02629e-08	6.9771e-08	4.00747e-08	2.0454e-08	-4.16656e-10
4.72016e-06	6.67639e-07	7.5695e-07	5.8334e-07	5.56738e-07	4.71505e-07	3.98139e-07	2.93728e-07	2.31144e-07	1.93685e-07	1.54344e-07	1.10724e-07	9.02331e-08	7.07648e-08	4.03e-08	2.08191e-08	-2.41143e-09
4.65426e-06	6.43616e-07	7.27526e-07	5.61954e-07	5.36867e-07	4.53336e-07	3.82923e-07	2.80327e-07	2.22059e-07	1.84524e-07	1.50081e-07	1.07671e-07	8.69401e-08	7.05141e-08	4.20938e-08	2.39508e-08	3.50992e-09
4.59383e-06	6.20919e-07	7.01086e-07	5.41156e-07	5.15086e-07	4.35715e-07	3.6989e-07	2.71645e-07	2.14998e-07	1.77541e-07	1.43896e-07	1.03219e-07	8.5671e-08	6.90064e-08	3.9995e-08	2.2232e-08	2.39869e-09
4.53198e-06	5.90321e-07	6.70442e-07	5.13307e-07	4.93738e-07	4.16433e-07	3.53483e-07	2.594e-07	2.05717e-07	1.71174e-07	1.38878e-07	9.94369e-08	8.11302e-08	6.50961e-08	3.70931e-08	1.92283e-08	-1.30041e-09
4.47087e-06	5.58302e-07	6.40314e-07	4.87463e-07	4.71379e-07	3.97043e-07	3.36368e-07	2.46478e-07	1.97e-07	1.64541e-07	1.34002e-07	9.65685e-08	7.94112e-08	6.56121e-08	3.8683e-08	1.92026e-08	-2.00737e-09
4.38858e-06	5.25932e-07	6.0759e-07	4.60534e-07	4.45132e-07	3.73435e-07	3.20144e-07	2.37261e-07	1.88895e-07	1.58986e-07	1.32701e-07	9.58489e-08	8.01182e-08	6.58393e-08	3.74457e-08	2.20054e-08	7.06999e-10
4.31653e-06	4.98599e-07	5.74763e-07	4.33796e-07	4.19669e-07	3.51042e-07	3.00619e-07	2.20048e-07	1.75773e-07	1.4887e-07	1.20427e-07	8.78046e-08	7.29706e-08	5.93233e-08	3.31903e-08	1.81164e-08	-4.03989e-10
4.28057e-06	4.77452e-07	5.49806e-07	4.14731e-07	4.01626e-07	3.35358e-07	2.84201e-07	2.07403e-07	1.65021e-07	1.40529e-07	1.14319e-07	8.3085e-08	6.96016e-08	5.73932e-08	3.3734e-08	1.93541e-08	3.03e-09
4.29046e-06	4.70281e-07	5.40463e-07	4.0357e-07	3.90339e-07	3.26949e-07	2.78419e-07	2.03237e-07	1.60842e-07	1.37524e-07	1.12766e-07	8.21887e-08	6.94374e-08	5.87188e-08	3.59812e-08	2.05787e-08	5.31512e-09
4.28394e-06	4.48794e-07	5.19063e-07	3.80949e-07	3.734e-07	3.09506e-07	2.62101e-07	1.89017e-07	1.49059e-07	1.25918e-07	1.03245e-07	7.33241e-08	6.13433e-08	5.11173e-08	2.8456e-08	1.49224e-08	8.07979e-10
4.28079e-06	4.28029e-07	5.01199e-07	3.66043e-07	3.5737e-07	2.93541e-07	2.49129e-07	1.8025e-07	1.41229e-07	1.20247e-07	9.83816e-08	7.14159e-08	6.12281e-08	5.10655e-08	2.92506e-08	1.76741e-08	0
4.24164e-06	4.14108e-07	4.84763e-07	3.52429e-07	3.45006e-07	2.84311e-07	2.42337e-07	1.74977e-07	1.37687e-07	1.18461e-07	9.70763e-08	7.11599e-08	6.14522e-08	5.20476e-08	3.214e-08	2.0564e-08	3.55989e-09
4.18564e-06	4.07718e-07	4.7128e-07	3.45002e-07	3.36052e-07	2.78423e-07	2.37206e-07	1.73568e-07	1.38385e-07	1.18439e-07	9.93385e-08	7.27397e-08	6.38902e-08	5.64294e-08	3.70515e-08	2.58035e-08	1.12101e-08
4.15512e-06	3.89634e-07	4.52385e-07	3.2841e-07	3.21783e-07	2.64321e-07	2.27335e-07	1.64205e-07	1.3093e-07	1.11098e-07	9.43725e-08	6.82673e-08	6.15643e-08	5.38766e-08	3.27198e-08	2.26211e-08	8.06635e-09
4.12936e-06	3.76344e-07	4.37213e-07	3.16183e-07	3.11563e-07	2.56122e-07	2.18859e-07	1.60275e-07	1.26243e-07	1.08281e-07	9.02297e-08	6.62964e-08	5.78642e-08	4.84095e-08	2.80106e-08	1.68392e-08	-1.00985e-09
4.0947e-06	3.68682e-07	4.26294e-07	3.1203e-07	3.09126e-07	2.51881e-07	2.12964e-07	1.55554e-07	1.20866e-07	1.05807e-07	8.91442e-08	6.34057e-08	5.76243e-08	4.89144e-08	2.99798e-08	1.92628e-08	4.88513e-09
4.09555e-06	3.63914e-07	4.25185e-07	3.07983e-07	3.07213e-07	2.51382e-07	2.16606e-07	1.55399e-07	1.23665e-07	1.08114e-07	9.01517e-08	6.71026e-08	6.1435e-08	5.18164e-08	3.32231e-08	2.11936e-08	5.9327e-09
4.11592e-06	3.55643e-07	4.21851e-07	3.02058e-07	3.01237e-07	2.47261e-07	2.10755e-07	1.5231e-07	1.19528e-07	1.04115e-07	8.61525e-08	6.08811e-08	5.45443e-08	4.90154e-08	2.73416e-08	1.69528e-08	2.12068e-09
4.13534e-06	3.67407e-07	4.34234e-07	3.12913e-07	3.08344e-07	2.52752e-07	2.16322e-07	1.55377e-07	1.23694e-07	1.05037e-07	8.94471e-08	6.23959e-08	5.62484e-08	4.77783e-08	2.8099e-08	1.66877e-08	3.16839e-09
4.15311e-06	3.85531e-07	4.44924e-07	3.20786e-07	3.14878e-07	2.57896e-07	2.17552e-07	1.55255e-07	1.24959e-07	1.07501e-07	8.96008e-08	6.46444e-08	5.71082e-08	4.8903e-08	2.84279e-08	1.75465e-08	3.69865e-09
4.17767e-06	4.05289e-07	4.55087e-07	3.27506e-07	3.2228e-07	2.64428e-07	2.24552e-07	1.59695e-07	1.28023e-07	1.0953e-07	9.05074e-08	6.61197e-08	5.81545e-08	4.78667e-08	3.31482e-08	1.82403e-08	5.68038e-09
4.21095e-06	4.34724e-07	4.72595e-07	3.38648e-07	3.28372e-07	2.68714e-07	2.28117e-07	1.62438e-07	1.28935e-07	1.12575e-07	9.26305e-08	6.81158e-08	5.97087e-08	5.0746e-08	3.31743e-08	2.13714e-08	6.23596e-09
4.20653e-06	4.54014e-07	4.76912e-07	3.41946e-07	3.30889e-07	2.7286e-07	2.29765e-07	1.65198e-07	1.31343e-07	1.12295e-07	9.37768e-08	6.78743e-08	5.86721e-08	4.99116e-08	3.17218e-08	1.90356e-08	7.14466e-09
4.21303e-06	4.70363e-07	4.81862e-07	3.46208e-07	3.31945e-07	2.73326e-07	2.29855e-07	1.63827e-07	1.29304e-07	1.08603e-07	9.02757e-08	6.55862e-08	5.50338e-08	4.67283e-08	2.92209e-08	1.56771e-08	1.55256e-09
4.21568e-06	4.93348e-07	4.95759e-07	3.57619e-07	3.40112e-07	2.80142e-07	2.36797e-07	1.69709e-07	1.3453e-07	1.14157e-07	9.39614e-08	6.57377e-08	5.69146e-08	4.66525e-08	2.9019e-08	1.6548e-08	2.56235e-09
4.2407e-06	5.30368e-07	5.16017e-07	3.78452e-07	3.57904e-07	2.96234e-07	2.48978e-07	1.81527e-07	1.46148e-07	1.25032e-07	1.04256e-07	7.72454e-08	6.90034e-08	6.00924e-08	4.1349e-08	2.63543e-08	1.02489e-08
4.21263e-06	5.53075e-07	5.30835e-07	3.89433e-07	3.65414e-07	3.0132e-07	2.49874e-07	1.80315e-07	1.42891e-07	1.20361e-07	9.93967e-08	7.32317e-08	6.43333e-08	5.28349e-08	3.17186e-08	1.77084e-08	4.59434e-09
4.14876e-06	5.62934e-07	5.51751e-07	4.07985e-07	3.77666e-07	3.13268e-07	2.58993e-07	1.86883e-07	1.47527e-07	1.25464e-07	1.02492e-07	7.62376e-08	6.58748e-08	5.34042e-08	3.50011e-08	2.21644e-08	6.77808e-09
4.10438e-06	5.71313e-07	5.65457e-07	4.19511e-07	3.8836e-07	3.19862e-07	2.64099e-07	1.88797e-07	1.46918e-07	1.22469e-07	1.00217e-07	7.32822e-08	6.03953e-08	5.16105e-08	3.07846e-08	1.92861e-08	1.64083e-09
4.08087e-06	5.63423e-07	5.64496e-07	4.20586e-07	3.89524e-07	3.22125e-07	2.64382e-07	1.89259e-07	1.47002e-07	1.23678e-07	9.89777e-08	7.0125e-08	6.04821e-08	5.04733e-08	3.17683e-08	1.97652e-08	4.83403e-09
3.98718e-06	5.53918e-07	5.55306e-07	4.16953e-07	3.85741e-07	3.21625e-07	2.6305e-07	1.86099e-07	1.46696e-07	1.1927e-07	9.69558e-08	6.78514e-08	5.81078e-08	4.76828e-08	2.85996e-08	1.6925e-08	4.22809e-09
3.92378e-06	5.33154e-07	5.43654e-07	4.12615e-07	3.8249e-07	3.18567e-07	2.62595e-07	1.89106e-07	1.44038e-07	1.19579e-07	9.88061e-08	6.91479e-08	5.82185e-08	4.8589e-08	2.86107e-08	1.54097e-08	1.07274e-09
3.85504e-06	5.17253e-07	5.3833e-07	4.11793e-07	3.82689e-07	3.19535e-07	2.64344e-07	1.89515e-07	1.43802e-07	1.21097e-07	9.65242e-08	6.74458e-08	6.08325e-08	4.81738e-08	2.90784e-08	1.51072e-08	1.94361e-09
3.82011e-06	5.11888e-07	5.38883e-07	4.13905e-07	3.85472e-07	3.21361e-07	2.68003e-07	1.93708e-07	1.56251e-07	1.31793e-07	1.08218e-07	7.76774e-08	6.78336e-08	5.48979e-08	3.21563e-08	1.97885e-08	6.82753e-09
3.82384e-06	5.1907e-07	5.38569e-07	4.12714e-07	3.8404e-07	3.18916e-07	2.64596e-07	1.90613e-07	1.51639e-07	1.25729e-07	1.00967e-07	7.21029e-08	6.24227e-08	4.92465e-08	3.08201e-08	1.7909e-08	3.76101e-09
3.88302e-06	5.54204e-07	5.53838e-07	4.2231e-07	3.89712e-07	3.25803e-07	2.70098e-07	1.95007e-07	1.52174e-07	1.28777e-07	1.04773e-07	7.56834e-08	6.61551e-08	5.32068e-08	3.55637e-08	2.283e-08	9.07393e-09
3.95974e-06	6.08165e-07	5.73523e-07	4.34806e-07	3.96037e-07	3.29064e-07	2.69056e-07	1.94725e-07	1.51098e-07	1.2654e-07	1.03104e-07	7.32332e-08	6.2317e-08	4.80944e-08	2.99849e-08	1.82862e-08	5.11106e-09
4.08627e-06	6.6641e-07	5.97951e-07	4.4922e-07	4.0504e-07	3.35596e-07	2.68475e-07	1.94286e-07	1.48996e-07	1.2435e-07	1.00929e-07	7.38731e-08	6.22255e-08	4.91772e-08	3.29362e-08	1.94589e-08	3.26839e-09
4.27015e-06	7.23885e-07	6.25495e-07	4.61007e-07	4.12362e-07	3.37935e-07	2.73541e-07	1.93562e-07	1.49383e-07	1.26353e-07	1.00598e-07	7.37577e-08	6.0899e-08	5.11193e-08	3.31121e-08	1.88148e-08	4.42925e-09
4.47668e-06	7.98539e-07	6.64425e-07	4.84794e-07	4.30179e-07	3.53595e-07	2.82816e-07	2.00048e-07	1.54809e-07	1.30619e-07	1.07829e-07	7.85276e-08	6.5467e-08	5.28607e-08	3.45885e-08	2.096e-08	7.58398e-09
4.74204e-06	9.18738e-07	7.21678e-07	5.18347e-07	4.51243e-07	3.6853e-07	2.90864e-07	2.00883e-07	1.5311e-07	1.27369e-07	1.04568e-07	7.65552e-08	6.23091e-08	4.93502e-08	3.09022e-08	2.01767e-08	8.36593e-09
5.04806e-06	1.064e-06	7.9889e-07	5.6053e-07	4.79003e-07	3.85981e-07	3.0323e-07	2.0935e-07	1.58915e-07	1.32442e-07	1.06423e-07	7.55331e-08	6.29401e-08	5.07382e-08	3.17603e-08	1.70095e-08	4.06309e-09
5.31194e-06	1.22787e-06	8.91384e-07	6.20905e-07	5.19255e-07	4.16709e-07	3.21367e-07	2.17256e-07	1.64349e-07	1.34911e-07	1.07593e-07	7.63766e-08	6.47176e-08	5.09892e-08	3.13935e-08	1.70343e-08	4.32797e-09
5.50265e-06	1.35097e-06	9.78146e-07	6.8344e-07	5.68112e-07	4.56127e-07	3.49417e-07	2.36978e-07	1.77939e-07	1.45927e-07	1.17499e-07	8.38969e-08	7.04209e-08	5.35128e-08	3.25418e-08	1.6845e-08	2.82643e-09
5.52251e-06	1.43389e-06	1.05688e-06	7.49748e-07	6.20338e-07	4.96669e-07	3.76319e-07	2.54984e-07	1.87932e-07	1.52577e-07	1.21246e-07	8.59158e-08	7.09509e-08	5.47368e-08	3.33998e-08	1.91667e-08	2.03149e-09
5.46618e-06	1.48849e-06	1.12782e-06	8.15479e-07	6.74439e-07	5.40818e-07	4.08408e-07	2.72188e-07	1.99485e-07	1.59676e-07	1.26063e-07	8.95854e-08	7.30436e-08	5.56817e-08	3.55692e-08	2.07308e-08	5.08492e-09
5.44274e-06	1.53919e-06	1.19162e-06	8.74517e-07	7.25869e-07	5.84652e-07	4.36407e-07	2.89462e-07	2.10854e-07	1.68004e-07	1.2894e-07	9.20332e-08	7.48858e-08	5.4849e-08	3.3727e-08	1.93429e-08	2.63709e-09
5.48211e-06	1.56891e-06	1.22851e-06	9.11336e-07	7.60378e-07	6.15452e-07	4.61453e-07	3.05827e-07	2.21793e-07	1.76307e-07	1.34189e-07	9.31688e-08	7.45956e-08	5.50004e-08	3.36008e-08	1.74502e-08	2.43521e-09
5.54431e-06	1.57536e-06	1.24584e-06	9.324e-07	7.86021e-07	6.41244e-07	4.85011e-07	3.22723e-07	2.37181e-07	1.86298e-07	1.42089e-07	9.78173e-08	7.79839e-08	5.75196e-08	3.34974e-08	1.70199e-08	2.24577e-09
5.60061e-06	1.57627e-06	1.2572e-06	9.44575e-07	8.02599e-07	6.5781e-07	5.00353e-07	3.35882e-07	2.44158e-07	1.90563e-07	1.44209e-07	9.71865e-08	7.70628e-08	5.56649e-08	3.29927e-08	1.65405e-08	6.68685e-10
5.70136e-06	1.64093e-06	1.30119e-06	9.82867e-07	8.34671e-07	6.85238e-07	5.2189e-07	3.50379e-07	2.54592e-07	1.99722e-07	1.49533e-07	1.02511e-07	8.0646e-08	5.82892e-08	3.48347e-08	1.68181e-08	1.90512e-09
6.00818e-06	1.8206e-06	1.41617e-06	1.06416e-06	8.96109e-07	7.33682e-07	5.55787e-07	3.71017e-07	2.68551e-07	2.08564e-07	1.57142e-07	1.08306e-07	8.24565e-08	6.11359e-08	3.67118e-08	1.86965e-08	3.88565e-09
6.46231e-06	2.05626e-06	1.56872e-06	1.16607e-06	9.71916e-07	7.90442e-07	5.9345e-07	3.94792e-07	2.83818e-07	2.18301e-07	1.61893e-07	1.09712e-07	8.35079e-08	5.93979e-08	3.42913e-08	1.69564e-08	8.83147e-11
6.7578e-06	2.2233e-06	1.68229e-06	1.24442e-06	1.03149e-06	8.37337e-07	6.24284e-07	4.133e-07	2.96939e-07	2.30022e-07	1.69476e-07	1.14948e-07	8.69774e-08	6.32712e-08	3.7887e-08	2.12712e-08	4.16341e-09
6.82356e-06	2.26208e-06	1.72456e-06	1.28132e-06	1.06435e-06	8.66475e-07	6.47604e-07	4.30298e-07	3.08632e-07	2.37391e-07	1.75599e-07	1.1932e-07	9.03162e-08	6.33563e-08	3.89953e-08	2.26453e-08	5.50047e-09
6.90981e-06	2.27626e-06	1.7463e-06	1.30808e-06	1.09279e-06	8.93246e-07	6.69594e-07	4.45538e-07	3.20125e-07	2.4554e-07	1.8033e-07	1.21717e-07	9.17039e-08	6.21073e-08	3.63334e-08	1.81414e-08	2.44746e-09
7.21956e-06	2.41009e-06	1.83882e-06	1.37741e-06	1.15096e-06	9.41941e-07	7.0539e-07	4.69671e-07	3.35764e-07	2.57734e-07	1.88673e-07	1.27876e-07	9.58064e-08	6.75969e-08	4.01317e-08	2.17123e-08	3.75959e-09
7.47165e-06	2.60403e-06	1.96973e-06	1.47395e-06	1.22457e-06	1.00204e-06	7.47584e-07	4.96909e-07	3.53796e-07	2.7028e-07	1.9755e-07	1.31658e-07	1.01216e-07	7.10014e-08	4.45462e-08	2.39573e-08	4.15058e-09
7.45137e-06	2.68902e-06	2.03883e-06	1.53121e-06	1.26827e-06	1.03698e-06	7.73074e-07	5.09941e-07	3.63451e-07	2.76291e-07	2.01443e-07	1.36057e-07	1.01895e-07	7.10753e-08	4.17697e-08	2.05632e-08	1.74093e-09
7.23368e-06	2.6551e-06	2.02731e-06	1.53458e-06	1.27596e-06	1.04482e-06	7.79489e-07	5.18394e-07	3.73161e-07	2.84397e-07	2.09775e-07	1.46368e-07	1.12167e-07	7.99712e-08	5.06144e-08	2.83602e-08	9.25996e-09
7.00886e-06	2.59695e-06	1.99437e-06	1.5166e-06	1.25786e-06	1.03414e-06	7.76127e-07	5.1418e-07	3.7102e-07	2.85891e-07	2.14879e-07	1.47588e-07	1.12303e-07	8.23031e-08	4.99697e-08	2.77792e-08	7.05203e-09
6.89078e-06	2.58216e-06	1.97699e-06	1.50353e-06	1.24648e-06	1.02293e-06	7.6341e-07	5.08528e-07	3.68497e-07	2.83822e-07	2.13718e-07	1.49266e-07	1.13968e-07	8.35015e-08	5.09537e-08	2.93309e-08	1.00923e-08
6.86774e-06	2.60682e-06	1.9866e-06	1.506e-06	1.24481e-06	1.02331e-06	7.63795e-07	5.13814e-07	3.75401e-07	2.92166e-07	2.18305e-07	1.55317e-07	1.20159e-07	8.52908e-08	5.1949e-08	2.84345e-08	6.28233e-09
6.95708e-06	2.67671e-06	2.03819e-06	1.54929e-06	1.28322e-06	1.05758e-06	7.95143e-07	5.42639e-07	4.01476e-07	3.17636e-07	2.42753e-07	1.73622e-07	1.3483e-07	9.73256e-08	5.90261e-08	3.11846e-08	9.71364e-09
7.1594e-06	2.85532e-06	2.19639e-06	1.6879e-06	1.40742e-06	1.16916e-06	8.91021e-07	6.19689e-07	4.66243e-07	3.71594e-07	2.86974e-07	2.08043e-07	1.62453e-07	1.18188e-07	7.22071e-08	3.95726e-08	1.30563e-08
7.47015e-06	3.18974e-06	2.49888e-06	1.95544e-06	1.64289e-06	1.37921e-06	1.06185e-06	7.45925e-07	5.62178e-07	4.46009e-07	3.4176e-07	2.46581e-07	1.89058e-07	1.35395e-07	8.23115e-08	4.26506e-08	1.11136e-08
7.85444e-06	3.59157e-06	2.87185e-06	2.29597e-06	1.94987e-06	1.65562e-06	1.28531e-06	9.0905e-07	6.8325e-07	5.37743e-07	4.07864e-07	2.92076e-07	2.18886e-07	1.53745e-07	9.36625e-08	4.8818e-08	1.31191e-08
8.41904e-06	4.07011e-06	3.30924e-06	2.69334e-06	2.31025e-06	1.98004e-06	1.54769e-06	1.09854e-06	8.21951e-07	6.4283e-07	4.82542e-07	3.42992e-07	2.54983e-07	1.80345e-07	1.06918e-07	5.44175e-08	1.48721e-08
9.42425e-06	4.82886e-06	3.93881e-06	3.22934e-06	2.77655e-06	2.38684e-06	1.86489e-06	1.32182e-06	9.86111e-07	7.66153e-07	5.69304e-07	4.03058e-07	2.97739e-07	2.04455e-07	1.21376e-07	6.34004e-08	2.16086e-08
1.09903e-05	5.9791e-06	4.8594e-06	3.98866e-06	3.42135e-06	2.94066e-06	2.29013e-06	1.61821e-06	1.20108e-06	9.27216e-07	6.85971e-07	4.84232e-07	3.54634e-07	2.43289e-07	1.45946e-07	7.68833e-08	2.41183e-08
1.3309e-05	7.81862e-06	6.3828e-06	5.27882e-06	4.5343e-06	3.90874e-06	3.04363e-06	2.14661e-06	1.58074e-06	1.20522e-06	8.73682e-07	6.00749e-07	4.26081e-07	2.7818e-07	1.5576e-07	7.68959e-08	2.20243e-08
1.66265e-05	1.07822e-05	9.03801e-06	7.65491e-06	6.66998e-06	5.82868e-06	4.60931e-06	3.30134e-06	2.43805e-06	1.84646e-06	1.3171e-06	8.80635e-07	5.96849e-07	3.64717e-07	1.89498e-07	8.77797e-08	2.71702e-08
1.98337e-05	1.39358e-05	1.2045e-05	1.04808e-05	9.31295e-06	8.28986e-06	6.73181e-06	4.98068e-06	3.7602e-06	2.8842e-06	2.07118e-06	1.38769e-06	9.28305e-07	5.50378e-07	2.72402e-07	1.15288e-07	3.59485e-08
2.03948e-05	1.46483e-05	1.28216e-05	1.12868e-05	1.01276e-05	9.10029e-06	7.51509e-06	5.69218e-06	4.38986e-06	3.43092e-06	2.52081e-06	1.73476e-06	1.18924e-06	7.23095e-07	3.68958e-07	1.60028e-07	5.16398e-08
1.78184e-05	1.24336e-05	1.08551e-05	9.53716e-06	8.55798e-06	7.68293e-06	6.35462e-06	4.86083e-06	3.79451e-06	3.01974e-06	2.27634e-06	1.62459e-06	1.16079e-06	7.47395e-07	4.11228e-07	1.9249e-07	6.65851e-08
1.50995e-05	1.00045e-05	8.65147e-06	7.53181e-06	6.73009e-06	6.02925e-06	4.99257e-06	3.83361e-06	3.02726e-06	2.44098e-06	1.87807e-06	1.37834e-06	1.01702e-06	6.84768e-07	3.99291e-07	2.00383e-07	7.40811e-08
1.32308e-05	8.24525e-06	7.02945e-06	6.05076e-06	5.3762e-06	4.79075e-06	3.95165e-06	3.02677e-06	2.39373e-06	1.93846e-06	1.50262e-06	1.11091e-06	8.3153e-07	5.72227e-07	3.43904e-07	1.80769e-07	7.04988e-08
1.2175e-05	7.00822e-06	5.76379e-06	4.8215e-06	4.208e-06	3.6924e-06	2.99242e-06	2.25413e-06	1.77067e-06	1.43219e-06	1.11083e-06	8.23595e-07	6.21459e-07	4.3297e-07	2.64802e-07	1.41981e-07	5.56396e-08
1.09663e-05	5.97134e-06	4.78495e-06	3.89425e-06	3.32506e-06	2.8599e-06	2.25355e-06	1.64529e-06	1.27015e-06	1.02025e-06	7.90623e-07	5.89394e-07	4.50327e-07	3.20303e-07	2.0032e-07	1.09803e-07	4.18023e-08
9.26948e-06	4.72127e-06	3.77519e-06	3.04572e-06	2.58567e-06	2.20311e-06	1.70963e-06	1.21995e-06	9.29543e-07	7.42375e-07	5.73358e-07	4.28092e-07	3.31538e-07	2.42413e-07	1.56278e-07	8.84312e-08	3.54809e-08
7.75794e-06	3.61539e-06	2.88972e-06	2.31691e-06	1.9661e-06	1.66837e-06	1.28956e-06	9.10396e-07	6.8776e-07	5.46341e-07	4.22429e-07	3.15116e-07	2.47774e-07	1.83711e-07	1.2168e-07	7.36989e-08	3.38412e-08
6.61349e-06	2.78043e-06	2.22433e-06	1.76959e-06	1.50351e-06	1.27217e-06	9.82985e-07	6.91544e-07	5.19462e-07	4.12944e-07	3.19139e-07	2.36447e-07	1.89375e-07	1.43122e-07	9.48135e-08	5.52963e-08	2.19722e-08
5.77746e-06	2.18905e-06	1.76265e-06	1.39367e-06	1.18456e-06	9.98436e-07	7.71656e-07	5.405e-07	4.05971e-07	3.23912e-07	2.50568e-07	1.84413e-07	1.47823e-07	1.12671e-07	7.48827e-08	4.59109e-08	2.04203e-08
5.16037e-06	1.75846e-06	1.42343e-06	1.12064e-06	9.56296e-07	8.02823e-07	6.20655e-07	4.32824e-07	3.24694e-07	2.58375e-07	1.99977e-07	1.45149e-07	1.16114e-07	8.75334e-08	5.68463e-08	3.37269e-08	1.20705e-08
4.74386e-06	1.45022e-06	1.17489e-06	9.20238e-07	7.88651e-07	6.62828e-07	5.16863e-07	3.62435e-07	2.72633e-07	2.17958e-07	1.68706e-07	1.2209e-07	9.76087e-08	7.4225e-08	5.00214e-08	2.94882e-08	9.77474e-09
4.46291e-06	1.23528e-06	9.9604e-07	7.72519e-07	6.62505e-07	5.55379e-07	4.35175e-07	3.06937e-07	2.31618e-07	1.88813e-07	1.46525e-07	1.0681e-07	8.62025e-08	6.61244e-08	4.04969e-08	2.2033e-08	5.08261e-09
4.26485e-06	1.09402e-06	8.78698e-07	6.74587e-07	5.79052e-07	4.84601e-07	3.82848e-07	2.70677e-07	2.05234e-07	1.70185e-07	1.33321e-07	9.58381e-08	7.71346e-08	5.96166e-08	3.38126e-08	1.98764e-08	3.67007e-09
4.10925e-06	9.8701e-07	7.88945e-07	5.9919e-07	5.14806e-07	4.28152e-07	3.39555e-07	2.39658e-07	1.80977e-07	1.50557e-07	1.16544e-07	8.23286e-08	6.73334e-08	4.95636e-08	2.88428e-08	1.49321e-08	1.71518e-09
4.02018e-06	9.23548e-07	7.3981e-07	5.57559e-07	4.79254e-07	3.98817e-07	3.15089e-07	2.2175e-07	1.67798e-07	1.40619e-07	1.09355e-07	7.82803e-08	6.36004e-08	4.74701e-08	2.82248e-08	1.3444e-08	-9.83706e-10
3.95237e-06	8.78197e-07	7.0702e-07	5.31794e-07	4.57474e-07	3.7913e-07	2.98353e-07	2.09328e-07	1.60659e-07	1.3275e-07	1.05509e-07	7.56823e-08	6.09519e-08	4.60576e-08	2.80735e-08	1.39106e-08	-1.53862e-09
3.87516e-06	8.33308e-07	6.74322e-07	5.06217e-07	4.36201e-07	3.57723e-07	2.8149e-07	1.96101e-07	1.5031e-07	1.25757e-07	9.98663e-08	7.04197e-08	5.69386e-08	4.44663e-08	2.63191e-08	1.36955e-08	2.1817e-09
3.79785e-06	8.0429e-07	6.563e-07	4.93379e-07	4.24523e-07	3.508e-07	2.76723e-07	1.9238e-07	1.47826e-07	1.23323e-07	9.98033e-08	7.05458e-08	5.92338e-08	4.63832e-08	2.82108e-08	1.48431e-08	-3.15274e-10
3.74221e-06	7.86282e-07	6.46022e-07	4.86141e-07	4.19e-07	3.46814e-07	2.75701e-07	1.91384e-07	1.47347e-07	1.22919e-07	9.9551e-08	7.06971e-08	6.02426e-08	4.7846e-08	2.78072e-08	1.54484e-08	1.99253e-09
3.73581e-06	7.76382e-07	6.4432e-07	4.87023e-07	4.18874e-07	3.45062e-07	2.70606e-07	1.86214e-07	1.38658e-07	1.15466e-07	9.09125e-08	6.32945e-08	5.23734e-08	4.03551e-08	2.39987e-08	1.2611e-08	1.1476e-09
3.78323e-06	8.02358e-07	6.69206e-07	5.03821e-07	4.35397e-07	3.5831e-07	2.78146e-07	1.89269e-07	1.41084e-07	1.1652e-07	8.95334e-08	6.07945e-08	5.13367e-08	3.84868e-08	2.21438e-08	1.13619e-08	-4.91803e-10
3.89208e-06	8.88333e-07	7.23637e-07	5.46205e-07	4.67351e-07	3.82216e-07	2.94055e-07	1.98719e-07	1.47519e-07	1.20596e-07	9.12003e-08	6.21327e-08	5.19811e-08	3.88408e-08	2.2737e-08	1.20684e-08	-2.90045e-10
4.0505e-06	9.93808e-07	7.90573e-07	5.93617e-07	5.02572e-07	4.10179e-07	3.12375e-07	2.07738e-07	1.519e-07	1.22279e-07	9.31376e-08	6.40463e-08	5.29873e-08	3.85993e-08	2.25593e-08	9.20532e-09	-2.42112e-09
4.19388e-06	1.09053e-06	8.53897e-07	6.40946e-07	5.36923e-07	4.37894e-07	3.32282e-07	2.20542e-07	1.6169e-07	1.28588e-07	9.99748e-08	6.92812e-08	5.30517e-08	4.36318e-08	2.80202e-08	1.4401e-08	-3.40479e-09
4.27154e-06	1.15038e-06	8.9708e-07	6.74052e-07	5.62141e-07	4.57379e-07	3.42026e-07	2.27756e-07	1.65086e-07	1.30296e-07	1.00398e-07	6.8105e-08	5.21916e-08	4.01367e-08	2.40089e-08	1.20044e-08	-1.04661e-09
4.34373e-06	1.18675e-06	9.31151e-07	7.03634e-07	5.89113e-07	4.8072e-07	3.61823e-07	2.40013e-07	1.73762e-07	1.35996e-07	1.03374e-07	7.08918e-08	5.57097e-08	4.13977e-08	2.51942e-08	1.27988e-08	-1.07182e-09
4.39428e-06	1.21897e-06	9.60885e-07	7.27983e-07	6.10348e-07	4.99786e-07	3.75177e-07	2.47642e-07	1.7704e-07	1.37849e-07	1.0253e-07	6.87481e-08	5.33769e-08	3.92036e-08	2.22687e-08	1.10713e-08	2.64804e-10
4.5168e-06	1.29041e-06	1.02034e-06	7.72703e-07	6.48438e-07	5.33629e-07	4.01546e-07	2.66928e-07	1.92154e-07	1.5067e-07	1.12148e-07	7.70938e-08	6.11429e-08	4.43976e-08	2.64671e-08	1.45134e-08	1.81575e-09
4.69636e-06	1.40167e-06	1.09303e-06	8.27647e-07	6.92591e-07	5.67799e-07	4.25985e-07	2.80426e-07	2.04355e-07	1.57033e-07	1.15852e-07	8.07989e-08	6.2831e-08	4.63383e-08	2.74878e-08	1.26469e-08	1.29873e-09
4.90012e-06	1.51969e-06	1.18054e-06	8.92778e-07	7.45234e-07	6.07184e-07	4.52718e-07	2.99047e-07	2.14217e-07	1.63809e-07	1.20927e-07	8.11605e-08	6.41895e-08	4.63738e-08	2.55447e-08	1.16376e-08	-2.00474e-09
5.01301e-06	1.60796e-06	1.24315e-06	9.42038e-07	7.82713e-07	6.39755e-07	4.76762e-07	3.14197e-07	2.25293e-07	1.74379e-07	1.28937e-07	8.72778e-08	6.58555e-08	4.65137e-08	2.63523e-08	1.13479e-08	-1.56349e-09
5.11779e-06	1.66379e-06	1.28602e-06	9.74013e-07	8.1044e-07	6.64595e-07	4.98941e-07	3.31144e-07	2.40575e-07	1.85727e-07	1.38242e-07	9.449e-08	7.20086e-08	5.08511e-08	2.94666e-08	1.57483e-08	3.10175e-09
5.15803e-06	1.68638e-06	1.30522e-06	9.91578e-07	8.28412e-07	6.84045e-07	5.17727e-07	3.5175e-07	2.57905e-07	2.00978e-07	1.53054e-07	1.04751e-07	8.26483e-08	6.0344e-08	3.54045e-08	1.98457e-08	3.55558e-09
5.14986e-06	1.69219e-06	1.31482e-06	1.0046e-06	8.43908e-07	6.97965e-07	5.32416e-07	3.65493e-07	2.69883e-07	2.11191e-07	1.60468e-07	1.10223e-07	8.49808e-08	6.08483e-08	3.42949e-08	1.62901e-08	-6.17813e-10
5.12722e-06	1.73193e-06	1.34721e-06	1.03627e-06	8.70792e-07	7.22798e-07	5.50836e-07	3.78281e-07	2.78349e-07	2.19419e-07	1.64788e-07	1.15301e-07	8.64917e-08	6.15906e-08	3.62231e-08	1.87231e-08	3.35376e-09
5.1273e-06	1.78255e-06	1.38794e-06	1.06924e-06	8.98454e-07	7.46274e-07	5.68727e-07	3.91003e-07	2.86898e-07	2.25975e-07	1.6915e-07	1.17608e-07	9.01732e-08	6.25741e-08	3.61853e-08	1.73614e-08	2.26946e-10
5.11799e-06	1.81166e-06	1.40682e-06	1.0848e-06	9.09846e-07	7.57779e-07	5.75807e-07	3.94932e-07	2.91364e-07	2.28669e-07	1.74117e-07	1.2239e-07	9.36208e-08	6.74609e-08	4.00151e-08	2.17474e-08	5.24458e-09
5.03816e-06	1.78563e-06	1.38831e-06	1.07619e-06	9.00971e-07	7.48449e-07	5.70096e-07	3.92524e-07	2.88578e-07	2.26324e-07	1.69327e-07	1.17738e-07	9.05446e-08	6.39813e-08	3.56404e-08	1.64902e-08	-3.90822e-10
4.89632e-06	1.70192e-06	1.34211e-06	1.04196e-06	8.79491e-07	7.31399e-07	5.59946e-07	3.87723e-07	2.84095e-07	2.22347e-07	1.68238e-07	1.16739e-07	9.10718e-08	6.34376e-08	3.46058e-08	1.6994e-08	1.51282e-09
4.8162e-06	1.68568e-06	1.33662e-06	1.04105e-06	8.76443e-07	7.32225e-07	5.59868e-07	3.86617e-07	2.84592e-07	2.23236e-07	1.65095e-07	1.17127e-07	8.73254e-08	6.1772e-08	3.43402e-08	1.94519e-08	5.05522e-09
4.87591e-06	1.73249e-06	1.38025e-06	1.07753e-06	9.10431e-07	7.604e-07	5.7719e-07	3.96072e-07	2.89496e-07	2.22694e-07	1.66658e-07	1.16396e-07	8.82835e-08	6.19485e-08	3.55e-08	1.94645e-08	5.87464e-09
4.7994e-06	1.73194e-06	1.38682e-06	1.09115e-06	9.25625e-07	7.76346e-07	5.94153e-07	4.10309e-07	3.01886e-07	2.36234e-07	1.74882e-07	1.22214e-07	9.55526e-08	6.84374e-08	4.19902e-08	2.74682e-08	9.46702e-09
4.57879e-06	1.61556e-06	1.31168e-06	1.03947e-06	8.85324e-07	7.45235e-07	5.73858e-07	3.98863e-07	2.93692e-07	2.2828e-07	1.6936e-07	1.17462e-07	8.77496e-08	6.06217e-08	3.56368e-08	1.97408e-08	3.16408e-09
4.30906e-06	1.46183e-06	1.20023e-06	9.62498e-07	8.3043e-07	7.05559e-07	5.51027e-07	3.91832e-07	2.95386e-07	2.35333e-07	1.7586e-07	1.24783e-07	9.38863e-08	6.59271e-08	4.03126e-08	2.3043e-08	6.71877e-09
4.06843e-06	1.30608e-06	1.0864e-06	8.73582e-07	7.57677e-07	6.46221e-07	5.09429e-07	3.6767e-07	2.79332e-07	2.2339e-07	1.69276e-07	1.19851e-07	9.18419e-08	6.36565e-08	3.89124e-08	2.03701e-08	5.11773e-09
3.82841e-06	1.17605e-06	9.8384e-07	7.94779e-07	6.90624e-07	5.90478e-07	4.70215e-07	3.39879e-07	2.59473e-07	2.09255e-07	1.59465e-07	1.13407e-07	8.75035e-08	6.17264e-08	3.93274e-08	2.26511e-08	8.79825e-09
3.61983e-06	1.06859e-06	8.95609e-07	7.26908e-07	6.33092e-07	5.42906e-07	4.34418e-07	3.15443e-07	2.41378e-07	1.97325e-07	1.51054e-07	1.08387e-07	8.32157e-08	5.87123e-08	3.76374e-08	2.03943e-08	6.50398e-09
3.47182e-06	9.84169e-07	8.26716e-07	6.69087e-07	5.83025e-07	5.00933e-07	4.00539e-07	2.91222e-07	2.24873e-07	1.82069e-07	1.43147e-07	1.02586e-07	8.29993e-08	5.61017e-08	3.61365e-08	2.12635e-08	8.01634e-09
3.37025e-06	9.11092e-07	7.66662e-07	6.16499e-07	5.35329e-07	4.55974e-07	3.63486e-07	2.62238e-07	2.0334e-07	1.6665e-07	1.29342e-07	9.1215e-08	7.29645e-08	5.17393e-08	3.17494e-08	1.8906e-08	6.35241e-09
3.31065e-06	8.54599e-07	7.15701e-07	5.68699e-07	4.94518e-07	4.19152e-07	3.34636e-07	2.40655e-07	1.84584e-07	1.499e-07	1.15872e-07	8.2386e-08	6.51451e-08	4.63791e-08	2.69579e-08	1.38885e-08	1.71401e-09
3.21746e-06	8.04746e-07	6.6594e-07	5.27121e-07	4.53534e-07	3.83778e-07	3.05591e-07	2.19237e-07	1.67566e-07	1.37685e-07	1.09013e-07	7.9208e-08	6.35429e-08	4.54202e-08	3.03851e-08	1.80219e-08	6.57862e-09
3.14447e-06	7.39099e-07	6.12385e-07	4.81412e-07	4.14381e-07	3.48977e-07	2.77737e-07	1.99352e-07	1.52901e-07	1.27646e-07	1.01749e-07	7.43523e-08	5.99985e-08	4.39812e-08	2.85059e-08	1.46562e-08	2.4574e-09
3.04034e-06	6.63243e-07	5.49449e-07	4.2851e-07	3.69421e-07	3.10243e-07	2.4552e-07	1.75795e-07	1.36023e-07	1.12685e-07	9.20306e-08	6.76084e-08	5.56116e-08	4.06911e-08	2.65519e-08	1.36477e-08	2.53295e-09
2.91141e-06	5.82789e-07	4.85773e-07	3.78487e-07	3.29242e-07	2.77086e-07	2.20507e-07	1.59606e-07	1.24461e-07	1.05056e-07	8.49694e-08	6.05106e-08	5.18032e-08	3.90761e-08	2.57189e-08	1.56632e-08	2.97387e-09
2.78025e-06	4.96094e-07	4.22339e-07	3.30301e-07	2.88944e-07	2.42483e-07	1.96023e-07	1.40767e-07	1.09012e-07	9.40674e-08	7.74717e-08	5.51425e-08	4.51246e-08	3.51319e-08	2.24426e-08	1.38234e-08	3.45271e-09
2.64502e-06	4.20426e-07	3.69519e-07	2.89945e-07	2.578e-07	2.18259e-07	1.78188e-07	1.29725e-07	1.01159e-07	8.56855e-08	7.31225e-08	5.07939e-08	4.16583e-08	3.29763e-08	2.27067e-08	1.48185e-08	8.51815e-09
2.49414e-06	3.55379e-07	3.22934e-07	2.57743e-07	2.31018e-07	1.96696e-07	1.64415e-07	1.20833e-07	9.60235e-08	8.41796e-08	6.78376e-08	5.05884e-08	4.46917e-08	3.48386e-08	2.52753e-08	1.69216e-08	5.93453e-09
2.34804e-06	3.01255e-07	2.81184e-07	2.28316e-07	2.07199e-07	1.78422e-07	1.50716e-07	1.13081e-07	9.16616e-08	7.99945e-08	6.5757e-08	4.70593e-08	4.17045e-08	3.34896e-08	2.36367e-08	1.6014e-08	7.16914e-09
2.2338e-06	2.57975e-07	2.48828e-07	2.07932e-07	1.89651e-07	1.64882e-07	1.40528e-07	1.06373e-07	8.63655e-08	7.68659e-08	6.25913e-08	4.66285e-08	4.06567e-08	3.27193e-08	2.25646e-08	1.38588e-08	5.00176e-09
2.15422e-06	2.30491e-07	2.27203e-07	1.95013e-07	1.80664e-07	1.59133e-07	1.38534e-07	1.05967e-07	8.83539e-08	8.03916e-08	6.47945e-08	4.90589e-08	4.37171e-08	3.62587e-08	2.61925e-08	1.74868e-08	7.43316e-09
2.33419e-06	2.95397e-07	2.92865e-07	2.45327e-07	2.27175e-07	1.99111e-07	1.699e-07	1.275e-07	1.00859e-07	8.68897e-08	7.03507e-08	4.86346e-08	4.14042e-08	3.20451e-08	1.994e-08	1.27727e-08	4.44652e-09
2.4251e-06	3.30646e-07	3.1999e-07	2.63497e-07	2.44187e-07	2.12747e-07	1.8001e-07	1.33846e-07	1.05316e-07	9.11828e-08	7.32334e-08	5.13037e-08	4.29021e-08	3.24726e-08	2.19423e-08	1.49137e-08	5.31553e-09
2.4951e-06	3.73655e-07	3.47013e-07	2.85693e-07	2.62427e-07	2.27861e-07	1.90248e-07	1.41259e-07	1.09982e-07	9.37823e-08	7.41441e-08	5.32588e-08	4.35215e-08	3.29277e-08	2.19434e-08	1.46499e-08	4.73635e-09
2.55034e-06	4.24382e-07	3.76238e-07	3.0557e-07	2.74721e-07	2.37586e-07	1.94971e-07	1.44232e-07	1.124e-07	9.33792e-08	7.27836e-08	5.28179e-08	4.36601e-08	3.29655e-08	2.17671e-08	1.40831e-08	6.8274e-09
2.65012e-06	4.64315e-07	4.08777e-07	3.25931e-07	2.92399e-07	2.49786e-07	2.04313e-07	1.49292e-07	1.15798e-07	9.36162e-08	7.37895e-08	5.30055e-08	4.40117e-08	3.18688e-08	1.99778e-08	1.05054e-08	4.24497e-09
2.72204e-06	5.15695e-07	4.38427e-07	3.48512e-07	3.08656e-07	2.62868e-07	2.12393e-07	1.55216e-07	1.19555e-07	9.72716e-08	7.70665e-08	5.52364e-08	4.62172e-08	3.42756e-08	2.3581e-08	1.62245e-08	7.92331e-09
2.79763e-06	5.67077e-07	4.6648e-07	3.66752e-07	3.20031e-07	2.74028e-07	2.18779e-07	1.56615e-07	1.21482e-07	1.00824e-07	7.81624e-08	5.6156e-08	4.63306e-08	3.64296e-08	2.58358e-08	1.58088e-08	7.50762e-09
2.88181e-06	6.13556e-07	4.96397e-07	3.89202e-07	3.35189e-07	2.84879e-07	2.27427e-07	1.6049e-07	1.22437e-07	1.01111e-07	7.85131e-08	5.61798e-08	4.64302e-08	3.44385e-08	2.44369e-08	1.56573e-08	6.33597e-09
2.9884e-06	6.51816e-07	5.23756e-07	4.01703e-07	3.44858e-07	2.89273e-07	2.25741e-07	1.58857e-07	1.20755e-07	9.77554e-08	7.73252e-08	5.29902e-08	4.40725e-08	3.2497e-08	2.37052e-08	1.47622e-08	7.6708e-09
3.0855e-06	6.93848e-07	5.46629e-07	4.16037e-07	3.55451e-07	2.93329e-07	2.27932e-07	1.58605e-07	1.19697e-07	9.77177e-08	7.56247e-08	5.28265e-08	4.40725e-08	3.1376e-08	2.16647e-08	1.36664e-08	6.57497e-09
3.17871e-06	7.19317e-07	5.60485e-07	4.19664e-07	3.53902e-07	2.8877e-07	2.23637e-07	1.52005e-07	1.13576e-07	9.16843e-08	7.12666e-08	4.83676e-08	3.92357e-08	2.72823e-08	1.68783e-08	1.03411e-08	3.08595e-09
3.23191e-06	7.40541e-07	5.64541e-07	4.19123e-07	3.51131e-07	2.87208e-07	2.19934e-07	1.50746e-07	1.10213e-07	9.17977e-08	7.10651e-08	4.97405e-08	4.08731e-08	3.0721e-08	2.00272e-08	1.36034e-08	5.39097e-09
3.2301e-06	7.50592e-07	5.60268e-07	4.1254e-07	3.45118e-07	2.81223e-07	2.12668e-07	1.44919e-07	1.07436e-07	8.82412e-08	6.95627e-08	4.93602e-08	4.12615e-08	3.13744e-08	2.24948e-08	1.62729e-08	8.92992e-09
3.20546e-06	7.41517e-07	5.53906e-07	4.05338e-07	3.37716e-07	2.73949e-07	2.06542e-07	1.41175e-07	1.04801e-07	8.57452e-08	6.63745e-08	4.85025e-08	4.04418e-08	3.17136e-08	2.26328e-08	1.66881e-08	1.03151e-08
3.11285e-06	7.22152e-07	5.36349e-07	3.94743e-07	3.26528e-07	2.66147e-07	2.00867e-07	1.34012e-07	9.78513e-08	8.19437e-08	6.46254e-08	4.45992e-08	3.89944e-08	3.02156e-08	2.01018e-08	1.40687e-08	8.85435e-09
3.01764e-06	6.92874e-07	5.17329e-07	3.79666e-07	3.15639e-07	2.54143e-07	1.90796e-07	1.29893e-07	9.50456e-08	7.82706e-08	6.10171e-08	4.30709e-08	3.64717e-08	2.91673e-08	2.0742e-08	1.56163e-08	8.33711e-09
2.8959e-06	6.63808e-07	4.97255e-07	3.68634e-07	3.05337e-07	2.48438e-07	1.89625e-07	1.28381e-07	9.72873e-08	8.20488e-08	6.41529e-08	4.72898e-08	4.03254e-08	3.28447e-08	2.47091e-08	1.69891e-08	8.11042e-09
2.78681e-06	6.16462e-07	4.73189e-07	3.51174e-07	2.9089e-07	2.38188e-07	1.81052e-07	1.22167e-07	9.06584e-08	7.79896e-08	6.29659e-08	4.27413e-08	3.55632e-08	2.79317e-08	2.30329e-08	1.36636e-08	5.40248e-09
2.66383e-06	5.78882e-07	4.43231e-07	3.34366e-07	2.75016e-07	2.27704e-07	1.71855e-07	1.16371e-07	8.4876e-08	7.36053e-08	5.84183e-08	4.28032e-08	3.81438e-08	3.04748e-08	2.29442e-08	1.46581e-08	7.65647e-09
2.57788e-06	5.43973e-07	4.22644e-07	3.20078e-07	2.65338e-07	2.18506e-07	1.66385e-07	1.13534e-07	8.34257e-08	7.15257e-08	5.67043e-08	4.07621e-08	3.48814e-08	2.76658e-08	1.9594e-08	1.22274e-08	7.36664e-09
2.50315e-06	5.14909e-07	4.03002e-07	3.06734e-07	2.57159e-07	2.12834e-07	1.64417e-07	1.14035e-07	8.61687e-08	7.21661e-08	5.7068e-08	4.18188e-08	3.51072e-08	2.81437e-08	2.06639e-08	1.4267e-08	8.73901e-09
2.43601e-06	4.83631e-07	3.80717e-07	2.94689e-07	2.47897e-07	2.01672e-07	1.52891e-07	1.03745e-07	7.72137e-08	6.55661e-08	5.11484e-08	3.58492e-08	3.03591e-08	2.56875e-08	1.9316e-08	1.3083e-08	1.04513e-08
2.38989e-06	4.59821e-07	3.63951e-07	2.77676e-07	2.34752e-07	1.92647e-07	1.4621e-07	9.88164e-08	7.37723e-08	6.1584e-08	4.78973e-08	3.39209e-08	2.91488e-08	2.43012e-08	1.7653e-08	1.30698e-08	7.9451e-09
2.35944e-06	4.45105e-07	3.54326e-07	2.71883e-07	2.3022e-07	1.87991e-07	1.45044e-07	9.98691e-08	7.44989e-08	6.47663e-08	4.91161e-08	3.61352e-08	3.26098e-08	2.60752e-08	2.01828e-08	1.62923e-08	1.11427e-08
2.34008e-06	4.36797e-07	3.49432e-07	2.68439e-07	2.27092e-07	1.85355e-07	1.42472e-07	1.00068e-07	7.52398e-08	6.49787e-08	4.83343e-08	3.71919e-08	3.0028e-08	2.51429e-08	1.88981e-08	1.49447e-08	9.66938e-09
2.32582e-06	4.17409e-07	3.37035e-07	2.57139e-07	2.1709e-07	1.78413e-07	1.35418e-07	9.37075e-08	7.0693e-08	5.95256e-08	4.56262e-08	3.45722e-08	2.76603e-08	2.29894e-08	1.71476e-08	1.26026e-08	8.6997e-09
2.29457e-06	3.95405e-07	3.17462e-07	2.42591e-07	2.053e-07	1.71648e-07	1.30278e-07	9.04066e-08	6.83495e-08	5.64019e-08	4.65567e-08	3.2708e-08	3.06182e-08	2.46758e-08	1.71849e-08	1.48558e-08	9.94586e-09
2.24814e-06	3.68727e-07	2.97067e-07	2.27093e-07	1.94221e-07	1.59726e-07	1.22309e-07	8.32053e-08	6.32758e-08	5.22976e-08	4.23014e-08	2.94851e-08	2.65265e-08	2.07604e-08	1.72353e-08	1.47677e-08	1.08271e-08
2.19257e-06	3.41424e-07	2.78628e-07	2.12949e-07	1.81023e-07	1.47749e-07	1.15017e-07	7.76387e-08	5.86791e-08	4.89098e-08	3.90649e-08	2.66643e-08	2.37688e-08	1.95387e-08	1.5145e-08	1.21613e-08	7.89354e-09
2.11898e-06	3.00869e-07	2.50264e-07	1.91289e-07	1.62714e-07	1.33598e-07	1.03575e-07	6.98137e-08	4.95217e-08	4.52165e-08	3.39879e-08	2.13494e-08	2.03046e-08	1.7422e-08	1.3507e-08	1.02845e-08	6.59617e-09
2.03341e-06	2.70613e-07	2.32207e-07	1.72642e-07	1.47806e-07	1.21862e-07	9.38798e-08	6.4223e-08	4.7456e-08	4.20684e-08	3.21115e-08	2.24692e-08	2.00775e-08	1.69935e-08	1.26633e-08	1.0473e-08	8.3583e-09
1.98078e-06	2.49918e-07	2.1008e-07	1.58523e-07	1.37125e-07	1.1015e-07	8.63605e-08	5.91723e-08	4.61949e-08	3.95363e-08	3.1405e-08	2.16625e-08	2.06807e-08	1.61242e-08	1.24235e-08	1.11774e-08	6.58309e-09
1.9433e-06	2.39779e-07	1.91584e-07	1.40293e-07	1.19185e-07	9.63901e-08	7.31925e-08	4.73643e-08	3.29398e-08	2.77162e-08	2.04662e-08	1.22974e-08	1.07492e-08	7.82902e-09	4.54385e-09	4.04038e-09	1.88803e-09
1.95314e-06	2.67142e-07	1.86481e-07	1.32249e-07	1.04561e-07	8.52421e-08	6.24371e-08	4.11926e-08	3.03313e-08	2.63542e-08	1.9407e-08	1.27492e-08	1.13648e-08	7.48842e-09	5.588e-09	5.07199e-09	2.21506e-09
1.94592e-06	2.60584e-07	1.78945e-07	1.24302e-07	9.83262e-08	7.67934e-08	5.79159e-08	3.78807e-08	2.89202e-08	2.63025e-08	2.09917e-08	1.37805e-08	1.24717e-08	1.02693e-08	7.75233e-09	7.1105e-09	3.28467e-09
1.90217e-06	2.39819e-07	1.64125e-07	1.11182e-07	8.80147e-08	7.0296e-08	5.21116e-08	3.24801e-08	2.42877e-08	2.23372e-08	1.68252e-08	1.11371e-08	1.06589e-08	8.14205e-09	7.14789e-09	5.57485e-09	7.04722e-10
1.41539e-06	3.43488e-07	2.13684e-07	1.64128e-07	1.20064e-07	9.45002e-08	5.88568e-08	3.25265e-08	1.54463e-08	9.90373e-09	5.40432e-10	-4.16007e-09	-4.19777e-09	-6.1207e-09	-3.99668e-09	-1.39507e-09	1.53332e-09
1.54217e-06	4.18535e-07	2.63712e-07	1.99389e-07	1.49822e-07	1.18188e-07	7.45274e-08	4.07827e-08	2.23205e-08	1.40634e-08	5.42932e-09	-1.19395e-09	-3.21737e-09	-2.79007e-09	-2.89061e-09	-1.93545e-09	-1.57098e-09
1.68116e-06	4.96569e-07	3.09894e-07	2.30211e-07	1.71066e-07	1.35749e-07	8.72358e-08	4.88023e-08	2.9686e-08	1.94304e-08	9.23761e-09	3.64477e-10	7.91795e-10	-1.55845e-09	-3.06664e-09	-1.3825e-09	-8.67205e-10
1.82847e-06	5.74353e-07	3.58533e-07	2.61607e-07	1.94618e-07	1.51007e-07	9.50155e-08	5.22208e-08	2.87057e-08	1.63638e-08	6.98791e-09	-2.51364e-11	-2.04861e-09	-5.15295e-09	-3.49395e-09	-8.04364e-10	-2.38795e-10
1.99902e-06	6.69645e-07	4.19023e-07	3.00455e-07	2.22696e-07	1.71329e-07	1.05585e-07	5.68459e-08	3.00254e-08	1.75955e-08	7.27698e-09	-4.52455e-10	-2.5262e-09	-6.15841e-09	-3.06664e-09	-2.92839e-09	-4.1475e-10
2.26449e-06	8.23727e-07	5.14843e-07	3.60842e-07	2.58697e-07	1.95465e-07	1.18257e-07	5.96124e-08	3.2942e-08	1.88779e-08	7.12634e-09	-3.01644e-10	-2.11151e-09	-5.0651e-09	-2.82791e-09	-1.25685e-09	1.1186e-09
2.63429e-06	1.02706e-06	6.4171e-07	4.38565e-07	3.1283e-07	2.31336e-07	1.32459e-07	6.27796e-08	3.06923e-08	1.6138e-08	5.15308e-09	-1.73445e-09	-5.34161e-09	-7.96843e-09	-6.39737e-09	-2.63938e-09	5.65582e-10
2.97469e-06	1.21637e-06	7.61161e-07	5.1825e-07	3.6722e-07	2.68489e-07	1.5416e-07	7.14555e-08	3.85872e-08	1.98215e-08	8.53444e-09	1.13122e-09	-1.84766e-09	-2.82805e-09	-3.00402e-09	-3.82102e-09	-2.68979e-09
3.21297e-06	1.34537e-06	8.49258e-07	5.79889e-07	4.11362e-07	2.99635e-07	1.71116e-07	7.90096e-08	3.94545e-08	2.22474e-08	7.18954e-09	5.7818e-10	-2.33786e-09	-6.24686e-09	-3.55706e-09	-3.48165e-09	1.28205e-09
3.35147e-06	1.42079e-06	9.14733e-07	6.32123e-07	4.5386e-07	3.32671e-07	1.94113e-07	8.91255e-08	4.61653e-08	2.9034e-08	1.12617e-08	1.5711e-09	3.1422e-10	-2.72743e-09	-2.97881e-09	-3.1422e-10	3.01652e-10
3.44835e-06	1.49172e-06	9.85922e-07	6.89937e-07	5.01182e-07	3.69994e-07	2.19173e-07	1.05131e-07	5.249e-08	3.20018e-08	1.41281e-08	3.40632e-09	1.55861e-09	-1.75972e-09	-2.31278e-09	-2.04882e-09	-5.78195e-10
3.53609e-06	1.59925e-06	1.08567e-06	7.75377e-07	5.70639e-07	4.26408e-07	2.5724e-07	1.26056e-07	6.50452e-08	3.89769e-08	2.13424e-08	8.68527e-09	3.23027e-09	-2.8909e-10	-1.94822e-09	-2.13675e-09	-3.43137e-09
3.68397e-06	1.7338e-06	1.21271e-06	8.81171e-07	6.61011e-07	5.0093e-07	3.07529e-07	1.53092e-07	8.10332e-08	4.61036e-08	2.39442e-08	7.51634e-09	-7.91855e-10	-4.03469e-09	-3.01659e-09	-3.54449e-09	-2.08648e-09
3.84087e-06	1.88177e-06	1.3502e-06	1.0021e-06	7.64379e-07	5.8772e-07	3.69595e-07	1.90837e-07	1.03369e-07	6.16767e-08	3.04047e-08	1.1727e-08	3.33082e-09	-2.38813e-09	-4.48718e-09	-3.15485e-09	8.29563e-10
3.9916e-06	2.01088e-06	1.47177e-06	1.11007e-06	8.61149e-07	6.71807e-07	4.33195e-07	2.32014e-07	1.29701e-07	7.98643e-08	4.04223e-08	1.78482e-08	7.00101e-09	-9.04977e-10	-3.49422e-09	-1.94822e-09	1.63399e-10
4.11617e-06	2.08867e-06	1.54714e-06	1.17997e-06	9.27938e-07	7.32465e-07	4.82566e-07	2.65121e-07	1.54156e-07	9.6033e-08	5.23279e-08	2.52778e-08	1.14385e-08	1.77234e-09	-7.66755e-10	-1.05586e-09	3.26814e-10
4.26296e-06	2.15206e-06	1.59151e-06	1.21685e-06	9.63409e-07	7.66755e-07	5.1443e-07	2.92008e-07	1.73865e-07	1.10916e-07	6.27608e-08	3.1261e-08	1.50963e-08	3.55724e-09	6.66197e-10	-8.79883e-11	4.70109e-09
4.3974e-06	2.22013e-06	1.63336e-06	1.25065e-06	9.94985e-07	7.97132e-07	5.43141e-07	3.18086e-07	1.9549e-07	1.27285e-07	7.73688e-08	4.2864e-08	2.4122e-08	1.01566e-08	4.37439e-09	2.30032e-09	4.56294e-09
4.37404e-06	2.21788e-06	1.63623e-06	1.26046e-06	1.00752e-06	8.13561e-07	5.63026e-07	3.39606e-07	2.16557e-07	1.46052e-07	8.94738e-08	5.09214e-08	2.99545e-08	1.41036e-08	5.80738e-09	3.34364e-09	2.62715e-09
4.27217e-06	2.18624e-06	1.62587e-06	1.26618e-06	1.02084e-06	8.34708e-07	5.86587e-07	3.60566e-07	2.34972e-07	1.60163e-07	9.956e-08	5.75739e-08	3.35764e-08	1.57511e-08	6.0088e-09	5.2797e-09	2.55185e-09
4.20153e-06	2.16268e-06	1.62913e-06	1.28548e-06	1.0465e-06	8.65188e-07	6.19651e-07	3.91072e-07	2.60032e-07	1.80608e-07	1.13554e-07	6.62242e-08	4.11324e-08	1.85046e-08	7.86946e-09	5.27983e-09	2.32564e-09
4.19113e-06	2.15189e-06	1.63709e-06	1.30395e-06	1.07485e-06	8.93873e-07	6.51472e-07	4.18475e-07	2.80228e-07	1.97232e-07	1.26053e-07	7.53652e-08	4.72557e-08	2.50295e-08	1.01325e-08	2.43884e-09	-7.66852e-10
4.24994e-06	2.15991e-06	1.65138e-06	1.31997e-06	1.09517e-06	9.17469e-07	6.76565e-07	4.4055e-07	2.98507e-07	2.10784e-07	1.36248e-07	8.08966e-08	4.95059e-08	2.41873e-08	8.6868e-09	1.04342e-09	-9.30279e-10
4.42286e-06	2.21515e-06	1.69403e-06	1.35334e-06	1.12706e-06	9.47136e-07	7.01323e-07	4.60864e-07	3.17108e-07	2.25347e-07	1.47063e-07	8.89822e-08	5.47119e-08	2.81102e-08	1.15282e-08	5.30524e-09	5.09152e-09
4.71575e-06	2.31223e-06	1.75867e-06	1.40049e-06	1.16838e-06	9.82073e-07	7.28861e-07	4.80816e-07	3.29193e-07	2.36605e-07	1.55495e-07	9.39708e-08	5.82305e-08	3.02718e-08	1.18422e-08	2.87884e-09	-4.90282e-10
5.1095e-06	2.42007e-06	1.81826e-06	1.44312e-06	1.20682e-06	1.01226e-06	7.55173e-07	5.00101e-07	3.45553e-07	2.50685e-07	1.69181e-07	1.06598e-07	6.86178e-08	3.90611e-08	1.98511e-08	9.6427e-09	5.2928e-09
5.44263e-06	2.49165e-06	1.83825e-06	1.44534e-06	1.20603e-06	1.01017e-06	7.53501e-07	4.97951e-07	3.4588e-07	2.48963e-07	1.66415e-07	1.02411e-07	6.5676e-08	3.60187e-08	1.42943e-08	2.65269e-09	1.24463e-09
5.60541e-06	2.55143e-06	1.8506e-06	1.43456e-06	1.18879e-06	9.92758e-07	7.36837e-07	4.8783e-07	3.37629e-07	2.43035e-07	1.62484e-07	1.00779e-07	6.50113e-08	3.59442e-08	1.47347e-08	5.20493e-09	2.6779e-09
5.66074e-06	2.67154e-06	1.9272e-06	1.47341e-06	1.2059e-06	9.99183e-07	7.36038e-07	4.85215e-07	3.37499e-07	2.45656e-07	1.65606e-07	1.05296e-07	6.97025e-08	3.91385e-08	1.94247e-08	1.00455e-08	5.10448e-09
5.67215e-06	2.79589e-06	2.02196e-06	1.53876e-06	1.24741e-06	1.02562e-06	7.45071e-07	4.87503e-07	3.38564e-07	2.46077e-07	1.65988e-07	1.07851e-07	6.9478e-08	3.88378e-08	1.96766e-08	9.46741e-09	5.41893e-09
5.61032e-06	2.8336e-06	2.0689e-06	1.57913e-06	1.27777e-06	1.0476e-06	7.55746e-07	4.93298e-07	3.41674e-07	2.4707e-07	1.67191e-07	1.09201e-07	7.04371e-08	3.91792e-08	1.9577e-08	8.62546e-09	6.45023e-09
5.45826e-06	2.77082e-06	2.04184e-06	1.56561e-06	1.26983e-06	1.04137e-06	7.54149e-07	4.90922e-07	3.40743e-07	2.48793e-07	1.72233e-07	1.13124e-07	7.51396e-08	4.402e-08	2.38269e-08	1.13413e-08	7.46869e-09
5.34465e-06	2.69823e-06	1.98809e-06	1.52586e-06	1.23678e-06	1.01343e-06	7.33019e-07	4.80712e-07	3.32114e-07	2.43631e-07	1.67358e-07	1.12624e-07	7.45253e-08	4.29649e-08	2.41418e-08	1.18069e-08	9.35496e-09
5.33768e-06	2.67326e-06	1.96094e-06	1.49969e-06	1.21484e-06	9.94757e-07	7.17936e-07	4.68187e-07	3.2762e-07	2.39953e-07	1.65288e-07	1.10037e-07	7.29051e-08	4.21864e-08	2.10743e-08	8.94025e-09	5.21829e-09
5.43952e-06	2.71072e-06	1.97626e-06	1.50624e-06	1.22031e-06	9.99472e-07	7.20683e-07	4.70877e-07	3.2954e-07	2.44788e-07	1.69592e-07	1.13057e-07	7.63147e-08	4.55826e-08	2.16533e-08	9.16681e-09	4.56454e-09
5.57944e-06	2.79324e-06	2.02549e-06	1.54222e-06	1.24639e-06	1.01989e-06	7.36759e-07	4.81013e-07	3.36913e-07	2.51446e-07	1.74203e-07	1.17242e-07	8.01101e-08	4.90142e-08	2.68082e-08	1.56674e-08	1.1103e-08
5.75019e-06	2.89334e-06	2.09738e-06	1.59877e-06	1.29091e-06	1.05798e-06	7.64517e-07	5.01698e-07	3.52828e-07	2.63436e-07	1.85097e-07	1.26223e-07	8.73425e-08	5.56673e-08	3.15117e-08	1.90755e-08	9.11652e-09
5.90206e-06	2.94826e-06	2.14547e-06	1.63674e-06	1.32727e-06	1.0897e-06	7.93185e-07	5.21275e-07	3.66528e-07	2.73318e-07	1.92607e-07	1.31347e-07	9.15881e-08	5.745e-08	3.35345e-08	1.8295e-08	1.14171e-08
5.99298e-06	2.98377e-06	2.17887e-06	1.66706e-06	1.35712e-06	1.11575e-06	8.13537e-07	5.35333e-07	3.75314e-07	2.79323e-07	1.97553e-07	1.34481e-07	9.4319e-08	6.02052e-08	3.41892e-08	1.75787e-08	9.07856e-09
6.04223e-06	3.02185e-06	2.217e-06	1.70158e-06	1.38682e-06	1.1407e-06	8.31514e-07	5.4596e-07	3.8151e-07	2.80952e-07	1.95018e-07	1.30398e-07	8.58336e-08	5.27752e-08	2.31119e-08	7.72075e-09	3.88552e-09
6.0908e-06	3.0895e-06	2.28139e-06	1.75842e-06	1.43252e-06	1.17982e-06	8.57852e-07	5.62568e-07	3.93424e-07	2.91286e-07	2.00339e-07	1.3444e-07	9.08839e-08	5.55891e-08	2.61788e-08	8.28618e-09	2.95486e-09
6.17817e-06	3.16983e-06	2.35506e-06	1.82892e-06	1.4976e-06	1.23885e-06	9.03938e-07	5.95069e-07	4.16373e-07	3.07449e-07	2.13009e-07	1.44998e-07	1.00035e-07	6.46532e-08	3.76075e-08	1.98411e-08	1.04486e-08
6.27817e-06	3.24054e-06	2.42848e-06	1.8953e-06	1.55829e-06	1.29053e-06	9.4294e-07	6.13115e-07	4.24997e-07	3.13127e-07	2.14975e-07	1.45744e-07	9.75984e-08	5.93612e-08	3.64391e-08	1.78046e-08	1.10902e-08
6.39839e-06	3.27781e-06	2.46613e-06	1.92634e-06	1.58992e-06	1.32394e-06	9.68138e-07	6.30152e-07	4.34465e-07	3.13064e-07	2.11719e-07	1.37734e-07	8.83314e-08	5.14523e-08	2.56256e-08	1.13416e-08	5.44449e-09
6.46791e-06	3.27442e-06	2.47343e-06	1.9358e-06	1.6056e-06	1.33481e-06	9.78611e-07	6.41736e-07	4.43202e-07	3.18504e-07	2.18137e-07	1.43446e-07	9.4583e-08	5.66341e-08	2.96499e-08	1.30394e-08	7.14214e-09
6.45363e-06	3.23435e-06	2.4453e-06	1.9155e-06	1.58877e-06	1.32151e-06	9.72287e-07	6.38225e-07	4.4162e-07	3.18484e-07	2.17779e-07	1.45002e-07	9.49705e-08	5.95624e-08	3.17616e-08	1.8295e-08	9.07834e-09
6.35465e-06	3.17097e-06	2.39053e-06	1.87082e-06	1.55419e-06	1.29269e-06	9.53892e-07	6.26782e-07	4.34214e-07	3.15516e-07	2.15214e-07	1.37546e-07	9.10223e-08	5.59914e-08	2.74613e-08	1.446e-08	8.58795e-09
6.26124e-06	3.11554e-06	2.34253e-06	1.83202e-06	1.52036e-06	1.26486e-06	9.31081e-07	6.13306e-07	4.25485e-07	3.08948e-07	2.07537e-07	1.33764e-07	8.66487e-08	5.05105e-08	2.42053e-08	1.32155e-08	6.09848e-09
6.15235e-06	3.02594e-06	2.27204e-06	1.77232e-06	1.47029e-06	1.22216e-06	9.00249e-07	5.91917e-07	4.0983e-07	2.96298e-07	2.01086e-07	1.30696e-07	8.64475e-08	5.08374e-08	2.60537e-08	1.24736e-08	6.14878e-09
6.05926e-06	2.93658e-06	2.1956e-06	1.70935e-06	1.4168e-06	1.17747e-06	8.64098e-07	5.66077e-07	3.90567e-07	2.82944e-07	1.92448e-07	1.25239e-07	8.28387e-08	4.69017e-08	2.27467e-08	9.77014e-09	4.48899e-09
6.02531e-06	2.85097e-06	2.12691e-06	1.65008e-06	1.36598e-06	1.13171e-06	8.30605e-07	5.43594e-07	3.75179e-07	2.70866e-07	1.88357e-07	1.23966e-07	8.27612e-08	4.44486e-08	2.0684e-08	8.39935e-09	6.9785e-09
6.02076e-06	2.75372e-06	2.05429e-06	1.58854e-06	1.31628e-06	1.08717e-06	7.97038e-07	5.20595e-07	3.60132e-07	2.62775e-07	1.7828e-07	1.18858e-07	7.95906e-08	4.93638e-08	2.64673e-08	1.21712e-08	3.38229e-09
5.977e-06	2.63385e-06	1.95695e-06	1.4997e-06	1.23562e-06	1.01714e-06	7.40771e-07	4.7601e-07	3.29176e-07	2.3456e-07	1.5722e-07	1.02562e-07	6.63381e-08	3.75572e-08	1.97028e-08	9.39245e-09	4.90369e-09
5.85596e-06	2.55984e-06	1.87351e-06	1.42796e-06	1.16536e-06	9.55692e-07	6.92735e-07	4.47255e-07	3.08283e-07	2.23012e-07	1.49747e-07	9.81844e-08	6.42367e-08	3.61732e-08	1.85455e-08	7.50622e-09	4.07373e-09
5.59703e-06	2.51971e-06	1.80924e-06	1.35861e-06	1.09973e-06	8.9358e-07	6.40292e-07	4.12289e-07	2.84344e-07	2.06013e-07	1.37413e-07	8.88802e-08	5.70825e-08	3.22252e-08	1.44341e-08	5.64538e-09	6.23633e-09
5.29222e-06	2.47674e-06	1.74744e-06	1.30259e-06	1.04341e-06	8.46459e-07	6.04393e-07	3.92627e-07	2.71625e-07	1.99042e-07	1.36341e-07	8.86517e-08	5.87533e-08	3.2853e-08	1.29501e-08	2.51458e-09	-2.81633e-09
4.9725e-06	2.36893e-06	1.65236e-06	1.22595e-06	9.74226e-07	7.88259e-07	5.61507e-07	3.65507e-07	2.55469e-07	1.88368e-07	1.32229e-07	8.98964e-08	6.29023e-08	3.96047e-08	2.23798e-08	1.31261e-08	7.77007e-09
4.68189e-06	2.2032e-06	1.5215e-06	1.12143e-06	8.85712e-07	7.13803e-07	5.0811e-07	3.2755e-07	2.26149e-07	1.65409e-07	1.13433e-07	7.42808e-08	4.83555e-08	2.68055e-08	1.30884e-08	3.96047e-09	3.54556e-09
4.46144e-06	2.0434e-06	1.39113e-06	1.01939e-06	8.04818e-07	6.48826e-07	4.62407e-07	2.99449e-07	2.10094e-07	1.54748e-07	1.07863e-07	7.14016e-08	4.83303e-08	2.98104e-08	1.54144e-08	8.38614e-09	9.11537e-09
4.29726e-06	1.87262e-06	1.25685e-06	9.15183e-07	7.24477e-07	5.85596e-07	4.20527e-07	2.75246e-07	1.92932e-07	1.42942e-07	1.00005e-07	6.51277e-08	4.31628e-08	2.53219e-08	1.13282e-08	3.69644e-09	2.90435e-09
4.11981e-06	1.67725e-06	1.11827e-06	8.14109e-07	6.50108e-07	5.26793e-07	3.83625e-07	2.56261e-07	1.81729e-07	1.36303e-07	9.66732e-08	6.72777e-08	4.67713e-08	3.0439e-08	1.76021e-08	9.15309e-09	6.42476e-09
3.84537e-06	1.42982e-06	9.65223e-07	7.06083e-07	5.71729e-07	4.68957e-07	3.45982e-07	2.33001e-07	1.68842e-07	1.25629e-07	8.88403e-08	6.44614e-08	4.56649e-08	3.04013e-08	1.90983e-08	1.36039e-08	1.05738e-08
3.49114e-06	1.17853e-06	8.34343e-07	6.18522e-07	5.12925e-07	4.19083e-07	3.07589e-07	2.04506e-07	1.45792e-07	1.07433e-07	7.39646e-08	4.93349e-08	3.11298e-08	1.37921e-08	6.73892e-09	1.40813e-09	4.97875e-09
3.13148e-06	1.00847e-06	7.60605e-07	5.75612e-07	4.83832e-07	3.96779e-07	2.93281e-07	1.96208e-07	1.41304e-07	1.06515e-07	7.28583e-08	4.69335e-08	3.18087e-08	1.6357e-08	8.04647e-09	2.86655e-09	1.70987e-09
2.86098e-06	9.50703e-07	7.29702e-07	5.53911e-07	4.66368e-07	3.81629e-07	2.83198e-07	1.88338e-07	1.36727e-07	1.03397e-07	7.1953e-08	4.6154e-08	3.28648e-08	1.80668e-08	1.17805e-08	6.06e-09	-2.26307e-09
2.70184e-06	9.62722e-07	7.14841e-07	5.43539e-07	4.50464e-07	3.71634e-07	2.74422e-07	1.8483e-07	1.33358e-07	1.00908e-07	7.19907e-08	4.95864e-08	3.54422e-08	2.14489e-08	1.60804e-08	1.05736e-08	5.80854e-09
2.54421e-06	9.50162e-07	6.81838e-07	5.18117e-07	4.25646e-07	3.52297e-07	2.58593e-07	1.73477e-07	1.26895e-07	9.56147e-08	6.60188e-08	4.43184e-08	3.0564e-08	1.6885e-08	8.52423e-09	2.57738e-09	-1.01838e-09
2.35464e-06	9.11112e-07	6.39858e-07	4.88157e-07	3.98489e-07	3.30207e-07	2.40954e-07	1.61998e-07	1.13455e-07	8.54937e-08	5.82363e-08	3.79064e-08	2.54344e-08	1.28618e-08	5.80854e-09	7.41784e-10	2.3888e-10
2.19159e-06	8.66394e-07	6.02841e-07	4.63729e-07	3.75937e-07	3.11365e-07	2.26993e-07	1.51798e-07	1.05293e-07	7.96832e-08	5.28162e-08	3.25748e-08	2.14483e-08	1.10762e-08	5.41866e-09	4.01056e-09	6.8519e-09
2.08901e-06	8.26536e-07	5.84111e-07	4.49182e-07	3.6756e-07	3.04597e-07	2.20461e-07	1.54706e-07	1.04378e-07	8.1131e-08	5.43388e-08	3.61211e-08	2.31965e-08	1.14285e-08	4.63929e-09	-1.50871e-10	-1.03095e-09
1.99329e-06	7.95379e-07	5.53506e-07	4.27912e-07	3.44661e-07	2.87257e-07	2.06268e-07	1.37349e-07	9.37869e-08	6.71972e-08	4.56488e-08	2.69292e-08	1.59287e-08	4.24933e-09	-2.2001e-09	-5.43109e-09	-5.82082e-09
1.95668e-06	7.75132e-07	5.3915e-07	4.18657e-07	3.39138e-07	2.8475e-07	2.03382e-07	1.36887e-07	9.54488e-08	6.89716e-08	4.77998e-08	3.10033e-08	2.13855e-08	1.16168e-08	5.40608e-09	3.11793e-09	3.89741e-09
1.96632e-06	7.60497e-07	5.34346e-07	4.15581e-07	3.3604e-07	2.79594e-07	2.04931e-07	1.36666e-07	9.45766e-08	7.13064e-08	5.05129e-08	3.3076e-08	2.33959e-08	1.33008e-08	9.24017e-09	3.06748e-09	5.61953e-09
2.00189e-06	7.55211e-07	5.29255e-07	4.06817e-07	3.29788e-07	2.73264e-07	1.97958e-07	1.29391e-07	8.64952e-08	6.48085e-08	4.25561e-08	2.65897e-08	1.67207e-08	1.26097e-08	8.72495e-09	-1.15662e-09	9.34098e-09
2.08579e-06	7.74043e-07	5.40844e-07	4.12642e-07	3.34259e-07	2.7486e-07	1.98853e-07	1.28014e-07	8.59126e-08	6.30453e-08	4.02032e-08	2.39735e-08	1.45702e-08	4.99082e-09	1.75999e-10	-4.75197e-09	-2.35084e-09
2.21204e-06	8.07812e-07	5.63463e-07	4.28528e-07	3.49991e-07	2.87798e-07	2.10304e-07	1.4009e-07	9.85643e-08	7.5105e-08	5.34938e-08	3.74645e-08	2.75075e-08	1.83928e-08	1.43321e-08	9.51698e-09	6.93973e-09
2.36058e-06	8.30597e-07	5.74801e-07	4.31296e-07	3.48411e-07	2.8373e-07	2.01448e-07	1.32292e-07	9.19491e-08	6.74092e-08	4.45414e-08	2.90154e-08	1.77763e-08	1.00825e-08	3.38178e-09	-1.69717e-09	-1.93604e-09
2.49092e-06	8.53443e-07	5.84228e-07	4.30493e-07	3.47547e-07	2.80504e-07	1.99683e-07	1.27763e-07	8.36749e-08	5.87585e-08	3.73243e-08	2.25153e-08	1.18296e-08	3.64569e-09	-3.7714e-11	-2.45141e-09	-1.63427e-09
2.59395e-06	8.79127e-07	6.05335e-07	4.42976e-07	3.5719e-07	2.87683e-07	2.02751e-07	1.30868e-07	8.88291e-08	6.40384e-08	4.273e-08	2.77952e-08	1.51108e-08	5.40568e-09	4.52568e-09	3.78397e-09	5.55653e-09
2.65485e-06	8.96729e-07	6.13856e-07	4.4338e-07	3.55471e-07	2.85337e-07	1.99955e-07	1.25748e-07	8.22648e-08	5.95867e-08	3.71474e-08	2.29924e-08	9.84311e-09	4.02273e-10	-3.41932e-09	-7.2912e-09	-3.05476e-09
2.66579e-06	9.23908e-07	6.3143e-07	4.55323e-07	3.64069e-07	2.8985e-07	2.04531e-07	1.28199e-07	8.87514e-08	6.62493e-08	4.4602e-08	2.97682e-08	2.23639e-08	1.35264e-08	1.16156e-08	5.15412e-09	3.21818e-09
2.67452e-06	9.62439e-07	6.57574e-07	4.733e-07	3.77599e-07	3.00968e-07	2.07982e-07	1.32558e-07	9.03457e-08	6.28913e-08	4.51791e-08	2.52671e-08	1.64173e-08	1.13388e-08	9.47832e-09	2.85355e-09	2.56442e-09
2.70877e-06	1.00492e-06	6.81458e-07	4.88121e-07	3.8406e-07	3.03935e-07	2.07656e-07	1.26876e-07	8.489e-08	6.03268e-08	3.91955e-08	1.87806e-08	8.62351e-09	1.60905e-09	-5.11628e-09	-1.0132e-08	-8.47266e-09
2.73986e-06	1.03488e-06	6.96563e-07	5.0039e-07	3.91128e-07	3.0707e-07	2.10454e-07	1.27967e-07	8.30903e-08	5.86283e-08	3.61273e-08	1.96098e-08	1.027e-08	-3.2683e-10	-2.42609e-09	-3.88425e-09	-2.21239e-09
2.71259e-06	1.05305e-06	7.10989e-07	5.13903e-07	4.03173e-07	3.18928e-07	2.19059e-07	1.35003e-07	8.9323e-08	6.31018e-08	3.85399e-08	2.15703e-08	1.27209e-08	8.42195e-10	-4.46238e-09	-8.18312e-09	-5.4177e-09
2.62068e-06	1.04025e-06	7.04598e-07	5.1257e-07	3.987e-07	3.17638e-07	2.19443e-07	1.34798e-07	8.60652e-08	5.93921e-08	3.60501e-08	1.69692e-08	8.09493e-09	-1.35753e-09	-5.48042e-09	-1.09357e-08	-6.486e-09
2.54509e-06	1.02021e-06	7.00181e-07	5.14241e-07	4.09148e-07	3.27183e-07	2.26941e-07	1.41155e-07	9.70738e-08	6.91571e-08	4.18814e-08	2.45858e-08	1.33865e-08	2.5516e-09	-1.68431e-09	-5.7191e-09	-5.06549e-09
2.50118e-06	1.00401e-06	6.86234e-07	5.07844e-07	4.07625e-07	3.28184e-07	2.29976e-07	1.44552e-07	9.28905e-08	6.7022e-08	4.26241e-08	2.68616e-08	1.46689e-08	3.3687e-09	1.44552e-09	-1.45809e-09	7.29046e-10
2.50592e-06	9.99799e-07	6.84201e-07	5.08924e-07	4.06046e-07	3.27376e-07	2.28243e-07	1.42773e-07	9.42182e-08	6.65284e-08	4.2182e-08	2.6458e-08	1.45299e-08	2.06134e-09	6.66164e-10	2.76521e-10	3.36853e-09
2.5625e-06	1.01007e-06	6.95269e-07	5.1463e-07	4.10045e-07	3.3418e-07	2.35678e-07	1.49318e-07	9.97461e-08	7.41183e-08	4.48832e-08	3.16608e-08	1.9444e-08	6.17129e-09	2.81541e-09	1.25688e-11	-1.11862e-09
2.65644e-06	1.03504e-06	7.02755e-07	5.17671e-07	4.12473e-07	3.34171e-07	2.35408e-07	1.49477e-07	1.00045e-07	7.19547e-08	4.7069e-08	3.1107e-08	1.85385e-08	5.59298e-09	2.9536e-09	-5.65582e-10	-1.03062e-09
2.80017e-06	1.06526e-06	7.23531e-07	5.27814e-07	4.21145e-07	3.40154e-07	2.38663e-07	1.51463e-07	1.0281e-07	7.41164e-08	4.95576e-08	3.23513e-08	2.05998e-08	8.73511e-09	4.47439e-09	8.92363e-10	1.05575e-09
2.93077e-06	1.1097e-06	7.40706e-07	5.33331e-07	4.21575e-07	3.34691e-07	2.32235e-07	1.45665e-07	9.65613e-08	6.75791e-08	4.43028e-08	2.49101e-08	1.41266e-08	3.25516e-09	1.25682e-10	-3.0038e-09	-2.65189e-09
3.11626e-06	1.15883e-06	7.7078e-07	5.48021e-07	4.32449e-07	3.40983e-07	2.32839e-07	1.44766e-07	9.32387e-08	6.67337e-08	4.20259e-08	2.55875e-08	1.45281e-08	3.40581e-09	2.21189e-09	-3.89594e-10	-9.04864e-10
3.30285e-06	1.21332e-06	7.99774e-07	5.64145e-07	4.43295e-07	3.48448e-07	2.38557e-07	1.45155e-07	9.35026e-08	6.5213e-08	4.02162e-08	2.30615e-08	1.13359e-08	-7.28918e-10	-4.02162e-09	-8.70931e-09	-6.53513e-09
3.38061e-06	1.25463e-06	8.23623e-07	5.81748e-07	4.56544e-07	3.57944e-07	2.44665e-07	1.49898e-07	9.78837e-08	6.92563e-08	4.42481e-08	2.93312e-08	1.73675e-08	4.08425e-09	2.67675e-09	-2.04841e-09	5.65511e-10
3.31642e-06	1.25241e-06	8.21462e-07	5.80868e-07	4.51793e-07	3.51937e-07	2.40694e-07	1.44658e-07	9.38497e-08	6.55239e-08	4.08174e-08	2.58376e-08	1.47787e-08	2.29975e-09	2.43798e-09	1.54573e-09	4.27275e-09
3.14921e-06	1.20631e-06	7.93516e-07	5.61787e-07	4.35461e-07	3.38389e-07	2.29806e-07	1.34833e-07	8.59387e-08	5.89093e-08	3.5235e-08	1.86856e-08	9.0475e-09	-1.16864e-09	1.01784e-09	-2.89017e-10	4.41066e-09
2.90843e-06	1.10658e-06	7.42266e-07	5.26966e-07	4.1194e-07	3.24194e-07	2.19233e-07	1.33787e-07	8.3725e-08	5.64324e-08	3.40278e-08	2.22035e-08	1.09321e-08	6.03151e-10	8.92162e-10	-1.50788e-09	6.03151e-10
2.58293e-06	9.92209e-07	6.73138e-07	4.86015e-07	3.80391e-07	3.01556e-07	2.0582e-07	1.24812e-07	8.01166e-08	5.32519e-08	3.11243e-08	1.78051e-08	6.69733e-09	-3.87012e-09	-5.72979e-09	-4.57378e-09	4.02091e-10
2.26501e-06	8.95145e-07	6.08486e-07	4.47767e-07	3.53994e-07	2.83203e-07	1.92546e-07	1.17634e-07	7.78403e-08	5.36401e-08	3.07466e-08	1.5744e-08	6.8605e-09	-3.50564e-09	-6.00608e-09	-7.84057e-09	-3.65642e-09
2.04267e-06	8.34284e-07	5.61178e-07	4.17588e-07	3.29296e-07	2.65291e-07	1.83294e-07	1.12793e-07	7.18073e-08	4.80851e-08	2.77052e-08	1.34694e-08	4.86254e-09	-5.22692e-09	-5.54104e-09	-5.05101e-09	-1.97266e-09
1.89833e-06	7.88033e-07	5.24803e-07	3.94243e-07	3.10863e-07	2.5294e-07	1.76999e-07	1.10532e-07	7.2423e-08	5.04473e-08	2.85345e-08	1.57813e-08	6.96085e-09	-4.09609e-09	-4.02071e-09	-6.42057e-09	-1.94753e-09
1.79908e-06	7.60359e-07	5.00163e-07	3.78527e-07	2.96645e-07	2.41412e-07	1.70411e-07	1.08757e-07	7.20945e-08	4.9755e-08	2.96645e-08	1.49893e-08	5.80475e-09	-6.13142e-09	-6.72195e-09	-6.89785e-09	-5.17653e-09
1.7503e-06	7.45923e-07	4.89748e-07	3.70179e-07	2.89708e-07	2.37694e-07	1.67487e-07	1.0448e-07	6.83217e-08	4.67498e-08	2.65598e-08	1.2212e-08	6.74674e-09	-2.57557e-09	-5.54062e-09	-5.91753e-09	-1.48252e-09
1.76954e-06	7.63085e-07	5.03643e-07	3.84049e-07	3.03591e-07	2.47958e-07	1.74586e-07	1.10762e-07	7.46916e-08	5.0833e-08	3.25527e-08	1.72375e-08	7.87748e-09	-2.17353e-09	-3.00274e-09	-2.52532e-09	-3.21632e-09
1.89963e-06	8.35842e-07	5.53647e-07	4.19115e-07	3.29987e-07	2.70096e-07	1.91622e-07	1.21856e-07	8.03327e-08	5.74541e-08	3.83949e-08	1.97754e-08	9.30975e-09	-1.48252e-09	-2.17353e-09	-3.69375e-09	-5.7542e-09
2.15724e-06	9.57559e-07	6.31244e-07	4.70097e-07	3.6667e-07	2.9655e-07	2.09242e-07	1.30076e-07	8.4305e-08	5.90386e-08	3.75289e-08	1.89843e-08	8.55614e-09	-2.93999e-09	-4.5482e-09	-7.91537e-09	-7.60127e-09
2.48853e-06	1.10789e-06	7.29748e-07	5.35429e-07	4.16327e-07	3.35042e-07	2.35125e-07	1.45384e-07	9.48414e-08	6.71014e-08	4.16604e-08	2.21494e-08	1.12945e-08	1.62068e-09	-2.04784e-09	-5.05051e-09	-4.05799e-09
2.83464e-06	1.26398e-06	8.30657e-07	6.04063e-07	4.68227e-07	3.73398e-07	2.58166e-07	1.57985e-07	9.82964e-08	6.78426e-08	4.23514e-08	2.20363e-08	8.1788e-09	-3.02779e-09	-3.02779e-09	-5.99276e-09	-7.8019e-09
3.20891e-06	1.42121e-06	9.3551e-07	6.73078e-07	5.197e-07	4.10948e-07	2.82107e-07	1.72438e-07	1.09481e-07	7.71164e-08	4.74156e-08	2.59819e-08	1.25386e-08	2.26148e-09	-9.79973e-10	-6.99801e-09	-7.50057e-09
3.5174e-06	1.56568e-06	1.02461e-06	7.29716e-07	5.62731e-07	4.42395e-07	2.97774e-07	1.76948e-07	1.13903e-07	7.80084e-08	4.58326e-08	2.79669e-08	1.44609e-08	-3.98271e-09	-5.86728e-09	-7.81466e-09	-4.6109e-09
3.71247e-06	1.68132e-06	1.09866e-06	7.79129e-07	5.96766e-07	4.67435e-07	3.13805e-07	1.85403e-07	1.19004e-07	8.04332e-08	4.77046e-08	2.92107e-08	1.43855e-08	3.20376e-09	-2.38711e-10	-3.4676e-09	-1.20612e-09
3.76716e-06	1.72562e-06	1.12333e-06	7.95977e-07	6.0786e-07	4.72548e-07	3.14546e-07	1.8431e-07	1.15712e-07	7.47418e-08	4.43626e-08	2.44993e-08	9.97563e-09	-2.58813e-09	-3.95758e-09	-5.85471e-09	-4.64859e-09
3.71702e-06	1.70594e-06	1.11494e-06	7.89187e-07	6.053e-07	4.69218e-07	3.0934e-07	1.81664e-07	1.13931e-07	7.53593e-08	4.36099e-08	2.48517e-08	1.06669e-08	-3.99538e-09	-3.66871e-09	-5.32717e-09	-2.29923e-09
3.54955e-06	1.59854e-06	1.04511e-06	7.41764e-07	5.67483e-07	4.44516e-07	2.94019e-07	1.73389e-07	1.08305e-07	7.2685e-08	4.42392e-08	2.56691e-08	1.13582e-08	-1.04284e-09	-4.18394e-09	-7.87787e-09	-4.30959e-09
3.37475e-06	1.45344e-06	9.50584e-07	6.74381e-07	5.19839e-07	4.08292e-07	2.73992e-07	1.64531e-07	1.04724e-07	7.20819e-08	4.61616e-08	2.75035e-08	1.5027e-08	3.32956e-09	-1.20618e-09	-3.75675e-09	-3.53059e-09
3.18206e-06	1.33104e-06	8.66035e-07	6.14113e-07	4.73287e-07	3.71199e-07	2.50025e-07	1.48163e-07	9.30291e-08	6.05493e-08	3.72292e-08	2.04679e-08	8.04141e-09	-2.92758e-09	-4.07097e-09	-5.25205e-09	-1.59572e-09
3.08026e-06	1.23776e-06	8.0441e-07	5.66943e-07	4.39012e-07	3.44666e-07	2.33183e-07	1.39955e-07	8.83528e-08	6.07111e-08	3.62483e-08	2.01282e-08	9.12175e-09	-7.78992e-10	-2.90237e-09	-3.94522e-09	-2.13595e-09
3.05853e-06	1.16195e-06	7.51231e-07	5.26109e-07	4.10489e-07	3.21192e-07	2.17847e-07	1.32533e-07	8.26004e-08	5.69307e-08	3.37237e-08	1.74775e-08	4.08353e-09	-5.57873e-09	-9.17224e-09	-9.75021e-09	-6.99854e-09
3.01466e-06	1.10826e-06	7.23867e-07	5.06772e-07	4.00493e-07	3.14479e-07	2.16454e-07	1.33405e-07	8.34632e-08	5.95914e-08	3.65489e-08	2.07684e-08	9.49844e-09	-3.89486e-10	-2.85205e-09	-5.1764e-09	-3.41743e-09
2.91964e-06	1.08203e-06	7.07088e-07	4.98718e-07	3.92115e-07	3.07825e-07	2.09752e-07	1.27296e-07	7.92396e-08	5.54062e-08	3.30176e-08	1.77275e-08	6.04317e-09	-4.07066e-09	-6.04317e-09	-7.24929e-09	-2.55044e-09
2.80708e-06	1.0887e-06	7.14406e-07	5.08028e-07	3.97678e-07	3.13964e-07	2.1418e-07	1.31483e-07	8.4707e-08	5.86365e-08	3.53679e-08	1.97633e-08	9.00844e-09	-1.48256e-09	-3.51794e-09	-2.78923e-09	8.04101e-10
2.66487e-06	1.09771e-06	7.20964e-07	5.16446e-07	4.02666e-07	3.19467e-07	2.17962e-07	1.32815e-07	8.60765e-08	5.97422e-08	3.54056e-08	1.99518e-08	7.92793e-09	-1.9223e-09	-4.62358e-09	-3.98281e-09	-4.0205e-09
2.59437e-06	1.11084e-06	7.31223e-07	5.27213e-07	4.09164e-07	3.25427e-07	2.20846e-07	1.34583e-07	8.83358e-08	6.16378e-08	3.7528e-08	2.18986e-08	1.00133e-08	9.54846e-10	-1.7338e-09	-5.49036e-09	-3.25401e-09
2.59763e-06	1.11718e-06	7.3493e-07	5.28658e-07	4.09993e-07	3.25917e-07	2.21549e-07	1.34922e-07	8.57225e-08	5.97658e-08	3.96135e-08	2.16348e-08	1.11943e-08	1.41971e-09	-2.23635e-09	-4.39732e-09	-3.4676e-09
2.57736e-06	1.09631e-06	7.2023e-07	5.19248e-07	4.01864e-07	3.17662e-07	2.14187e-07	1.2849e-07	8.17147e-08	5.60721e-08	3.4475e-08	1.79034e-08	7.16134e-09	-3.1535e-09	-4.43501e-09	-2.63839e-09	1.84687e-09
2.50271e-06	1.06151e-06	6.98168e-07	5.09687e-07	3.97517e-07	3.17386e-07	2.1768e-07	1.34432e-07	8.45415e-08	5.79818e-08	3.57942e-08	1.9612e-08	9.96306e-09	-1.06792e-09	1.62073e-09	-4.24655e-09	-1.88456e-10
2.4238e-06	9.9902e-07	6.63894e-07	4.86356e-07	3.83798e-07	3.07485e-07	2.16285e-07	1.34457e-07	8.73181e-08	6.42888e-08	3.66108e-08	2.21373e-08	1.10184e-08	3.0153e-10	-7.28698e-10	-3.79426e-09	-4.78679e-09
2.32093e-06	9.50046e-07	6.32485e-07	4.67246e-07	3.72654e-07	2.98754e-07	2.08684e-07	1.28062e-07	8.16393e-08	5.81828e-08	3.17109e-08	1.62575e-08	4.89987e-09	-3.29171e-09	-8.25439e-09	-9.41026e-09	-1.01264e-08
2.23674e-06	9.17946e-07	6.13049e-07	4.51768e-07	3.59751e-07	2.91517e-07	1.99198e-07	1.22798e-07	7.83727e-08	5.10717e-08	2.99771e-08	1.2011e-08	8.92027e-10	-9.90024e-09	-1.13702e-08	-1.16717e-08	-7.03571e-09
2.19405e-06	9.11403e-07	6.11212e-07	4.51518e-07	3.60043e-07	2.91937e-07	2.03515e-07	1.26941e-07	8.2969e-08	5.51284e-08	3.2866e-08	1.73501e-08	6.21891e-09	-8.94517e-09	-1.17719e-08	-1.29027e-08	-4.64847e-09
2.21956e-06	9.04543e-07	6.0292e-07	4.48427e-07	3.54855e-07	2.85781e-07	2.03854e-07	1.29994e-07	8.1876e-08	5.55304e-08	3.22629e-08	2.00889e-08	7.92753e-09	-4.95e-09	-5.54048e-09	-7.70139e-09	-5.28921e-09
2.28945e-06	8.99043e-07	5.95568e-07	4.35413e-07	3.46202e-07	2.77884e-07	1.95457e-07	1.23759e-07	7.83688e-08	5.20616e-08	3.13576e-08	1.52642e-08	4.43478e-09	-5.4524e-09	-6.45745e-09	-8.66856e-09	-6.68359e-09
2.36421e-06	9.1142e-07	6.00854e-07	4.36181e-07	3.4642e-07	2.77663e-07	1.94912e-07	1.23606e-07	8.11809e-08	5.6005e-08	3.43719e-08	1.9598e-08	8.32915e-09	-3.01508e-09	-2.9397e-09	-4.78643e-09	-2.18593e-09
2.41808e-06	9.33957e-07	6.08882e-07	4.37688e-07	3.49937e-07	2.81394e-07	1.9657e-07	1.22048e-07	8.05025e-08	5.60804e-08	3.29899e-08	1.8794e-08	8.41709e-09	-2.71357e-09	-3.16583e-09	-7.58794e-09	-3.32915e-09
2.46618e-06	9.70389e-07	6.26473e-07	4.44157e-07	3.51253e-07	2.87608e-07	1.9645e-07	1.2185e-07	7.83311e-08	5.22249e-08	3.1747e-08	1.8606e-08	7.23636e-09	-2.87696e-09	-4.74886e-09	-9.77411e-09	-2.07292e-09
2.48295e-06	9.95163e-07	6.34783e-07	4.52401e-07	3.54752e-07	2.83284e-07	1.96339e-07	1.22597e-07	7.88799e-08	5.42826e-08	3.14691e-08	1.66202e-08	6.92194e-09	-3.618e-09	-5.3265e-09	-8.76862e-09	-1.82156e-09
2.47949e-06	1.01322e-06	6.44453e-07	4.63055e-07	3.59253e-07	2.87385e-07	1.96661e-07	1.22858e-07	7.8677e-08	5.40676e-08	3.15688e-08	1.79639e-08	6.65796e-09	-2.67574e-09	-2.55012e-09	-3.89428e-09	-3.04005e-09
2.47074e-06	1.01266e-06	6.47342e-07	4.61158e-07	3.63826e-07	2.89031e-07	1.96937e-07	1.21627e-07	7.74459e-08	5.27109e-08	2.89558e-08	1.45973e-08	4.40933e-09	-4.76107e-09	-4.08271e-09	-4.72338e-09	-2.28632e-09
2.44331e-06	1.01487e-06	6.49867e-07	4.6759e-07	3.6473e-07	2.91706e-07	1.99764e-07	1.22758e-07	7.88779e-08	5.31255e-08	3.22094e-08	1.74489e-08	5.50224e-09	-1.89689e-09	-3.16567e-09	-5.12537e-09	-5.48967e-09
2.35898e-06	1.00227e-06	6.37728e-07	4.60895e-07	3.60965e-07	2.8773e-07	1.96317e-07	1.21323e-07	7.37005e-08	4.83506e-08	2.67693e-08	1.34538e-08	1.65817e-09	-7.76323e-09	-8.61744e-09	-9.09479e-09	-5.41416e-09
2.29165e-06	9.94724e-07	6.37989e-07	4.61486e-07	3.59587e-07	2.88526e-07	1.97241e-07	1.21533e-07	7.68641e-08	5.22561e-08	2.97834e-08	1.70209e-08	5.15024e-09	-4.35886e-09	-6.99678e-09	-8.29062e-09	-9.59703e-09
2.25516e-06	9.73835e-07	6.22296e-07	4.49366e-07	3.49152e-07	2.79676e-07	1.88419e-07	1.12888e-07	7.11845e-08	4.64263e-08	2.58385e-08	1.26994e-08	2.06004e-09	-5.8661e-09	-5.56463e-09	-7.22271e-09	-6.23037e-09
2.25066e-06	9.61663e-07	6.16543e-07	4.45698e-07	3.46904e-07	2.76159e-07	1.87188e-07	1.13491e-07	7.01545e-08	4.59364e-08	2.59892e-08	1.30009e-08	1.88419e-09	-5.23804e-09	-6.94636e-09	-7.14734e-09	-5.3134e-09
2.28925e-06	9.36531e-07	5.985e-07	4.28153e-07	3.32806e-07	2.62592e-07	1.75999e-07	1.05999e-07	6.36446e-08	4.07968e-08	2.02351e-08	7.461e-09	-2.5498e-09	-9.0562e-09	-8.57889e-09	-6.36823e-09	-3.81842e-09
2.36538e-06	9.04879e-07	5.80714e-07	4.0837e-07	3.19102e-07	2.5081e-07	1.67822e-07	9.89148e-08	5.84445e-08	3.66518e-08	1.75095e-08	5.56435e-09	-3.96915e-09	-1.00736e-08	-9.29485e-09	-9.44557e-09	-4.63486e-09
2.55307e-06	8.8442e-07	5.78225e-07	3.9992e-07	3.1672e-07	2.48405e-07	1.69627e-07	1.00796e-07	6.32159e-08	4.04065e-08	2.18423e-08	9.55838e-09	-6.78256e-10	-8.57868e-09	-8.49076e-09	-9.7091e-09	-6.46855e-09
2.84355e-06	9.37285e-07	5.93501e-07	4.00847e-07	3.15271e-07	2.42608e-07	1.61969e-07	9.42925e-08	5.67991e-08	3.60741e-08	1.55123e-08	5.84068e-09	-5.28801e-09	-1.4608e-08	-1.51481e-08	-1.43065e-08	-1.07016e-08
2.99794e-06	1.04297e-06	6.37004e-07	4.22744e-07	3.23633e-07	2.46929e-07	1.61873e-07	9.19641e-08	5.5088e-08	3.4025e-08	1.63154e-08	3.76799e-09	-4.50903e-09	-1.23841e-08	-1.32508e-08	-1.32759e-08	-8.11374e-09
2.9525e-06	1.09994e-06	6.64067e-07	4.39538e-07	3.30809e-07	2.51193e-07	1.62497e-07	9.22507e-08	5.52499e-08	3.29817e-08	1.65913e-08	2.54961e-09	-5.08666e-09	-1.33007e-08	-1.4519e-08	-1.55489e-08	-9.52022e-09
2.797e-06	1.07786e-06	6.56251e-07	4.39803e-07	3.29821e-07	2.52116e-07	1.61714e-07	9.27005e-08	5.56002e-08	3.42744e-08	1.89646e-08	5.33772e-09	-3.21519e-09	-1.1542e-08	-1.28482e-08	-1.34008e-08	-9.31903e-09
2.60672e-06	1.02528e-06	6.42025e-07	4.36109e-07	3.30432e-07	2.51884e-07	1.64883e-07	9.27656e-08	5.53253e-08	3.77041e-08	2.09621e-08	6.19191e-09	5.90304e-10	-6.90781e-09	-8.9676e-09	-1.16428e-08	-9.08063e-09
2.44612e-06	9.66028e-07	6.23267e-07	4.27509e-07	3.23922e-07	2.49272e-07	1.65001e-07	9.39541e-08	5.82237e-08	3.74761e-08	1.85497e-08	8.96715e-09	-7.53542e-11	-8.28896e-09	-1.04114e-08	-1.29107e-08	-1.16925e-08
2.31856e-06	9.28148e-07	6.0575e-07	4.22747e-07	3.21029e-07	2.46678e-07	1.62769e-07	9.51998e-08	5.68059e-08	3.59072e-08	1.84371e-08	6.84484e-09	-2.66258e-09	-1.01731e-08	-1.07257e-08	-1.3539e-08	-1.25217e-08
2.28412e-06	9.22536e-07	6.01766e-07	4.22687e-07	3.23659e-07	2.49799e-07	1.65541e-07	9.60514e-08	5.71561e-08	3.73882e-08	1.96549e-08	7.04561e-09	-2.26062e-09	-8.87923e-09	-9.83372e-09	-1.0851e-08	-9.18065e-09
2.2786e-06	9.34128e-07	6.04554e-07	4.27673e-07	3.27803e-07	2.54923e-07	1.68517e-07	9.56747e-08	5.90149e-08	3.75641e-08	1.914e-08	5.639e-09	-3.49141e-09	-1.25088e-08	-1.51964e-08	-1.65402e-08	-1.31367e-08
2.28509e-06	9.44147e-07	6.09432e-07	4.33723e-07	3.32643e-07	2.61241e-07	1.76363e-07	1.03617e-07	6.53228e-08	4.25019e-08	2.3273e-08	9.64582e-09	-1.02989e-09	-9.52022e-09	-1.23838e-08	-1.42175e-08	-1.10148e-08
2.31573e-06	9.59798e-07	6.21574e-07	4.41034e-07	3.41489e-07	2.67062e-07	1.83869e-07	1.09317e-07	6.77451e-08	4.62184e-08	2.5395e-08	1.12155e-08	1.16802e-09	-8.55291e-09	-1.13913e-08	-1.33757e-08	-1.0889e-08
2.3187e-06	9.72595e-07	6.30482e-07	4.51783e-07	3.50603e-07	2.75232e-07	1.89111e-07	1.13853e-07	7.15775e-08	4.90957e-08	2.83597e-08	1.23587e-08	1.82115e-09	-6.17935e-09	-9.4323e-09	-1.1266e-08	-1.00226e-08
2.33975e-06	9.83924e-07	6.46094e-07	4.657e-07	3.65725e-07	2.90404e-07	1.99096e-07	1.21251e-07	7.83095e-08	5.28134e-08	3.20774e-08	1.52474e-08	5.73976e-09	-3.71766e-09	-7.78699e-09	-9.74629e-09	-9.45742e-09
2.37356e-06	1.00421e-06	6.65754e-07	4.85066e-07	3.83632e-07	3.02268e-07	2.11296e-07	1.27057e-07	8.13007e-08	5.55779e-08	3.27313e-08	1.57753e-08	4.08199e-09	-5.52639e-09	-8.40262e-09	-9.6963e-09	-9.79678e-09
2.37741e-06	1.03246e-06	6.95727e-07	5.12133e-07	4.06225e-07	3.23377e-07	2.23623e-07	1.33868e-07	8.61887e-08	5.74884e-08	3.49427e-08	1.59516e-08	2.28597e-09	-7.6869e-09	-1.33013e-08	-1.50347e-08	-1.01487e-08
2.39572e-06	1.08012e-06	7.39154e-07	5.48459e-07	4.35627e-07	3.49499e-07	2.44706e-07	1.47951e-07	9.64529e-08	6.66843e-08	4.06838e-08	2.10265e-08	8.89291e-09	-2.0097e-09	-8.29e-09	-1.05007e-08	-7.12186e-09
2.45463e-06	1.13452e-06	7.81514e-07	5.81554e-07	4.62181e-07	3.71659e-07	2.63791e-07	1.61525e-07	1.0528e-07	7.0928e-08	4.51291e-08	2.42037e-08	1.05758e-08	-7.53617e-11	-5.1246e-09	-8.22699e-09	-7.52361e-09
2.54233e-06	1.1719e-06	8.13111e-07	6.05861e-07	4.83483e-07	3.89442e-07	2.78167e-07	1.7144e-07	1.13284e-07	7.78758e-08	5.02927e-08	2.81986e-08	1.49094e-08	2.65029e-09	-3.42905e-09	-7.29771e-09	-8.45329e-09
2.64412e-06	1.20505e-06	8.40849e-07	6.26454e-07	5.02223e-07	4.06946e-07	2.87602e-07	1.82716e-07	1.1903e-07	8.666e-08	5.64502e-08	3.26467e-08	1.94699e-08	4.49692e-09	-5.15011e-10	-6.4816e-09	-7.05941e-09
2.78147e-06	1.27927e-06	8.90313e-07	6.607e-07	5.28326e-07	4.23726e-07	2.9688e-07	1.87054e-07	1.22136e-07	8.7755e-08	5.5095e-08	3.29238e-08	1.63175e-08	3.50467e-09	4.0197e-10	-6.53201e-10	-3.24088e-09
3.0286e-06	1.40842e-06	9.68873e-07	7.12096e-07	5.65318e-07	4.51966e-07	3.15689e-07	1.96571e-07	1.29858e-07	8.98505e-08	5.77063e-08	3.27346e-08	1.53373e-08	1.04258e-09	-2.43688e-09	-6.80819e-09	-6.98405e-09
3.41358e-06	1.58831e-06	1.08033e-06	7.82987e-07	6.13682e-07	4.88896e-07	3.39187e-07	2.07617e-07	1.36795e-07	9.49653e-08	5.82856e-08	3.18812e-08	1.33906e-08	-1.00492e-09	-6.19284e-09	-1.18707e-08	-1.14436e-08
3.79248e-06	1.78371e-06	1.20481e-06	8.67862e-07	6.77524e-07	5.34256e-07	3.71693e-07	2.26767e-07	1.49122e-07	1.05067e-07	6.79974e-08	3.83388e-08	1.97221e-08	5.72821e-09	-4.0198e-09	-9.59727e-09	-1.11047e-08
4.15744e-06	1.95343e-06	1.30226e-06	9.27227e-07	7.20378e-07	5.66429e-07	3.90998e-07	2.37777e-07	1.57128e-07	1.11577e-07	7.28355e-08	4.30883e-08	2.43455e-08	9.00709e-09	-2.63806e-10	-4.27114e-09	-8.01467e-09
4.46033e-06	2.04555e-06	1.35623e-06	9.56309e-07	7.42111e-07	5.80323e-07	3.98598e-07	2.40654e-07	1.56964e-07	1.10962e-07	7.00719e-08	4.07015e-08	2.16949e-08	7.68806e-09	8.29104e-10	-2.87674e-09	-1.77127e-09
4.55422e-06	2.07151e-06	1.37617e-06	9.73003e-07	7.5603e-07	5.92927e-07	4.07362e-07	2.47349e-07	1.62249e-07	1.15804e-07	7.33543e-08	4.45729e-08	2.62814e-08	1.05402e-08	3.39196e-09	-1.99749e-09	-3.41709e-09
4.65165e-06	2.06555e-06	1.37447e-06	9.67224e-07	7.54837e-07	5.93442e-07	4.02601e-07	2.43128e-07	1.60955e-07	1.12173e-07	7.28894e-08	4.25879e-08	2.43216e-08	8.19095e-09	-2.73869e-09	-9.97487e-09	-1.05528e-08
4.70953e-06	2.05534e-06	1.36772e-06	9.61054e-07	7.50597e-07	5.87263e-07	4.0192e-07	2.42795e-07	1.59514e-07	1.09814e-07	7.17103e-08	4.2099e-08	2.24629e-08	7.08561e-09	-1.94729e-09	-6.04287e-09	-5.2137e-09
4.65248e-06	2.02454e-06	1.35223e-06	9.51129e-07	7.43046e-07	5.84324e-07	4.03503e-07	2.4777e-07	1.62956e-07	1.12201e-07	7.54165e-08	4.65715e-08	2.71112e-08	1.38571e-08	4.57298e-09	2.38699e-10	0
4.42104e-06	1.9403e-06	1.29726e-06	9.15647e-07	7.17466e-07	5.63095e-07	3.88811e-07	2.40433e-07	1.58944e-07	1.10059e-07	7.30206e-08	4.43501e-08	2.42983e-08	9.41026e-09	1.872e-09	-3.49273e-09	-3.24145e-09
4.18381e-06	1.80988e-06	1.21319e-06	8.56807e-07	6.73384e-07	5.30568e-07	3.68253e-07	2.26618e-07	1.50895e-07	1.06016e-07	6.8336e-08	4.23535e-08	2.18364e-08	9.2346e-09	2.14846e-09	-3.2164e-09	-2.85205e-09
4.01444e-06	1.69373e-06	1.12915e-06	7.97367e-07	6.29762e-07	4.96671e-07	3.48088e-07	2.16517e-07	1.43896e-07	1.03164e-07	6.64388e-08	4.10845e-08	2.27787e-08	9.29742e-09	2.12333e-09	-1.93487e-09	-8.41793e-10
3.81827e-06	1.57171e-06	1.04709e-06	7.41017e-07	5.86851e-07	4.6628e-07	3.29527e-07	2.07083e-07	1.38914e-07	9.98166e-08	6.61214e-08	3.88713e-08	2.19106e-08	6.15609e-09	-2.12322e-09	-6.67119e-09	-5.21383e-09
3.48171e-06	1.44778e-06	9.69959e-07	6.94246e-07	5.53663e-07	4.45621e-07	3.16459e-07	2.01621e-07	1.35884e-07	1.01093e-07	6.78477e-08	4.43523e-08	2.7026e-08	1.23131e-08	2.99033e-09	-2.51288e-10	-2.33698e-09
3.15567e-06	1.34665e-06	9.14575e-07	6.6051e-07	5.33585e-07	4.27302e-07	3.08896e-07	1.99259e-07	1.37266e-07	9.94849e-08	6.69933e-08	4.5659e-08	2.81568e-08	1.29665e-08	5.00063e-09	8.41814e-10	-3.1411e-10
2.88501e-06	1.26853e-06	8.67634e-07	6.35231e-07	5.0985e-07	4.10743e-07	2.94057e-07	1.89371e-07	1.27943e-07	9.08657e-08	5.95427e-08	3.75675e-08	2.22892e-08	6.62143e-09	-1.16849e-09	-4.35984e-09	-4.35984e-09
2.64296e-06	1.19366e-06	8.2525e-07	6.12844e-07	4.9226e-07	3.99533e-07	2.85118e-07	1.8401e-07	1.23499e-07	8.87445e-08	5.85767e-08	3.60481e-08	2.13349e-08	9.24763e-09	1.00518e-09	-3.16631e-09	-2.67628e-09
2.45468e-06	1.13386e-06	7.98613e-07	5.99123e-07	4.87146e-07	3.98653e-07	2.87166e-07	1.86611e-07	1.25999e-07	9.05036e-08	6.04614e-08	4.04961e-08	2.21641e-08	9.09685e-09	4.52329e-10	-3.24169e-09	-4.28457e-09
2.32029e-06	1.07134e-06	7.73069e-07	5.87752e-07	4.80035e-07	3.94331e-07	2.86211e-07	1.86774e-07	1.28901e-07	9.32427e-08	6.25722e-08	3.91642e-08	2.32698e-08	1.03031e-08	3.07835e-09	-1.83445e-09	-2.83962e-09
2.21763e-06	1.02778e-06	7.51074e-07	5.77262e-07	4.74644e-07	3.90785e-07	2.87249e-07	1.87294e-07	1.29043e-07	9.57957e-08	6.3956e-08	4.07484e-08	2.27553e-08	1.25148e-08	4.39776e-09	-2.12349e-09	-1.55806e-09
2.15963e-06	1.0039e-06	7.39421e-07	5.69533e-07	4.68513e-07	3.88048e-07	2.86413e-07	1.86925e-07	1.25836e-07	9.20114e-08	5.97201e-08	3.56838e-08	2.02543e-08	9.37327e-09	9.29788e-10	-3.01553e-09	-2.27421e-09
2.13841e-06	1.00967e-06	7.49051e-07	5.80751e-07	4.82259e-07	4.01646e-07	2.9809e-07	1.9716e-07	1.37618e-07	1.01319e-07	6.8099e-08	4.40005e-08	2.73401e-08	1.318e-08	3.01545e-09	-1.4826e-09	-2.27416e-09
2.14239e-06	1.02195e-06	7.60874e-07	5.90891e-07	4.90413e-07	4.07074e-07	3.03242e-07	2.00113e-07	1.40168e-07	1.01646e-07	6.88277e-08	4.31713e-08	2.73276e-08	1.35695e-08	2.58826e-09	-3.25418e-09	-5.5409e-09
2.17559e-06	1.04981e-06	7.80927e-07	6.05918e-07	5.03103e-07	4.16899e-07	3.0833e-07	2.02337e-07	1.40684e-07	1.03392e-07	6.94811e-08	4.44779e-08	2.65988e-08	1.33685e-08	1.10567e-09	-3.26674e-09	-3.92009e-09
2.21164e-06	1.09749e-06	8.1011e-07	6.28436e-07	5.18194e-07	4.2818e-07	3.16518e-07	2.08109e-07	1.44645e-07	1.06008e-07	7.17445e-08	4.6414e-08	2.93637e-08	1.48138e-08	2.73911e-09	5.40282e-10	-2.09831e-09
2.30358e-06	1.16146e-06	8.51025e-07	6.57004e-07	5.38764e-07	4.45291e-07	3.25907e-07	2.13435e-07	1.46612e-07	1.07182e-07	7.19743e-08	4.43556e-08	2.69024e-08	1.29297e-08	3.49316e-09	-2.29946e-09	-2.91516e-09
2.48909e-06	1.25548e-06	9.08876e-07	6.95366e-07	5.66659e-07	4.68951e-07	3.4086e-07	2.23738e-07	1.54554e-07	1.11442e-07	7.58695e-08	4.91179e-08	2.90385e-08	1.41109e-08	5.95597e-09	2.09841e-09	2.03559e-09
2.68404e-06	1.35853e-06	9.67255e-07	7.31692e-07	5.91564e-07	4.84457e-07	3.48877e-07	2.2502e-07	1.54302e-07	1.10236e-07	7.44622e-08	4.52352e-08	2.58972e-08	1.2691e-08	1.09318e-09	-4.08374e-09	-2.66385e-09
2.87159e-06	1.47215e-06	1.03611e-06	7.79385e-07	6.2636e-07	5.09487e-07	3.66289e-07	2.38722e-07	1.64334e-07	1.20379e-07	8.26066e-08	5.32156e-08	3.38393e-08	1.90495e-08	8.82109e-09	1.90998e-09	-7.16242e-10
3.01088e-06	1.54717e-06	1.07808e-06	8.04705e-07	6.4507e-07	5.25395e-07	3.76191e-07	2.4346e-07	1.66897e-07	1.21862e-07	8.29962e-08	5.49119e-08	3.39147e-08	1.95396e-08	8.6703e-09	1.54558e-09	9.80121e-10
3.08477e-06	1.56424e-06	1.08839e-06	8.07062e-07	6.44823e-07	5.24466e-07	3.72719e-07	2.40877e-07	1.66047e-07	1.17039e-07	8.00327e-08	5.27394e-08	3.08118e-08	1.69389e-08	6.52174e-09	8.92184e-10	-3.26715e-10
3.0754e-06	1.53227e-06	1.06612e-06	7.89376e-07	6.30124e-07	5.12277e-07	3.65855e-07	2.33984e-07	1.58964e-07	1.15949e-07	7.89917e-08	5.21124e-08	3.22325e-08	1.78693e-08	6.99942e-09	5.90615e-10	9.67604e-10
3.03578e-06	1.48075e-06	1.02809e-06	7.61203e-07	6.08158e-07	4.92171e-07	3.49808e-07	2.20061e-07	1.50456e-07	1.07165e-07	7.203e-08	4.74e-08	2.98575e-08	1.50293e-08	5.60456e-09	1.59592e-09	1.53309e-09
2.95422e-06	1.4172e-06	9.86416e-07	7.28047e-07	5.80183e-07	4.67102e-07	3.29882e-07	2.09512e-07	1.42184e-07	1.03368e-07	6.81955e-08	4.35914e-08	2.6087e-08	1.2855e-08	3.43051e-09	-2.01056e-09	-1.09324e-09
2.8502e-06	1.37642e-06	9.57388e-07	7.02744e-07	5.61537e-07	4.51494e-07	3.21596e-07	2.04906e-07	1.41195e-07	1.04602e-07	6.92277e-08	4.73875e-08	3.20817e-08	1.99176e-08	1.00405e-08	3.56883e-09	1.92264e-09
2.81606e-06	1.35387e-06	9.32144e-07	6.82018e-07	5.40098e-07	4.33011e-07	3.05441e-07	1.94961e-07	1.3188e-07	9.74365e-08	6.67379e-08	4.23222e-08	2.69666e-08	1.51169e-08	7.7909e-09	1.13094e-09	3.39281e-10
2.82585e-06	1.33011e-06	9.08696e-07	6.52991e-07	5.12805e-07	4.04649e-07	2.83576e-07	1.77017e-07	1.20432e-07	8.7233e-08	5.79794e-08	3.69942e-08	2.08218e-08	1.00779e-08	1.04298e-09	-3.5436e-09	-4.7625e-09
2.77414e-06	1.27536e-06	8.68447e-07	6.18761e-07	4.84732e-07	3.81138e-07	2.65959e-07	1.66248e-07	1.1136e-07	7.8864e-08	5.24378e-08	3.23071e-08	1.83338e-08	7.12491e-09	5.02639e-11	-4.25986e-09	-4.39809e-09
2.66871e-06	1.16515e-06	8.10178e-07	5.80385e-07	4.60756e-07	3.64388e-07	2.5671e-07	1.62428e-07	1.13659e-07	8.01081e-08	5.78412e-08	3.7057e-08	2.20784e-08	1.33702e-08	5.60442e-09	-1.16864e-09	-4.2096e-09
2.44599e-06	1.02746e-06	7.30793e-07	5.27092e-07	4.23362e-07	3.36445e-07	2.41663e-07	1.52949e-07	1.05677e-07	7.83217e-08	5.29014e-08	3.32487e-08	2.02181e-08	9.73838e-09	1.2063e-09	-3.26707e-09	-3.50582e-09
2.16639e-06	9.20346e-07	6.66143e-07	4.88842e-07	3.95868e-07	3.19017e-07	2.29587e-07	1.47169e-07	1.04132e-07	7.46526e-08	5.18333e-08	3.33995e-08	1.99417e-08	1.00777e-08	1.65867e-09	-4.07127e-09	-5.31527e-09
1.94891e-06	8.63691e-07	6.2456e-07	4.64352e-07	3.76307e-07	3.06079e-07	2.22118e-07	1.44991e-07	1.00447e-07	7.4236e-08	5.20456e-08	3.36123e-08	2.067e-08	1.12837e-08	3.54343e-09	-1.47014e-09	-2.32459e-09
